100 13.8576 0
200 13.9944 0.136751
300 14.0059 0.0797921
400 13.5147 0.494408
500 13.937 0.57005
600 14.4047 0.659835
700 15.126 0.911798
800 14.6563 0.918781
900 14.7912 0.821443
1000 15.0341 0.773807
1100 15.1852 0.716068
1200 15.2213 0.654672
1300 15.4203 0.634231
1400 15.6798 0.642001
1500 15.4623 0.636028
1600 15.3166 0.612522
1700 15.3681 0.577663
1800 15.2145 0.565874
1900 15.2028 0.535392
2000 15.0699 0.525014
2100 14.9599 0.511356
2200 15.0779 0.50163
2300 14.99 0.487325
2400 15.1652 0.49839
2500 15.1199 0.480179
2600 14.9719 0.484504
2700 15.0237 0.469083
2800 15.1185 0.461855
2900 15.0996 0.446044
3000 15.1903 0.440362
3100 15.1575 0.42718
3200 15.1061 0.416795
3300 15.1285 0.404589
3400 15.0836 0.395075
3500 14.9989 0.392863
3600 15.0022 0.381809
3700 15.0355 0.372842
3800 14.9693 0.368901
3900 14.8835 0.369407
4000 14.8586 0.360913
4100 14.8732 0.3523
4200 14.8701 0.343823
4300 14.9654 0.348993
4400 15.0374 0.348483
4500 15.0143 0.341431
4600 15.0247 0.334087
4700 15.0428 0.327404
4800 15.038 0.320547
4900 15.0131 0.314929
5000 14.9938 0.309166
5100 14.9973 0.303064
5200 15.0253 0.298494
5300 15.0371 0.293046
5400 15.0044 0.289431
5500 15.0224 0.28469
5600 15.0506 0.28098
5700 15.063 0.276287
5800 15.1341 0.280628
5900 15.1564 0.276731
6000 15.1649 0.272213
6100 15.1612 0.267739
6200 15.2049 0.266996
6300 15.1945 0.262929
6400 15.1506 0.262483
6500 15.145 0.258474
6600 15.1687 0.255622
6700 15.1604 0.251915
6800 15.2015 0.251568
6900 15.2311 0.249661
7000 15.226 0.246123
7100 15.2738 0.247293
7200 15.2818 0.243965
7300 15.2456 0.243309
7400 15.2039 0.243584
7500 15.2045 0.240315
7600 15.2066 0.237141
7700 15.2096 0.234061
7800 15.2134 0.231072
7900 15.2031 0.22836
8000 15.21 0.225594
8100 15.2605 0.228426
8200 15.2706 0.225851
8300 15.2325 0.226336
8400 15.1998 0.226006
8500 15.2035 0.223362
8600 15.2193 0.221312
8700 15.2072 0.219085
8800 15.1954 0.216902
8900 15.2152 0.215355
9000 15.2733 0.220732
9100 15.2745 0.218296
9200 15.2292 0.220608
9300 15.2421 0.2186
9400 15.1938 0.221582
9500 15.1724 0.220277
9600 15.18 0.218101
9700 15.1829 0.21586
9800 15.1572 0.215178
9900 15.1267 0.215164
10000 15.1173 0.21321
