100 19.9457 0
200 18.3913 1.55433
300 16.7265 1.8913
400 16.5149 1.35399
500 16.1685 1.1045
600 16.3214 0.914694
700 16.1383 0.794454
800 16.1577 0.688291
900 15.871 0.671339
1000 15.8803 0.600536
1100 15.739 0.561278
1200 15.3943 0.617533
1300 15.4292 0.569118
1400 15.4099 0.527254
1500 15.406 0.490862
1600 15.5403 0.478408
1700 15.652 0.463064
1800 15.5861 0.441531
1900 15.6048 0.418063
2000 15.5639 0.398706
2100 15.4173 0.406612
2200 15.211 0.439152
2300 15.2055 0.419661
2400 15.3254 0.419303
2500 15.5039 0.440021
2600 15.4446 0.426891
2700 15.4856 0.412817
2800 15.4419 0.400196
2900 15.4764 0.387685
3000 15.431 0.377273
3100 15.3914 0.367041
3200 15.3328 0.360184
3300 15.3895 0.353669
3400 15.4778 0.354277
3500 15.5501 0.351526
3600 15.5752 0.342541
3700 15.5569 0.333654
3800 15.4751 0.334906
3900 15.385 0.338419
4000 15.4201 0.331712
4100 15.388 0.325112
4200 15.3772 0.317459
4300 15.3464 0.311518
4400 15.2922 0.309148
4500 15.2356 0.307449
4600 15.2536 0.301229
4700 15.2682 0.295112
4800 15.16 0.308497
4900 15.1271 0.303924
5000 15.1565 0.299239
5100 15.114 0.29638
5200 15.1539 0.293348
5300 15.1156 0.2903
5400 15.1462 0.28651
5500 15.1075 0.283891
5600 15.0593 0.282926
5700 15.0533 0.277982
5800 15.0608 0.273251
5900 15.055 0.268642
6000 15.0818 0.265481
6100 15.0573 0.262238
6200 15.0613 0.258005
6300 15.0896 0.255443
6400 15.0885 0.251423
6500 15.1915 0.268074
6600 15.2117 0.264759
6700 15.1862 0.262025
6800 15.1803 0.258211
6900 15.1736 0.254529
7000 15.1718 0.250872
7100 15.1629 0.247477
7200 15.1966 0.246332
7300 15.1894 0.24304
7400 15.1797 0.239929
7500 15.231 0.242195
7600 15.2833 0.244647
7700 15.2951 0.24174
7800 15.2987 0.238647
7900 15.3223 0.236791
8000 15.3124 0.234024
8100 15.3075 0.231168
8200 15.3336 0.229811
8300 15.3058 0.228719
8400 15.3034 0.225992
8500 15.3082 0.223371
8600 15.2803 0.222523
8700 15.3159 0.222816
8800 15.252 0.22934
8900 15.2735 0.227768
9000 15.2625 0.225493
9100 15.266 0.223029
9200 15.2297 0.223549
9300 15.2686 0.224523
9400 15.2722 0.222151
9500 15.2402 0.222114
9600 15.2314 0.219966
9700 15.2206 0.217953
9800 15.2439 0.21697
9900 15.2299 0.215226
10000 15.2325 0.213079
