100 3.95067 0
200 5.00025 1.04958
300 5.54502 0.814852
400 5.11502 0.718953
500 5.30933 0.589822
600 5.36398 0.484679
700 5.41578 0.412891
800 5.4489 0.359105
900 5.51393 0.323307
1000 5.55889 0.29265
1100 5.52724 0.266598
1200 5.68221 0.288521
1300 5.64472 0.268036
1400 5.6571 0.248462
1500 5.66501 0.231441
1600 5.61515 0.222161
1700 5.61751 0.208697
1800 5.57055 0.202288
1900 5.59409 0.192788
2000 5.53537 0.19209
2100 5.56691 0.185417
2200 5.58922 0.178191
2300 5.53954 0.177369
2400 5.52499 0.17044
2500 5.52649 0.163487
2600 5.53408 0.157257
2700 5.49492 0.156307
2800 5.487 0.150829
2900 5.47705 0.145875
3000 5.51255 0.145329
3100 5.54821 0.145017
3200 5.60238 0.150497
3300 5.57289 0.148816
3400 5.56439 0.144623
3500 5.55216 0.140961
3600 5.58532 0.140946
3700 5.57209 0.137722
3800 5.59205 0.135527
3900 5.60166 0.132355
4000 5.63172 0.132461
4100 5.66161 0.132602
4200 5.65309 0.129687
4300 5.66578 0.127269
4400 5.66147 0.124418
4500 5.65617 0.121737
4600 5.63652 0.120672
4700 5.63671 0.118076
4800 5.64733 0.116078
4900 5.65674 0.114073
5000 5.62245 0.11691
5100 5.62092 0.114604
5200 5.6101 0.112898
5300 5.60107 0.111115
5400 5.5869 0.109955
5500 5.58485 0.107957
5600 5.59728 0.106738
5700 5.58196 0.105962
5800 5.59182 0.104585
5900 5.60282 0.103384
6000 5.59746 0.101788
6100 5.6034 0.100281
6200 5.60034 0.0986983
6300 5.59675 0.0971855
6400 5.59431 0.0956859
6500 5.57639 0.0958923
6600 5.55733 0.0963315
6700 5.58044 0.0976549
6800 5.58353 0.0962578
6900 5.59352 0.0953771
7000 5.58433 0.0944526
7100 5.59046 0.0933142
7200 5.57597 0.0931429
7300 5.57558 0.0918589
7400 5.57076 0.0907372
7500 5.56309 0.0898475
7600 5.54866 0.089824
7700 5.56264 0.0897453
7800 5.57323 0.0892187
7900 5.58239 0.0885566
8000 5.58778 0.0876087
8100 5.58828 0.0865218
8200 5.59043 0.0854872
8300 5.5919 0.0844638
8400 5.57152 0.0859052
8500 5.58497 0.0859465
8600 5.59823 0.0859705
8700 5.57843 0.0872529
8800 5.57846 0.0862557
8900 5.57041 0.0856604
9000 5.56523 0.0848613
9100 5.55796 0.084238
9200 5.57321 0.0847002
9300 5.5543 0.0858905
9400 5.57115 0.0866254
9500 5.60001 0.090438
9600 5.60194 0.0895118
9700 5.60575 0.0886662
9800 5.60056 0.0879101
9900 5.60007 0.087019
10000 5.60208 0.0861678
