100 5.79103 0
200 4.9921 0.798926
300 4.84418 0.484397
400 4.92493 0.35191
500 5.12037 0.335411
600 5.13989 0.274556
700 4.96411 0.291107
800 5.05078 0.26659
900 5.1335 0.249236
1000 5.12318 0.223162
1100 5.15434 0.20425
1200 5.23703 0.203967
1300 5.22497 0.18801
1400 5.07095 0.23242
1500 5.15281 0.23134
1600 5.23311 0.230814
1700 5.14419 0.234339
1800 5.25437 0.24689
1900 5.30941 0.239931
2000 5.30262 0.22772
2100 5.30613 0.216633
2200 5.34597 0.210358
2300 5.3422 0.201039
2400 5.25768 0.210221
2500 5.31333 0.209177
2600 5.35196 0.20465
2700 5.3536 0.196932
2800 5.36976 0.190455
2900 5.34072 0.186049
3000 5.32733 0.180239
3100 5.28972 0.178338
3200 5.33619 0.178816
3300 5.29556 0.178012
3400 5.26216 0.175895
3500 5.29424 0.173781
3600 5.32632 0.171905
3700 5.31221 0.167788
3800 5.32803 0.164077
3900 5.40673 0.178144
4000 5.41799 0.173998
4100 5.40059 0.17059
4200 5.37616 0.168263
4300 5.37979 0.164343
4400 5.36705 0.161069
4500 5.38244 0.1582
4600 5.38694 0.154788
4700 5.37247 0.152148
4800 5.35246 0.150282
4900 5.36531 0.147743
5000 5.37054 0.144852
5100 5.36301 0.142183
5200 5.37048 0.139622
5300 5.35969 0.137387
5400 5.39323 0.138928
5500 5.39725 0.136438
5600 5.40688 0.134325
5700 5.40081 0.132087
5800 5.3788 0.131643
5900 5.38853 0.129758
6000 5.39754 0.127895
6100 5.37893 0.127149
6200 5.38027 0.125088
6300 5.3938 0.123828
6400 5.39564 0.121892
6500 5.36952 0.122812
6600 5.36995 0.120937
6700 5.36784 0.119137
6800 5.34489 0.119594
6900 5.34059 0.117926
7000 5.35097 0.116692
7100 5.34813 0.115072
7200 5.33778 0.113934
7300 5.35471 0.113632
7400 5.35486 0.112086
7500 5.35519 0.110582
7600 5.34961 0.10926
7700 5.34296 0.108036
7800 5.35104 0.106948
7900 5.36224 0.106177
8000 5.36054 0.104856
8100 5.34975 0.104114
8200 5.35245 0.102872
8300 5.3593 0.101855
8400 5.35715 0.100658
8500 5.35687 0.0994672
8600 5.36103 0.0983918
8700 5.35746 0.0973199
8800 5.36263 0.0963467
8900 5.35199 0.095851
9000 5.34779 0.0948727
9100 5.34375 0.0939114
9200 5.35159 0.0932155
9300 5.35804 0.0924326
9400 5.3518 0.0916565
9500 5.35572 0.0907714
9600 5.34666 0.0902771
9700 5.34312 0.0894118
9800 5.35704 0.089583
9900 5.38079 0.0918
10000 5.37254 0.0912511
