           1      7.4764      7.4764           0
           2     7.62079      7.5486   0.0721992
           3     7.56583     7.55434    0.042078
           4      7.5195     7.54563   0.0310024
           5     7.67621     7.57175   0.0354791
           6     7.56947     7.57137    0.028971
           7     7.50446     7.56181   0.0262843
           8      7.5147     7.55592   0.0235121
           9     7.50998     7.55082   0.0213547
          10     7.63486     7.55922   0.0208675
          11     7.58698     7.56174   0.0190433
          12     7.68896     7.57235   0.0203617
          13     7.54745     7.57043   0.0188277
          14     7.60828     7.57313   0.0176394
          15     7.51861      7.5695    0.016819
          16     7.58833     7.57068   0.0157767
          17     7.57605     7.57099    0.014823
          18     7.49694     7.56688   0.0145681
          19      7.5087     7.56382   0.0141161
          20     7.55931     7.56359   0.0133936
          21     7.55295     7.56309   0.0127499
          22     7.52726     7.56146   0.0122652
          23     7.50835     7.55915   0.0119451
          24     7.57503     7.55981   0.0114557
          25     7.67738     7.56451    0.011952
          26     7.58769      7.5654   0.0115177
          27     7.62639     7.56766   0.0113107
          28     7.62517     7.56972   0.0110911
          29     7.64632     7.57236    0.011023
          30     7.48867     7.56957   0.0110085
          31     7.57138     7.56963   0.0106476
          32     7.49721     7.56736    0.010555
          33     7.59573     7.56822   0.0102662
          34     7.56873     7.56824  0.00995971
          35     7.55142     7.56776  0.00968289
          36     7.60893      7.5689  0.00947933
          37     7.68436     7.57202  0.00973332
          38     7.76812     7.57718    0.010788
          39     7.59047     7.57752   0.0105133
          40     7.62173     7.57863   0.0103065
          41     7.57111     7.57844   0.0100536
          42     7.55422     7.57787  0.00982828
          43      7.6749     7.58012  0.00985872
          44     7.49406     7.57817  0.00982867
          45     7.48433     7.57608  0.00983146
          46     7.58041     7.57618  0.00961581
          47     7.54331     7.57548  0.00943495
          48     7.56664     7.57529  0.00923813
          49     7.48392     7.57343  0.00923779
          50     7.70019     7.57596  0.00939948
          51     7.50878     7.57465  0.00930704
          52     7.73897     7.57781  0.00965789
          53     7.60925      7.5784  0.00949247
          54     7.63905     7.57952   0.0093825
          55     7.57419     7.57943  0.00921084
          56     7.64148     7.58053  0.00911249
          57     7.49297       7.579  0.00908205
          58     7.49631     7.57757  0.00903724
          59     7.49572     7.57619  0.00899042
          60     7.54176     7.57561  0.00885791
          61      7.5599     7.57535  0.00871529
          62     7.62408     7.57614  0.00860952
          63     7.59673     7.57647  0.00847806
          64     7.60444      7.5769  0.00835598
          65     7.56833     7.57677  0.00822748
          66     7.51821     7.57588   0.0081503
          67     7.57708      7.5759  0.00802776
          68     7.49575     7.57472  0.00799617
          69     7.59351       7.575  0.00788414
          70     7.64138     7.57594  0.00782834
          71     7.55291     7.57562  0.00772411
          72     7.59537     7.57589  0.00762102
          73     7.53668     7.57536  0.00753507
          74     7.53695     7.57484  0.00745065
          75     7.67565     7.57618  0.00747253
          76     7.67566     7.57749  0.00748883
          77     7.57579     7.57747  0.00739097
          78     7.63999     7.57827  0.00733949
          79     7.68936     7.57968  0.00738118
          80     7.60194     7.57996  0.00729365
          81     7.56892     7.57982  0.00720433
          82     7.55259     7.57949  0.00712367
          83     7.60755     7.57983  0.00704544
          84     7.60633     7.58014  0.00696821
          85     7.60728     7.58046  0.00689314
          86      7.6935     7.58177  0.00693815
          87     7.55603     7.58148  0.00686432
          88     7.60573     7.58175  0.00679146
          89      7.6503     7.58252  0.00675875
          90      7.5826     7.58253  0.00668323
          91     7.59603     7.58267  0.00661105
          92     7.59005     7.58275  0.00653929
          93     7.52699     7.58215  0.00649632
          94     7.60645     7.58241  0.00643203
          95     7.65467     7.58317  0.00640926
          96     7.53419     7.58266  0.00636264
          97     7.52062     7.58202  0.00632911
          98     7.52049      7.5814  0.00629558
          99     7.48845     7.58046  0.00630198
         100     7.71389     7.58179  0.00637975
         101     7.56006     7.58158  0.00631993
         102     7.61741     7.58193  0.00626752
         103     7.60778     7.58218  0.00621144
         104     7.60737     7.58242   0.0061562
         105     7.54973     7.58211  0.00610523
         106     7.70135     7.58323   0.0061511
         107     7.67628      7.5841  0.00615508
         108      7.4794     7.58313  0.00617441
         109     7.57746     7.58308  0.00611772
         110     7.59597      7.5832  0.00606299
         111     7.66322     7.58392  0.00605121
         112     7.55742     7.58368   0.0060016
         113     7.69165     7.58464  0.00602449
         114     7.63648     7.58509   0.0059887
         115     7.59697      7.5852   0.0059373
         116     7.66565     7.58589  0.00592662
         117     7.69946     7.58686  0.00595538
         118     7.58747     7.58687  0.00590469
         119     7.59729     7.58695  0.00585552
         120     7.55274     7.58667  0.00581351
         121     7.53149     7.58621  0.00578327
         122     7.47949     7.58534    0.005802
         123     7.57671     7.58527  0.00575506
         124     7.47776      7.5844  0.00577392
         125     7.66557     7.58505  0.00576424
         126     7.70143     7.58597  0.00579242
         127     7.64737     7.58646  0.00576692
         128     7.52184     7.58595  0.00574392
         129      7.6729     7.58663  0.00573893
         130     7.60294     7.58675    0.005696
         131     7.66687     7.58736  0.00568534
         132     7.46182     7.58641  0.00572171
         133      7.5808     7.58637  0.00567868
         134     7.63762     7.58675   0.0056491
         135     7.60485     7.58689  0.00560871
         136      7.5317     7.58648  0.00558208
         137     7.56483     7.58632  0.00554344
         138     7.61091      7.5865    0.005506
         139     7.50155     7.58589  0.00550031
         140     7.50703     7.58533  0.00548985
         141     7.58005     7.58529  0.00545091
         142     7.56882     7.58517  0.00541363
         143     7.74948     7.58632  0.00549706
         144     7.64428     7.58672  0.00547358
         145     7.60784     7.58687  0.00543765
         146     7.51145     7.58635  0.00542492
         147     7.50096     7.58577  0.00541912
         148     7.57929     7.58573  0.00538255
         149     7.51611     7.58526  0.00536669
         150     7.56213     7.58511  0.00533302
         151     7.58478     7.58511  0.00529758
         152     7.44893     7.58421  0.00533833
         153     7.49992     7.58366  0.00533185
         154     7.59777     7.58375  0.00529791
         155     7.56962     7.58366  0.00526441
         156     7.68617     7.58432  0.00527167
         157     7.65894     7.58479  0.00525951
         158     7.51317     7.58434  0.00524573
         159     7.56658     7.58423  0.00521383
         160     7.57603     7.58418   0.0051814
         161     7.66188     7.58466  0.00517168
         162     7.48774     7.58406  0.00517436
         163     7.60155     7.58417  0.00514364
         164     7.59699     7.58425  0.00511278
         165     7.67053     7.58477  0.00510853
         166     7.71449     7.58555  0.00513744
         167     7.59602     7.58561  0.00510697
         168     7.60689     7.58574  0.00507806
         169     7.63709     7.58604  0.00505706
         170     7.63107     7.58631   0.0050342
         171     7.61532     7.58648  0.00500755
         172     7.64823     7.58684  0.00499128
         173     7.59162     7.58686  0.00496242
         174     7.58297     7.58684  0.00493387
         175     7.61175     7.58698  0.00490766
         176     7.57483     7.58692  0.00488018
         177     7.61066     7.58705  0.00485439
         178     7.64568     7.58738  0.00483826
         179     7.61769     7.58755  0.00481414
         180     7.52031     7.58717  0.00480187
         181     7.51167     7.58676  0.00479345
         182     7.64615     7.58708   0.0047782
         183     7.62168     7.58727  0.00475578
         184     7.52622     7.58694  0.00474149
         185     7.61152     7.58707  0.00471766
         186     7.69114     7.58763  0.00472546
         187     7.73388     7.58842  0.00476475
         188     7.69511     7.58898   0.0047732
         189     7.56275     7.58884   0.0047499
         190     7.59694     7.58889  0.00472503
         191     7.60354     7.58896  0.00470085
         192     7.57998     7.58892  0.00467654
         193     7.61761     7.58907  0.00465462
         194     7.62823     7.58927  0.00463496
         195     7.64807     7.58957  0.00462098
         196      7.5824     7.58953  0.00459749
         197     7.46784     7.58891  0.00461562
         198     7.61681     7.58906  0.00459441
         199     7.58338     7.58903  0.00457135
         200     7.56534     7.58891  0.00454998
         201     7.68242     7.58937  0.00455112
         202     7.58603     7.58936  0.00452857
         203     7.50497     7.58894  0.00452534
         204     7.63669     7.58918  0.00450918
         205     7.68777     7.58966  0.00451283
         206      7.5164      7.5893  0.00450493
         207     7.58201     7.58927  0.00448325
         208     7.64096     7.58951  0.00446856
         209     7.66718     7.58989  0.00446263
         210     7.70893     7.59045  0.00447736
         211     7.57079     7.59036  0.00445707
         212     7.51347        7.59   0.0044508
         213     7.49303     7.58954  0.00445318
         214     7.65558     7.58985  0.00444305
         215     7.71152     7.59042   0.0044584
         216     7.72325     7.59103  0.00448012
         217     7.52458     7.59072  0.00446993
         218     7.59248     7.59073  0.00444938
         219     7.62938     7.59091  0.00443254
         220     7.63947     7.59113  0.00441786
         221     7.64937     7.59139  0.00440571
         222     7.63785      7.5916  0.00439081
         223     7.53503     7.59135  0.00437843
         224     7.65386     7.59163  0.00436777
         225     7.59369     7.59164  0.00434832
         226     7.48758     7.59118  0.00435346
         227     7.66992     7.59152   0.0043481
         228     7.65056     7.59178  0.00433672
         229     7.54891      7.5916   0.0043218
         230     7.52282      7.5913  0.00431334
         231      7.5631     7.59117  0.00429636
         232     7.57337      7.5911  0.00427849
         233     7.65424     7.59137   0.0042687
         234     7.52186     7.59107  0.00426079
         235     7.55726     7.59093  0.00424506
         236     7.70421     7.59141   0.0042542
         237     7.65913     7.59169  0.00424583
         238     7.56456     7.59158  0.00422949
         239     7.62196     7.59171  0.00421368
         240     7.62696     7.59185  0.00419865
         241     7.61366     7.59194  0.00418217
         242     7.68914     7.59235  0.00418418
         243     7.49267     7.59194  0.00418706
         244     7.44477     7.59133  0.00421326
         245     7.53012     7.59108  0.00420346
         246     7.52047      7.5908  0.00419617
         247     7.57606     7.59074  0.00417957
         248     7.59296     7.59074  0.00416269
         249     7.60693     7.59081  0.00414645
         250      7.5888      7.5908  0.00412984
         251     7.56355     7.59069  0.00411479
         252     7.46285     7.59019  0.00412971
         253     7.46919     7.58971  0.00414106
         254     7.58952     7.58971  0.00412472
         255      7.6173     7.58981  0.00410994
         256     7.55619     7.58968  0.00409596
         257     7.56637     7.58959    0.004081
         258     7.57525     7.58954  0.00406553
         259     7.59128     7.58954  0.00404981
         260     7.59182     7.58955  0.00403421
         261     7.58862     7.58955  0.00401873
         262     7.58841     7.58954  0.00400336
         263     7.58615     7.58953  0.00398813
         264      7.5263     7.58929  0.00398021
         265     7.52193     7.58904   0.0039733
         266     7.53929     7.58885  0.00396275
         267     7.60366     7.58891  0.00394827
         268     7.59621     7.58893  0.00393361
         269     7.61261     7.58902  0.00391994
         270     7.54277     7.58885  0.00390915
         271     7.46384     7.58839  0.00392193
         272     7.51378     7.58811   0.0039171
         273     7.58669     7.58811  0.00390273
         274     7.59117     7.58812  0.00388847
         275     7.67538     7.58844  0.00388728
         276     7.63068     7.58859  0.00387619
         277     7.60128     7.58864  0.00386244
         278     7.61517     7.58873  0.00384971
         279     7.68485     7.58908  0.00385132
         280     7.61358     7.58916  0.00383854
         281     7.54485     7.58901  0.00382811
         282     7.71051     7.58944  0.00383876
         283     7.59338     7.58945   0.0038252
         284     7.64132     7.58963  0.00381608
         285     7.65356     7.58986  0.00380928
         286     7.61966     7.58996  0.00379736
         287      7.5361     7.58978  0.00378876
         288     7.67733     7.59008   0.0037878
         289     7.56615        7.59  0.00377558
         290     7.66958     7.59027  0.00377253
         291      7.6088     7.59033  0.00376009
         292     7.64268     7.59051  0.00375147
         293     7.57675     7.59047  0.00373894
         294     7.63046      7.5906  0.00372869
         295     7.62261     7.59071  0.00371761
         296     7.52919      7.5905  0.00371085
         297     7.62549     7.59062  0.00370021
         298     7.67346      7.5909  0.00369824
         299      7.7197     7.59133  0.00371093
         300     7.70178      7.5917  0.00371682
         301     7.52679     7.59148  0.00371072
         302     7.64311     7.59165  0.00370236
         303     7.58956     7.59165  0.00369013
         304     7.59055     7.59164  0.00367798
         305     7.55487     7.59152  0.00366788
         306     7.58551      7.5915  0.00365593
         307       7.632     7.59163  0.00364638
         308     7.57698     7.59159  0.00363484
         309     7.60122     7.59162  0.00362319
         310     7.51227     7.59136  0.00362054
         311     7.52461     7.59115  0.00361526
         312     7.65752     7.59136  0.00360993
         313     7.47319     7.59098  0.00361813
         314     7.59038     7.59098  0.00360659
         315     7.57682     7.59094   0.0035954
         316     7.65016     7.59112   0.0035889
         317      7.5501     7.59099   0.0035799
         318     7.55559     7.59088  0.00357036
         319     7.59465     7.59089  0.00355917
         320     7.50174     7.59062  0.00355896
         321     7.67842     7.59089  0.00355838
         322     7.56156      7.5908  0.00354848
         323     7.62346      7.5909  0.00353892
         324     7.51534     7.59067  0.00353568
         325     7.62773     7.59078  0.00352663
         326     7.52691     7.59058  0.00352125
         327     7.60141     7.59062  0.00351062
         328     7.39568     7.59002  0.00355001
         329     7.65034     7.59021  0.00354394
         330     7.78379     7.59079  0.00358155
         331     7.63038     7.59091  0.00357272
         332     7.57564     7.59087  0.00356224
         333     7.52887     7.59068   0.0035564
         334     7.56711     7.59061  0.00354644
         335     7.71963     7.59099  0.00355675
         336      7.5552     7.59089  0.00354775
         337     7.43243     7.59042  0.00356832
         338     7.83462     7.59114  0.00363037
         339     7.53487     7.59097  0.00362345
         340     7.63052     7.59109  0.00361465
         341     7.65585     7.59128  0.00360903
         342      7.5767     7.59124  0.00359872
         343     7.56147     7.59115  0.00358926
         344     7.61387     7.59122  0.00357942
         345     7.62299     7.59131  0.00357022
         346     7.67692     7.59156  0.00356847
         347     7.58583     7.59154  0.00355821
         348     7.59263     7.59154  0.00354797
         349     7.62312     7.59163  0.00353895
         350     7.68811     7.59191  0.00353957
         351     7.55188      7.5918  0.00353132
         352      7.6295      7.5919   0.0035229
         353     7.67864     7.59215  0.00352149
         354     7.69054     7.59243  0.00352251
         355     7.52427     7.59223  0.00351782
         356      7.5896     7.59223  0.00350793
         357     7.61513     7.59229  0.00349868
         358     7.58096     7.59226  0.00348903
         359     7.55058     7.59214  0.00348124
         360     7.56789     7.59208  0.00347221
         361     7.54648     7.59195  0.00346488
         362     7.66661     7.59216  0.00346144
         363     7.58266     7.59213  0.00345199
         364     7.71468     7.59247  0.00345892
         365     7.54118     7.59233  0.00345229
         366     7.59434     7.59233  0.00344285
         367     7.71814     7.59267  0.00345053
         368     7.63976      7.5928  0.00344352
         369     7.59846     7.59282  0.00343421
         370     7.55547     7.59272   0.0034264
         371     7.61506     7.59278  0.00341768
         372     7.59516     7.59278  0.00340849
         373     7.73653     7.59317  0.00342112
         374      7.5826     7.59314  0.00341207
         375     7.58526     7.59312  0.00340303
         376     7.64443     7.59326  0.00339671
         377     7.63072     7.59336  0.00338914
         378     7.64556     7.59349  0.00338298
         379     7.75438     7.59392  0.00340065
         380     7.59848     7.59393  0.00339171
         381     7.68249     7.59416  0.00339077
         382     7.74044     7.59455  0.00340349
         383     7.62634     7.59463  0.00339561
         384      7.6508     7.59477  0.00338991
         385     7.50224     7.59453  0.00338963
         386     7.52097     7.59434   0.0033862
         387     7.53373     7.59419  0.00338107
         388     7.77634     7.59466  0.00340486
         389      7.5923     7.59465  0.00339611
         390     7.52182     7.59446  0.00339253
         391     7.55199     7.59436  0.00338559
         392     7.64687     7.59449  0.00337959
         393      7.6232     7.59456  0.00337178
         394     7.61152     7.59461  0.00336348
         395     7.57992     7.59457  0.00335516
         396     7.66127     7.59474  0.00335092
         397     7.46257      7.5944    0.003359
         398     7.61283     7.59445  0.00335087
         399     7.46915     7.59414  0.00335718
         400     7.66021      7.5943  0.00335285
         401     7.58073     7.59427  0.00334465
         402     7.58989     7.59426  0.00333634
         403     7.56325     7.59418  0.00332894
         404     7.61521     7.59423   0.0033211
         405     7.61253     7.59428  0.00331319
         406     7.55216     7.59417  0.00330665
         407     7.58148     7.59414  0.00329866
         408      7.5581     7.59405  0.00329175
         409     7.60072     7.59407  0.00328374
         410     7.72611     7.59439  0.00329151
         411     7.56328     7.59432  0.00328437
         412     7.68177     7.59453  0.00328325
         413      7.6556     7.59468  0.00327863
         414     7.60065     7.59469  0.00327073
         415     7.59754      7.5947  0.00326285
         416     7.67115     7.59488  0.00326018
         417     7.55992      7.5948  0.00325343
         418     7.58658     7.59478   0.0032457
         419     7.71638     7.59507  0.00325092
         420     7.59964     7.59508  0.00324319
         421      7.6603     7.59523  0.00323919
         422     7.55485     7.59514  0.00323292
         423     7.62219      7.5952   0.0032259
         424     7.61947     7.59526  0.00321879
         425     7.51891     7.59508  0.00321623
         426     7.50386     7.59487  0.00321581
         427     7.64974     7.59499  0.00321084
         428     7.59098     7.59498  0.00320335
         429     7.55476     7.59489  0.00319725
         430     7.55728      7.5948    0.003191
         431     7.59646     7.59481  0.00318359
         432     7.51341     7.59462   0.0031818
         433     7.45233     7.59429   0.0031914
         434     7.57085     7.59424   0.0031845
         435     7.62334      7.5943  0.00317787
         436     7.57524     7.59426  0.00317088
         437     7.60453     7.59428   0.0031637
         438     7.47016       7.594  0.00316916
         439     7.76173     7.59438  0.00318494
         440      7.6101     7.59442  0.00317789
         441     7.58024     7.59438  0.00317084
         442     7.55019     7.59428  0.00316524
         443     7.61523     7.59433  0.00315844
         444     7.44007     7.59398  0.00317041
         445     7.45162     7.59366  0.00317942
         446     7.73887     7.59399  0.00318894
         447     7.61766     7.59404  0.00318224
         448     7.53638     7.59391  0.00317774
         449     7.71938     7.59419  0.00318294
         450     7.57204     7.59414  0.00317624
         451     7.54624     7.59404  0.00317097
         452     7.59275     7.59404  0.00316395
         453      7.5444     7.59393  0.00315886
         454     7.66697     7.59409    0.003156
         455     7.71765     7.59436  0.00316074
         456     7.50215     7.59416  0.00316028
         457      7.4801     7.59391  0.00316321
         458      7.5789     7.59387  0.00315647
         459     7.54207     7.59376  0.00315161
         460     7.69011     7.59397  0.00315172
         461     7.61149     7.59401   0.0031451
         462       7.668     7.59417  0.00314237
         463     7.53697     7.59405  0.00313801
         464     7.72934     7.59434  0.00314479
         465      7.6319     7.59442  0.00313906
         466      7.6089     7.59445  0.00313247
         467     7.55339     7.59436  0.00312699
         468     7.59594     7.59436   0.0031203
         469     7.70481      7.5946  0.00312253
         470     7.56346     7.59453  0.00311659
         471     7.62926     7.59461  0.00311084
         472      7.5629     7.59454  0.00310497
         473     7.70492     7.59477  0.00310717
         474     7.54693     7.59467  0.00310225
         475     7.68839     7.59487  0.00310199
         476     7.58292     7.59484  0.00309557
         477     7.66539     7.59499  0.00309261
         478     7.63136     7.59507  0.00308707
         479      7.5414     7.59496  0.00308266
         480     7.63723     7.59504  0.00307749
         481     7.55544     7.59496  0.00307219
         482     7.54262     7.59485  0.00306773
         483     7.58241     7.59483  0.00306148
         484     7.51866     7.59467   0.0030592
         485     7.60333     7.59469  0.00305294
         486     7.61924     7.59474  0.00304707
         487     7.58392     7.59472  0.00304089
         488     7.65352     7.59484  0.00303704
         489      7.6336     7.59492  0.00303186
         490     7.69416     7.59512  0.00303244
         491     7.69929     7.59533  0.00303368
         492     7.76402     7.59567  0.00304686
         493     7.71303     7.59591  0.00304998
         494     7.71199     7.59615  0.00305286
         495     7.54425     7.59604  0.00304849
         496     7.62422      7.5961  0.00304287
         497     7.43968     7.59578    0.003053
         498     7.57992     7.59575  0.00304703
         499     7.63019     7.59582   0.0030417
         500     7.67942     7.59599  0.00304022
