           1   0.0491948   0.0491948           0
           2   0.0493376   0.0492662 7.14248e-05
           3   0.0491303   0.0492209 6.12569e-05
           4   0.0492092    0.049218  4.3415e-05
           5   0.0491348   0.0492014 3.75163e-05
           6   0.0488114   0.0491364 7.18533e-05
           7   0.0491552   0.0491391 6.07869e-05
           8   0.0497598   0.0492166 9.37669e-05
           9   0.0486268   0.0491511 0.000105514
          10    0.048003   0.0490363 0.000148618
          11   0.0494213   0.0490713 0.000138911
          12   0.0488981   0.0490569 0.000127627
          13    0.048848   0.0490408 0.000118493
          14   0.0491034   0.0490453 0.000109795
          15   0.0493486   0.0490655 0.000104194
          16   0.0489594   0.0490589 9.76902e-05
          17   0.0488693   0.0490477 9.24388e-05
          18   0.0487797   0.0490328 8.84144e-05
          19   0.0486888   0.0490147 8.55698e-05
          20   0.0492853   0.0490282 8.22981e-05
          21   0.0488028   0.0490175 7.90137e-05
          22   0.0487794   0.0490067 7.61102e-05
          23     0.04931   0.0490199 7.39119e-05
          24   0.0489686   0.0490177 7.07975e-05
          25   0.0493853   0.0490324 6.94804e-05
          26    0.049249   0.0490408 6.72723e-05
          27   0.0490686   0.0490418  6.4741e-05
          28    0.049402   0.0490547 6.36986e-05
          29   0.0490812   0.0490556 6.14696e-05
          30   0.0492836   0.0490632 5.98697e-05
          31   0.0486157   0.0490487 5.96781e-05
          32   0.0485622   0.0490335 5.97502e-05
          33   0.0489765   0.0490318 5.79371e-05
          34   0.0490085   0.0490311 5.62114e-05
          35     0.04865   0.0490202 5.56575e-05
          36   0.0493158   0.0490284 5.47088e-05
          37   0.0487861   0.0490219 5.36113e-05
          38   0.0497838   0.0490419 5.59006e-05
          39   0.0488338   0.0490366 5.47094e-05
          40    0.049299   0.0490432 5.37262e-05
          41   0.0488117   0.0490375 5.27027e-05
          42   0.0492352   0.0490422 5.16475e-05
          43   0.0493179   0.0490486  5.0838e-05
          44   0.0490704   0.0490491 4.96716e-05
          45   0.0489709   0.0490474 4.85864e-05
          46   0.0485689    0.049037 4.86439e-05
          47   0.0488951    0.049034 4.76933e-05
          48   0.0486669   0.0490263 4.73112e-05
          49   0.0490873   0.0490276 4.63524e-05
          50   0.0489068   0.0490252   4.548e-05
          51   0.0489113   0.0490229 4.46352e-05
          52   0.0490684   0.0490238 4.37772e-05
          53   0.0490257   0.0490238 4.29433e-05
          54   0.0492022   0.0490271 4.22698e-05
          55   0.0486667   0.0490206 4.20084e-05
          56   0.0491108   0.0490222 4.12828e-05
          57   0.0489087   0.0490202  4.0601e-05
          58    0.049493   0.0490284  4.0719e-05
          59     0.04872   0.0490231 4.03627e-05
          60   0.0492148   0.0490263 3.98127e-05
          61   0.0490199   0.0490262 3.91548e-05
          62   0.0491782   0.0490287  3.8596e-05
          63   0.0488716   0.0490262 3.80601e-05
          64   0.0487989   0.0490226 3.76286e-05
          65   0.0494722   0.0490295 3.76854e-05
          66   0.0495149   0.0490369 3.78315e-05
          67   0.0493106    0.049041 3.74859e-05
          68   0.0495224   0.0490481 3.76029e-05
          69   0.0493985   0.0490531 3.74005e-05
          70   0.0481634   0.0490404  3.8992e-05
          71    0.048808   0.0490372  3.8578e-05
          72   0.0493899   0.0490421 3.83527e-05
          73   0.0485411   0.0490352 3.84412e-05
          74   0.0493615   0.0490396 3.81738e-05
          75   0.0490169   0.0490393 3.76626e-05
          76   0.0487168   0.0490351 3.74052e-05
          77   0.0492236   0.0490375 3.69973e-05
          78   0.0491444   0.0490389 3.65456e-05
          79   0.0488601   0.0490366 3.61509e-05
          80   0.0497094    0.049045 3.66733e-05
          81   0.0488525   0.0490426 3.62957e-05
          82   0.0485733   0.0490369 3.63043e-05
          83   0.0487391   0.0490333 3.60433e-05
          84   0.0486982   0.0490293 3.58344e-05
          85   0.0489914   0.0490289 3.54132e-05
          86   0.0489475    0.049028 3.50117e-05
          87   0.0490128   0.0490278 3.46074e-05
          88   0.0492057   0.0490298 3.42716e-05
          89    0.049108   0.0490307 3.38957e-05
          90   0.0487407   0.0490275 3.36716e-05
          91   0.0486367   0.0490232 3.35752e-05
          92   0.0491473   0.0490245 3.32357e-05
          93   0.0494146   0.0490287 3.31428e-05
          94   0.0491891   0.0490304 3.28327e-05
          95   0.0491622   0.0490318 3.25149e-05
          96   0.0487988   0.0490294 3.22658e-05
          97    0.048803    0.049027 3.20166e-05
          98   0.0484138   0.0490208 3.23002e-05
          99   0.0489857   0.0490204 3.19742e-05
         100   0.0486871   0.0490171 3.18279e-05
         101   0.0485618   0.0490126  3.1832e-05
         102   0.0491269   0.0490137 3.15382e-05
         103   0.0491928   0.0490154 3.12789e-05
         104   0.0492429   0.0490176 3.10538e-05
         105   0.0491052   0.0490185 3.07679e-05
         106   0.0489405   0.0490177 3.04851e-05
         107   0.0488776   0.0490164 3.02273e-05
         108   0.0486058   0.0490126 3.01865e-05
         109   0.0484975   0.0490079 3.02793e-05
         110   0.0491739   0.0490094 3.00407e-05
         111   0.0489001   0.0490084 2.97851e-05
         112   0.0493482   0.0490115 2.96735e-05
         113   0.0490844   0.0490121 2.94168e-05
         114   0.0484348    0.049007 2.95941e-05
         115   0.0490221   0.0490072 2.93359e-05
         116   0.0487447   0.0490049 2.91698e-05
         117    0.049019    0.049005 2.89197e-05
         118   0.0488526   0.0490037 2.87026e-05
         119    0.049271    0.049006 2.85489e-05
         120   0.0494151   0.0490094 2.85145e-05
         121   0.0491428   0.0490105 2.82994e-05
         122   0.0496356   0.0490156 2.85303e-05
         123   0.0488305   0.0490141 2.83374e-05
         124   0.0483853    0.049009 2.85617e-05
         125   0.0487874   0.0490073 2.83878e-05
         126    0.048915   0.0490065 2.81711e-05
         127   0.0491083   0.0490073 2.79599e-05
         128   0.0491764   0.0490087  2.7772e-05
         129   0.0488883   0.0490077 2.75717e-05
         130    0.049205   0.0490092 2.74008e-05
         131   0.0489511   0.0490088 2.71944e-05
         132   0.0490445   0.0490091  2.6989e-05
         133   0.0491396     0.04901 2.68033e-05
         134   0.0491393    0.049011   2.662e-05
         135   0.0489152   0.0490103 2.64316e-05
         136   0.0489977   0.0490102 2.62367e-05
         137   0.0491688   0.0490114 2.60702e-05
         138   0.0492999   0.0490135 2.59649e-05
         139   0.0490678   0.0490138 2.57804e-05
         140   0.0490537   0.0490141 2.55972e-05
         141   0.0490684   0.0490145 2.54179e-05
         142    0.049217   0.0490159 2.52785e-05
         143   0.0487961   0.0490144 2.51482e-05
         144   0.0492072   0.0490157 2.50088e-05
         145   0.0485038   0.0490122 2.50854e-05
         146   0.0497977   0.0490176 2.54872e-05
         147   0.0491139   0.0490182 2.53217e-05
         148    0.048571   0.0490152 2.53309e-05
         149   0.0485964   0.0490124 2.53169e-05
         150   0.0488576   0.0490114 2.51687e-05
         151   0.0487643   0.0490097 2.50549e-05
         152   0.0492517   0.0490113 2.49404e-05
         153   0.0486197   0.0490088 2.49087e-05
         154   0.0488594   0.0490078 2.47654e-05
         155   0.0489681   0.0490076 2.46065e-05
         156   0.0487421   0.0490058 2.45074e-05
         157   0.0491784   0.0490069 2.43756e-05
         158   0.0494061   0.0490095 2.43522e-05
         159   0.0491613   0.0490104 2.42174e-05
         160   0.0488854   0.0490096 2.40782e-05
         161   0.0493979   0.0490121 2.40494e-05
         162    0.048742   0.0490104 2.39586e-05
         163   0.0487468   0.0490088  2.3866e-05
         164   0.0490861   0.0490092 2.37247e-05
         165   0.0491196   0.0490099   2.359e-05
         166   0.0492867   0.0490116 2.35066e-05
         167   0.0496034   0.0490151 2.36327e-05
         168    0.048656    0.049013 2.35886e-05
         169   0.0488496    0.049012 2.34686e-05
         170   0.0487868   0.0490107 2.33677e-05
         171    0.048918   0.0490102  2.3237e-05
         172   0.0490499   0.0490104 2.31026e-05
         173   0.0490001   0.0490103 2.29688e-05
         174   0.0488387   0.0490093 2.28577e-05
         175   0.0494995   0.0490121 2.28987e-05
         176   0.0490412   0.0490123 2.27688e-05
         177   0.0494552   0.0490148 2.27776e-05
         178   0.0490133   0.0490148 2.26493e-05
         179   0.0491188   0.0490154 2.25299e-05
         180   0.0493593   0.0490173 2.24857e-05
         181   0.0486582   0.0490153  2.2449e-05
         182   0.0492156   0.0490164 2.23524e-05
         183   0.0490047   0.0490163   2.223e-05
         184   0.0492863   0.0490178 2.21575e-05
         185   0.0492487   0.0490191 2.20727e-05
         186   0.0490862   0.0490194 2.19567e-05
         187   0.0491622   0.0490202 2.18523e-05
         188   0.0484118   0.0490169 2.19754e-05
         189   0.0488991   0.0490163 2.18677e-05
         190   0.0493536   0.0490181 2.18246e-05
         191   0.0490173   0.0490181   2.171e-05
         192   0.0490905   0.0490185    2.16e-05
         193   0.0485113   0.0490158 2.16478e-05
         194   0.0489496   0.0490155 2.15387e-05
         195   0.0483757   0.0490122 2.16777e-05
         196   0.0483451   0.0490088 2.18337e-05
         197   0.0492198   0.0490099  2.1749e-05
         198   0.0484622   0.0490071  2.1815e-05
         199   0.0494138   0.0490092 2.18011e-05
         200    0.049341   0.0490108 2.17552e-05
