0 0 0
0.0230664 0 0
0.0461329 0 0
0.0691993 0 0
0.0922657 0 0
0.115332 0 0
0.138399 0 0
0.161465 0 0
0.184531 0 0
0.207598 0 0
0.230664 0 0
0.253731 0 0
0.276797 0 0
0.299864 0 0
0.32293 0 0
0.345996 0 0
0.369063 0 0
0.392129 0 0
0.415196 0 0
0.438262 0 0
0.461329 0 0
0.484395 0 0
0.507461 0 0
0.530528 0 0
0.553594 0 0
0.576661 0 0
0.599727 0 0
0.622794 0 0
0.64586 0 0
0.668926 0 0
0.691993 0 0
0.715059 0 0
0.738126 0 0
0.761192 0 0
0.784259 0 0
0.807325 0 0
0.830391 0 0
0.853458 1.5524e-07 1.5524e-07
0.876524 7.20204e-05 5.06596e-06
0.899591 0.00335385 3.63393e-05
0.922657 0.0471641 0.00015884
0.945724 0.293771 0.00048213
0.96879 1.00831 0.000867809
0.991856 2.24073 0.00116761
1.01492 3.62479 0.00102023
1.03799 4.61865 0.00108942
1.06106 4.89647 0.001568
1.08412 4.49032 0.00168902
1.10719 3.65814 0.00128729
1.13026 2.69439 0.000938367
1.15332 1.81532 0.000602314
1.17639 1.13009 0.000559391
1.19945 0.653603 0.000547435
1.22252 0.354052 0.000465673
1.24559 0.180063 0.000364367
1.26865 0.0893305 0.000267556
1.29172 0.0494543 0.000207507
1.31479 0.0424171 0.00019357
1.33785 0.0607568 0.000206664
1.36092 0.106053 0.000258877
1.38399 0.184196 0.000304583
1.40705 0.300416 0.000295757
1.43012 0.453337 0.000285853
1.45319 0.628291 0.000304881
1.47625 0.796686 0.000400138
1.49932 0.921768 0.000548598
1.52238 0.9706 0.000602557
1.54545 0.928733 0.000570502
1.56852 0.808607 0.000432414
1.59158 0.640971 0.000286978
1.61465 0.465689 0.00024077
1.63772 0.316777 0.000296645
1.66078 0.219624 0.000348601
1.68385 0.192356 0.000417325
1.70692 0.255455 0.000486928
1.72998 0.43383 0.000566654
1.75305 0.749625 0.00060546
1.77612 1.19767 0.000520241
1.79918 1.72728 0.000401162
1.82225 2.23566 0.000620402
1.84531 2.59734 0.000955375
1.86838 2.71332 0.00106847
1.89145 2.55664 0.00107702
1.91451 2.17982 0.000735703
1.93758 1.68981 0.000412142
1.96065 1.2006 0.000380035
1.98371 0.802191 0.000524206
2.00678 0.54268 0.000594404
2.02985 0.4348 0.000597049
2.05291 0.461524 0.000498561
2.07598 0.587195 0.000354317
2.09905 0.758379 0.000240202
2.12211 0.917136 0.000277286
2.14518 1.01441 0.000406432
2.16824 1.02124 0.000440856
2.19131 0.919114 0.000356476
2.21438 0.780746 0.000235683
2.23744 0.654175 0.000294443
2.26051 0.57213 0.000466982
2.28358 0.573248 0.000573482
