0 0 0
0.0256496 0 0
0.0512993 0 0
0.0769489 0 0
0.102599 0 0
0.128248 0 0
0.153898 0 0
0.179547 0 0
0.205197 0 0
0.230847 0 0
0.256496 0 0
0.282146 0 0
0.307796 0 0
0.333445 0 0
0.359095 0 0
0.384745 0 0
0.410394 0 0
0.436044 0 0
0.461694 0 0
0.487343 0 0
0.512993 0 0
0.538642 0 0
0.564292 0 0
0.589942 0 0
0.615591 0 0
0.641241 0 0
0.666891 0 0
0.69254 0 0
0.71819 0 0
0.74384 0 0
0.769489 0 0
0.795139 0 0
0.820788 0 0
0.846438 1.32276e-05 2.45338e-06
0.872088 0.00129048 2.41071e-05
0.897737 0.0241623 0.000117379
0.923387 0.165287 0.000371781
0.949037 0.563972 0.000818798
0.974686 1.20172 0.00117496
1.00034 1.86274 0.00127721
1.02599 2.33797 0.00122133
1.05164 2.5521 0.0010274
1.07728 2.55132 0.000919013
1.10293 2.40765 0.000920526
1.12858 2.20003 0.0009571
1.15423 1.97141 0.00101507
1.17988 1.75404 0.000940393
1.20553 1.55865 0.000927757
1.23118 1.38849 0.000827584
1.25683 1.24484 0.000748947
1.28248 1.12253 0.000708811
1.30813 1.02273 0.000651403
1.33378 0.940475 0.000600083
1.35943 0.873414 0.000542133
1.38508 0.818017 0.000521761
1.41073 0.772743 0.000478751
1.43638 0.738788 0.000482803
1.46203 0.711832 0.000464353
1.48768 0.692008 0.000454746
1.51333 0.678587 0.000469756
1.53898 0.671559 0.00046259
1.56463 0.670703 0.000485139
1.59028 0.675607 0.000503219
1.61593 0.685911 0.000478551
1.64158 0.701987 0.000479759
1.66723 0.722969 0.000469273
1.69288 0.749178 0.000452617
1.71853 0.780241 0.000473221
1.74418 0.814856 0.000488629
1.76983 0.853615 0.000479046
1.79547 0.893773 0.000486933
1.82112 0.935983 0.000496057
1.84677 0.978305 0.000510456
1.87242 1.01902 0.000501921
1.89807 1.05833 0.000493215
1.92372 1.09606 0.000500047
1.94937 1.13128 0.000469719
1.97502 1.16132 0.000471146
2.00067 1.18588 0.000430397
2.02632 1.20389 0.000415662
2.05197 1.21356 0.000444779
2.07762 1.21511 0.000436669
2.10327 1.20845 0.000454952
2.12892 1.19442 0.000462736
2.15457 1.17515 0.000453635
2.18022 1.15076 0.000477764
2.20587 1.12373 0.000479544
2.23152 1.09477 0.000467475
2.25717 1.0664 0.000453535
2.28282 1.03894 0.000458056
2.30847 1.01237 0.000422559
2.33412 0.987975 0.000401593
2.35977 0.966253 0.000386852
2.38542 0.946721 0.000383349
2.41107 0.931506 0.000351914
2.43672 0.918641 0.000342471
2.46237 0.909006 0.00036699
2.48802 0.894787 0.00035836
2.51366 0.886175 0.000356191
2.53931 0.88572 0.000377004
