           1     1.30823     1.30823           0
           2     1.40817      1.3582   0.0499734
           3     1.45344     1.38994    0.042898
           4     1.33144     1.37532   0.0336757
           5     1.45568     1.39139    0.030639
           6     1.31336     1.37839   0.0281949
           7     1.34774     1.37401   0.0242277
           8     1.44723     1.38316   0.0228912
           9     1.31574     1.37567   0.0215331
          10     1.37654     1.37576     0.01926
          11     1.27001     1.36614   0.0198979
          12     1.41701     1.37038   0.0186523
          13      1.4568     1.37703   0.0184003
          14     1.44469     1.38186   0.0177075
          15     1.42173     1.38452   0.0166977
          16     1.46289     1.38942   0.0163692
          17     1.44143     1.39248   0.0156777
          18     1.48979     1.39788   0.0157386
          19     1.38888     1.39741   0.0148948
          20     1.50337     1.40271    0.015091
          21     1.48798     1.40677   0.0149176
          22      1.3348      1.4035   0.0145946
          23     1.29486     1.39877   0.0147238
          24     1.43315     1.40021   0.0141696
          25     1.38601     1.39964   0.0136028
          26     1.42746     1.40071   0.0131129
          27       1.382     1.40002   0.0126369
          28     1.28575     1.39593   0.0128428
          29     1.43218     1.39718    0.012455
          30     1.42578     1.39814   0.0120703
          31     1.23524     1.39288   0.0128026
          32     1.27798     1.38929   0.0129056
          33     1.32154     1.38724   0.0126758
          34     1.44732     1.38901   0.0124236
          35     1.26152     1.38536   0.0126014
          36     1.48395      1.3881   0.0125488
          37     1.54363     1.39231   0.0129085
          38     1.52783     1.39587   0.0130606
          39     1.34047     1.39445   0.0128003
          40     1.33986     1.39309   0.0125507
          41      1.5012     1.39572   0.0125215
          42     1.28499     1.39309   0.0125009
          43     1.44366     1.39426   0.0122632
          44     1.34756      1.3932   0.0120282
          45     1.39155     1.39317   0.0117579
          46     1.45888     1.39459   0.0115879
          47     1.40179     1.39475   0.0113397
          48     1.44128     1.39572   0.0111432
          49     1.40003      1.3958   0.0109137
          50      1.4904      1.3977   0.0108593
          51     1.32845     1.39634   0.0107305
          52     1.33598     1.39518    0.010586
          53     1.40434     1.39535   0.0103858
          54     1.48445       1.397   0.0103243
          55     1.43144     1.39763   0.0101542
          56     1.36242       1.397  0.00999101
          57     1.43127      1.3976  0.00983257
          58     1.28029     1.39558    0.009871
          59     1.31724     1.39425  0.00979267
          60      1.2292      1.3915   0.0100133
          61      1.4176     1.39193  0.00985712
          62     1.37957     1.39173  0.00969888
          63     1.57003     1.39456  0.00995451
          64     1.54274     1.39687   0.0100676
          65     1.28107     1.39509   0.0100704
          66     1.23057      1.3926   0.0102251
          67     1.33869     1.39179   0.0101034
          68      1.3865     1.39172  0.00995405
          69     1.53267     1.39376   0.0100192
          70     1.40062     1.39386  0.00987551
          71     1.47914     1.39506  0.00980925
          72     1.39343     1.39504  0.00967208
          73     1.27936     1.39345  0.00966939
          74     1.40703     1.39363   0.0095396
          75      1.3506     1.39306  0.00942902
          76     1.46811     1.39405  0.00935638
          77     1.52507     1.39575  0.00938953
          78     1.43424     1.39624   0.0092815
          79     1.38673     1.39612  0.00916405
          80     1.42465     1.39648   0.0090558
          81     1.40087     1.39653  0.00894347
          82     1.42258     1.39685  0.00883944
          83     1.36201     1.39643  0.00874237
          84     1.34785     1.39585  0.00865701
          85     1.42636     1.39621  0.00856208
          86      1.5144     1.39759  0.00857281
          87     1.52254     1.39902  0.00859455
          88     1.41566     1.39921  0.00849843
          89     1.46907         1.4  0.00843899
          90     1.49661     1.40107  0.00841346
          91     1.38531      1.4009  0.00832229
          92     1.62162      1.4033  0.00857384
          93     1.43461     1.40363  0.00848783
          94     1.42239     1.40383  0.00839941
          95     1.43252     1.40413  0.00831601
          96     1.43131     1.40442   0.0082338
          97     1.60392     1.40647  0.00840404
          98     1.27436     1.40513  0.00842638
          99     1.37526     1.40482  0.00834628
         100     1.68467     1.40762  0.00872344
         101     1.59782     1.40951  0.00883956
         102      1.4408     1.40981  0.00875784
         103     1.31708     1.40891    0.008719
         104      1.4385      1.4092  0.00863944
         105     1.42667     1.40936  0.00855839
         106     1.48624     1.41009  0.00850823
         107     1.38832     1.40988   0.0084308
         108     1.44558     1.41022   0.0083589
         109     1.39542     1.41008  0.00828298
         110     1.23754     1.40851  0.00835586
         111     1.42168     1.40863  0.00828109
         112       1.293      1.4076  0.00827151
         113     1.48884     1.40832  0.00822945
         114     1.49175     1.40905  0.00818971
         115     1.30213     1.40812  0.00817125
         116     1.27988     1.40701  0.00817559
         117     1.50715     1.40787  0.00815047
         118     1.47431     1.40843   0.0081007
         119     1.38878     1.40827  0.00803404
         120     1.44243     1.40855  0.00797189
         121     1.46395     1.40901  0.00791898
         122     1.46244     1.40945    0.007866
         123     1.36697      1.4091  0.00780943
         124     1.32098     1.40839  0.00777873
         125     1.28861     1.40743  0.00777552
         126     1.50331     1.40819    0.007751
         127     1.44342     1.40847  0.00769473
         128     1.41646     1.40853  0.00763463
         129     1.44192     1.40879  0.00757964
         130     1.19592     1.40715  0.00769729
         131     1.36701     1.40685  0.00764445
         132     1.21421     1.40539  0.00772541
         133     1.35337       1.405  0.00767707
         134     1.47612     1.40553  0.00763803
         135     1.27885     1.40459  0.00763909
         136     1.42538     1.40474  0.00758426
         137     1.35269     1.40436  0.00753827
         138     1.40123     1.40434  0.00748348
         139     1.44035      1.4046  0.00743397
         140     1.28515     1.40375  0.00742983
         141     1.19098     1.40224   0.0075297
         142     1.37701     1.40206   0.0074786
         143     1.47112     1.40254  0.00744181
         144     1.50526     1.40326  0.00742429
         145     1.32894     1.40274   0.0073907
         146     1.41275     1.40281  0.00734023
         147     1.27911     1.40197  0.00733853
         148     1.23523     1.40084  0.00737533
         149     1.29577     1.40014  0.00735953
         150     1.33761     1.39972  0.00732218
         151     1.53074     1.40059   0.0073251
         152      1.3291     1.40012  0.00729193
         153     1.44485     1.40041  0.00725001
         154     1.29885     1.39975  0.00723291
         155     1.29722     1.39909  0.00721647
         156     1.36854     1.39889  0.00717274
         157     1.31817     1.39838  0.00714543
         158     1.43382      1.3986   0.0071036
         159     1.41435      1.3987  0.00705948
         160     1.27978     1.39796  0.00705449
         161     1.29251     1.39731  0.00704106
         162     1.40439     1.39735   0.0069976
         163     1.39673     1.39735  0.00695454
         164     1.29327     1.39671  0.00694107
         165     1.22876     1.39569  0.00697356
         166     1.38312     1.39562  0.00693184
         167     1.20483     1.39447  0.00698427
         168     1.56097     1.39547  0.00701295
         169     1.46454     1.39587   0.0069833
         170      1.4439     1.39616  0.00694785
         171     1.42718     1.39634  0.00690948
         172     1.27774     1.39565  0.00690371
         173     1.32852     1.39526  0.00687465
         174     1.39813     1.39528  0.00683505
         175     1.40536     1.39534  0.00679612
         176      1.4299     1.39553  0.00676025
         177     1.27117     1.39483  0.00675857
         178     1.42109     1.39498  0.00672211
         179     1.50879     1.39561  0.00671462
         180     1.29418     1.39505  0.00670095
         181     1.33483     1.39472  0.00667213
         182     1.47439     1.39515  0.00664979
         183     1.44505     1.39543  0.00661897
         184     1.38322     1.39536  0.00658324
         185     1.46497     1.39574  0.00655835
         186     1.50208     1.39631  0.00654801
         187     1.28093     1.39569  0.00654206
         188     1.36925     1.39555  0.00650868
         189     1.24871     1.39477  0.00652061
         190     1.57712     1.39573  0.00655681
         191     1.44497     1.39599  0.00652749
         192     1.33002     1.39565  0.00650249
         193     1.39584     1.39565  0.00646871
         194     1.45787     1.39597  0.00644326
         195     1.62766     1.39716  0.00651932
         196     1.49953     1.39768  0.00650697
         197     1.21003     1.39673  0.00654355
         198     1.34229     1.39645  0.00651622
         199     1.38332     1.39639  0.00648373
         200     1.35732     1.39619  0.00645418
         201     1.34031     1.39591  0.00642801
         202     1.39051     1.39589  0.00639616
         203     1.37821      1.3958  0.00636517
         204     1.40004     1.39582  0.00633393
         205     1.58702     1.39675  0.00637159
         206     1.43388     1.39693  0.00634314
         207     1.43748     1.39713  0.00631547
         208     1.33807     1.39684  0.00629144
         209     1.28391      1.3963  0.00628454
         210     1.55772     1.39707   0.0063016
         211     1.34031      1.3968  0.00627743
         212     1.32968     1.39649  0.00625576
         213     1.43364     1.39666  0.00622877
         214     1.44604     1.39689  0.00620388
         215     1.49041     1.39733  0.00619026
         216     1.41571     1.39741  0.00616212
         217     1.39048     1.39738  0.00613374
         218     1.32973     1.39707  0.00611342
         219      1.4208     1.39718  0.00608641
         220     1.23431     1.39644  0.00610374
         221     1.28282     1.39592  0.00609777
         222     1.52342      1.3965  0.00609734
         223     1.43821     1.39669  0.00607282
         224     1.48826     1.39709  0.00605946
         225     1.14484     1.39597  0.00613576
         226     1.36472     1.39583  0.00611011
         227     1.41836     1.39593  0.00608395
         228     1.56853     1.39669  0.00610433
         229     1.41827     1.39679  0.00607834
         230     1.38133     1.39672  0.00605223
         231     1.38113     1.39665  0.00602635
         232     1.31997     1.39632  0.00600941
         233     1.46329     1.39661  0.00599047
         234     1.32925     1.39632  0.00597175
         235     1.32601     1.39602  0.00595381
         236      1.4495     1.39625  0.00593286
         237     1.37056     1.39614  0.00590876
         238     1.42415     1.39626  0.00588506
         239     1.54535     1.39688   0.0058935
         240     1.57236     1.39761  0.00591426
         241     1.31522     1.39727  0.00589958
         242     1.35145     1.39708   0.0058782
         243     1.31791     1.39675  0.00586302
         244     1.32572     1.39646   0.0058462
         245     1.24081     1.39583  0.00585685
         246     1.27961     1.39536  0.00585209
         247     1.30467     1.39499   0.0058399
         248     1.41978     1.39509  0.00581716
         249     1.31608     1.39477  0.00580244
         250     1.40376     1.39481  0.00577929
         251     1.28704     1.39438  0.00577221
         252     1.27068     1.39389  0.00577018
         253     1.21813     1.39319  0.00578916
         254     1.33334     1.39296  0.00577113
         255     1.43232     1.39311  0.00575053
         256     1.45889     1.39337  0.00573379
         257     1.31232     1.39305  0.00572013
         258     1.45807      1.3933  0.00570349
         259     1.53292     1.39384  0.00570694
         260     1.35508     1.39369   0.0056869
         261     1.36766     1.39359  0.00566595
         262     1.26537     1.39311  0.00566546
         263     1.46521     1.39338  0.00565053
         264     1.36078     1.39326  0.00563044
         265     1.54061     1.39381  0.00563665
         266      1.4715      1.3941  0.00562301
         267     1.41858      1.3942  0.00560266
         268     1.47222     1.39449   0.0055893
         269     1.29818     1.39413  0.00557998
         270     1.32302     1.39387  0.00556551
         271     1.30826     1.39355  0.00555393
         272     1.46146      1.3938   0.0055391
         273     1.36717      1.3937  0.00551964
         274     1.46993     1.39398  0.00550649
         275     1.35231     1.39383  0.00548852
         276      1.4187     1.39392  0.00546934
         277     1.46347     1.39417  0.00545534
         278     1.18096      1.3934  0.00548952
         279     1.32604     1.39316  0.00547513
         280     1.45603     1.39339  0.00546016
         281     1.30061     1.39306  0.00545071
         282     1.28231     1.39266  0.00544552
         283     1.15625     1.39183  0.00549017
         284     1.50079     1.39221  0.00548425
         285     1.46205     1.39246  0.00547046
         286     1.35985     1.39234  0.00545249
         287     1.28754     1.39198  0.00544572
         288      1.4507     1.39218   0.0054306
         289        1.43     1.39231  0.00541336
         290     1.54352     1.39283   0.0054198
         291      1.4615     1.39307   0.0054063
         292     1.41735     1.39315  0.00538839
         293     1.36949     1.39307  0.00537058
         294     1.36967     1.39299  0.00535287
         295     1.28282     1.39262  0.00534775
         296     1.26456     1.39219  0.00534719
         297     1.37702     1.39213   0.0053294
         298     1.47608     1.39242  0.00531895
         299     1.55533     1.39296  0.00532906
         300     1.35331     1.39283  0.00531291
         301     1.40211     1.39286  0.00529532
         302     1.50628     1.39324   0.0052911
         303     1.51251     1.39363  0.00528828
         304     1.52029     1.39405   0.0052873
         305     1.43315     1.39417  0.00527149
         306      1.3218     1.39394  0.00525956
         307     1.43054     1.39406  0.00524375
         308     1.36523     1.39396  0.00522754
         309      1.4914     1.39428  0.00522013
         310     1.50061     1.39462  0.00521455
         311     1.41317     1.39468   0.0051981
         312     1.36233     1.39458  0.00518245
         313     1.39007     1.39456  0.00516589
         314     1.31273      1.3943    0.005156
         315     1.46338     1.39452  0.00514428
         316     1.24149     1.39404  0.00515079
         317     1.43388     1.39416  0.00513606
         318     1.34924     1.39402  0.00512183
         319     1.29939     1.39373  0.00511436
         320     1.28901      1.3934  0.00510884
         321     1.43739     1.39354  0.00509475
         322     1.33839     1.39336  0.00508178
         323     1.38253     1.39333  0.00506614
         324     1.28351     1.39299  0.00506184
         325     1.41395     1.39306  0.00504665
         326      1.2839     1.39272  0.00504228
         327     1.47148     1.39296   0.0050326
         328     1.44385     1.39312  0.00501963
         329      1.5046     1.39346  0.00501581
         330     1.33368     1.39327  0.00500387
         331     1.32559     1.39307  0.00499292
         332     1.55965     1.39357  0.00500308
         333     1.48626     1.39385  0.00499579
         334     1.49086     1.39414  0.00498927
         335     1.46028     1.39434  0.00497827
         336     1.31994     1.39412  0.00496837
         337     1.19697     1.39353  0.00498803
         338      1.4724     1.39377  0.00497872
         339     1.37215      1.3937  0.00496442
         340     1.27925     1.39336  0.00496123
         341     1.42779     1.39347  0.00494769
         342     1.36843     1.39339  0.00493375
         343     1.62096     1.39406  0.00496388
         344     1.43868     1.39419  0.00495113
         345     1.46135     1.39438   0.0049406
         346      1.2327     1.39391  0.00494841
         347     1.28476      1.3936  0.00494414
         348     1.21566     1.39309  0.00495636
         349     1.34115     1.39294  0.00494438
         350     1.54413     1.39337  0.00494912
         351     1.47375      1.3936  0.00494031
         352     1.28667      1.3933  0.00493561
         353     1.32697     1.39311   0.0049252
         354     1.30975     1.39287  0.00491691
         355     1.20085     1.39233  0.00493278
         356     1.50159     1.39264  0.00492847
         357     1.36211     1.39255  0.00491539
         358     1.28547     1.39225  0.00491076
         359      1.5296     1.39264  0.00491199
         360     1.39776     1.39265  0.00489834
         361     1.35432     1.39254  0.00488591
         362     1.45786     1.39272  0.00487573
         363     1.45776      1.3929  0.00486558
         364     1.57089     1.39339  0.00487677
         365     1.40527     1.39343   0.0048635
         366      1.4604     1.39361  0.00485365
         367     1.45689     1.39378  0.00484347
         368     1.22733     1.39333  0.00485142
         369     1.34428      1.3932  0.00484009
         370     1.48287     1.39344  0.00483307
         371     1.64281     1.39411  0.00486666
         372      1.2938     1.39384  0.00486105
         373     1.38457     1.39382  0.00484806
         374     1.48464     1.39406  0.00484118
         375     1.54862     1.39447  0.00484581
         376     1.38918     1.39446  0.00483293
         377     1.34646     1.39433  0.00482177
         378     1.27282     1.39401  0.00481973
         379     1.54786     1.39441  0.00482411
         380      1.3668     1.39434  0.00481194
         381     1.22008     1.39388  0.00482104
         382     1.48447     1.39412  0.00481425
         383     1.45567     1.39428  0.00480435
         384     1.36354      1.3942  0.00479249
         385     1.47345     1.39441  0.00478446
         386     1.29845     1.39416  0.00477852
         387     1.48787      1.3944   0.0047723
         388     1.41312     1.39445  0.00476023
         389     1.26473     1.39412  0.00475967
         390      1.3245     1.39394  0.00475081
         391      1.3919     1.39393  0.00473865
         392     1.36429     1.39386  0.00472715
         393     1.52292     1.39418  0.00472653
         394     1.31498     1.39398   0.0047188
         395     1.36578     1.39391  0.00470738
         396     1.34788      1.3938  0.00469691
         397     1.39775     1.39381  0.00468508
         398      1.6402     1.39443  0.00471412
         399     1.29977     1.39419  0.00470827
         400     1.55018     1.39458  0.00471265
         401     1.42952     1.39466  0.00470169
         402     1.43609     1.39477  0.00469111
         403     1.33023     1.39461   0.0046822
         404     1.50299     1.39488  0.00467829
         405     1.41224     1.39492  0.00466692
         406     1.29803     1.39468  0.00466153
         407     1.36488     1.39461  0.00465063
         408     1.18664      1.3941  0.00466714
         409     1.28233     1.39382  0.00466373
         410     1.41458     1.39387  0.00465262
         411     1.32731     1.39371  0.00464411
         412     1.38474     1.39369  0.00463287
         413     1.44055      1.3938  0.00462303
         414     1.51593      1.3941  0.00462128
         415      1.4958     1.39434  0.00461664
         416     1.56849     1.39476  0.00462451
         417     1.39064     1.39475  0.00461342
         418     1.26695     1.39445  0.00461251
         419     1.35493     1.39435  0.00460246
         420     1.43516     1.39445  0.00459252
         421     1.62792       1.395  0.00461503
         422     1.53889     1.39535  0.00461669
         423     1.36422     1.39527  0.00460635
         424     1.38223     1.39524  0.00459558
         425     1.42723     1.39532  0.00458537
         426      1.3868      1.3953  0.00457464
         427     1.37212     1.39524  0.00456423
         428      1.3417     1.39512  0.00455527
         429     1.54151     1.39546  0.00455744
         430      1.3727     1.39541  0.00454713
         431     1.55377     1.39577  0.00455143
         432     1.40331     1.39579  0.00454091
         433     1.18991     1.39532   0.0045553
         434     1.44889     1.39544  0.00454646
         435     1.48284     1.39564  0.00454045
         436     1.36519     1.39557  0.00453056
         437     1.26658     1.39527  0.00452981
         438     1.44101     1.39538  0.00452066
         439     1.41459     1.39542  0.00451056
         440     1.41327     1.39546  0.00450048
         441     1.49599     1.39569  0.00449605
         442     1.40061      1.3957  0.00448588
         443     1.33836     1.39557  0.00447761
         444     1.22817      1.3952   0.0044834
         445     1.20169     1.39476   0.0044944
         446     1.52497     1.39505   0.0044938
         447     1.39403     1.39505  0.00448374
         448     1.37563     1.39501  0.00447393
         449      1.5268      1.3953  0.00447359
         450     1.34186     1.39518  0.00446522
         451     1.19745     1.39474  0.00447683
         452     1.27484     1.39448  0.00447478
         453     1.44251     1.39458  0.00446615
         454     1.55892     1.39495  0.00447098
         455     1.54195     1.39527  0.00447283
         456     1.46108     1.39541  0.00446534
         457     1.39809     1.39542  0.00445557
         458     1.50412     1.39566  0.00445216
         459     1.49707     1.39588  0.00444794
         460     1.61665     1.39636  0.00446413
         461      1.4829     1.39655  0.00445839
         462     1.39818     1.39655  0.00444873
         463     1.41518     1.39659   0.0044393
         464     1.34203     1.39647  0.00443128
         465     1.34514     1.39636  0.00442312
         466     1.39876     1.39637  0.00441362
         467     1.35679     1.39628  0.00440497
         468     1.61958     1.39676  0.00442137
         469     1.36402     1.39669  0.00441248
         470     1.33173     1.39655  0.00440526
         471     1.36869     1.39649  0.00439629
         472     1.49105     1.39669  0.00439154
         473     1.46875     1.39684  0.00438489
         474      1.3892     1.39683  0.00437566
         475     1.45847     1.39696  0.00436837
         476     1.46508      1.3971  0.00436153
         477     1.31083     1.39692  0.00435613
         478      1.3767     1.39688  0.00434721
         479      1.3524     1.39679  0.00433912
         480     1.31736     1.39662  0.00433323
         481     1.45885     1.39675  0.00432615
         482     1.16758     1.39627  0.00434327
         483     1.46463     1.39642  0.00433658
         484     1.29387      1.3962  0.00433279
         485       1.435     1.39628  0.00432459
         486     1.36198     1.39621  0.00431626
         487     1.42115     1.39626  0.00430769
         488      1.3064     1.39608   0.0043028
         489     1.31344     1.39591  0.00429731
         490     1.66984     1.39647  0.00432482
         491     1.42139     1.39652   0.0043163
         492     1.55319     1.39684  0.00431927
         493     1.50353     1.39706  0.00431593
         494     1.53951     1.39734  0.00431682
         495     1.41535     1.39738  0.00430825
         496     1.55209     1.39769  0.00431085
         497     1.33951     1.39757  0.00430376
         498     1.49244     1.39777  0.00429933
         499     1.33692     1.39764  0.00429244
         500     1.48932     1.39783  0.00428777
