0 0 0
0.064633 0 0
0.129266 0 0
0.193899 0 0
0.258532 0 0
0.323165 0 0
0.387798 0 0
0.452431 0 0
0.517064 0 0
0.581697 0 0
0.64633 0 0
0.710963 0 0
0.775596 0 0
0.84023 0.000915984 4.43142e-05
0.904863 0.14867 0.000618128
0.969496 1.06349 0.00233079
1.03413 2.04073 0.00436028
1.09876 2.27029 0.0047929
1.16339 2.08996 0.00412598
1.22803 1.83621 0.00348491
1.29266 1.6165 0.00305981
1.35729 1.45441 0.00261437
1.42193 1.33622 0.00234179
1.48656 1.2508 0.00208664
1.55119 1.18814 0.00201165
1.61583 1.144 0.0018565
1.68046 1.11257 0.0018199
1.74509 1.08896 0.00177031
1.80973 1.07382 0.00169225
1.87436 1.06624 0.00162196
1.93899 1.05909 0.00160327
2.00362 1.05749 0.00153852
2.06826 1.05521 0.00163073
2.13289 1.05139 0.0015662
2.19752 1.04752 0.00158075
2.26216 1.0414 0.00145288
2.32679 1.03756 0.00144768
2.39142 1.03027 0.0014396
2.45606 1.02654 0.00136854
2.52069 1.02024 0.00127667
2.58532 1.01646 0.00127724
2.64995 1.01328 0.00122578
2.71459 1.00968 0.00120433
2.77922 1.00649 0.00117667
2.84385 1.00442 0.0011639
2.90849 1.00225 0.00115669
2.97312 1.00073 0.00109421
3.03775 0.999862 0.00106707
3.10239 0.997659 0.00102466
3.16702 0.997762 0.00104355
3.23165 0.996142 0.000990476
3.29629 0.995339 0.00097563
3.36092 0.99441 0.000919603
3.42555 0.99363 0.000895324
3.49018 0.993215 0.000845136
3.55482 0.991848 0.000819979
3.61945 0.991713 0.000848078
3.68408 0.990869 0.000840868
3.74872 0.990452 0.000790828
3.81335 0.989752 0.000745233
3.87798 0.989261 0.000770206
3.94262 0.989835 0.00067653
4.00725 0.98938 0.000702017
4.07188 0.98875 0.000681053
4.13651 0.987737 0.000655128
4.20115 0.987823 0.000582975
4.26578 0.988149 0.000590464
4.33041 0.987936 0.000591762
4.39505 0.987771 0.000573058
4.45968 0.987612 0.000527583
4.52431 0.98746 0.000568346
4.58895 0.987139 0.000518891
4.65358 0.987055 0.000507741
4.71821 0.986632 0.000475183
4.78285 0.986672 0.00050163
4.84748 0.986426 0.00044328
4.91211 0.986747 0.000497296
4.97674 0.986181 0.000460192
5.04138 0.985976 0.000414184
5.10601 0.986198 0.000394965
5.17064 0.986323 0.000413104
5.23528 0.986078 0.000401191
5.29991 0.985777 0.000399745
5.36454 0.986127 0.000394027
5.42918 0.986045 0.000390775
5.49381 0.985843 0.000355101
5.55844 0.98611 0.000347004
5.62307 0.985774 0.00039249
5.68771 0.985841 0.00033715
5.75234 0.985904 0.000362118
5.81697 0.985541 0.000356487
5.88161 0.985826 0.000344186
5.94624 0.985751 0.000336349
6.01087 0.985743 0.000350688
6.07551 0.985844 0.000346344
6.14014 0.985652 0.000348189
6.20477 0.985494 0.000341479
6.2694 0.985487 0.00034064
6.33404 0.985745 0.000323882
6.39867 0.985795 0.000347504
