           1   -0.421745   -0.421745           0
           2   -0.410569   -0.416157  0.00558776
           3   -0.419369   -0.417228  0.00339909
           4    -0.40969   -0.415343  0.00305414
           5   -0.413508   -0.414976  0.00239402
           6   -0.414378   -0.414877  0.00195725
           7    -0.40548   -0.413534   0.0021303
           8   -0.406197   -0.412617  0.00206029
           9   -0.424176   -0.413901  0.00222511
          10   -0.447192   -0.417231  0.00387861
          11   -0.404446   -0.416068  0.00369582
          12   -0.410593   -0.415612  0.00340453
          13   -0.418542   -0.415837  0.00313981
          14   -0.409101   -0.415356  0.00294645
          15   -0.419099   -0.415606  0.00275432
          16   -0.407238   -0.415083  0.00262898
          17   -0.423038   -0.415551  0.00251344
          18   -0.422585   -0.415942   0.0024017
          19   -0.428662   -0.416611  0.00236837
          20   -0.407846   -0.416173  0.00228918
          21   -0.415726   -0.416152  0.00217754
          22   -0.418221   -0.416246  0.00207834
          23   -0.402947   -0.415667  0.00206838
          24   -0.411421    -0.41549  0.00198821
          25   -0.420646   -0.415697  0.00191814
          26   -0.408368   -0.415415  0.00186432
          27   -0.424426   -0.415749  0.00182473
          28   -0.397793   -0.415107  0.00187164
          29   -0.409201   -0.414904  0.00181739
          30   -0.420965   -0.415106  0.00176736
          31   -0.416209   -0.415141  0.00170976
          32    -0.42316   -0.415392  0.00167433
          33   -0.411374    -0.41527  0.00162736
          34     -0.4097   -0.415106  0.00158725
          35   -0.420743   -0.415267  0.00154962
          36   -0.405956   -0.415009  0.00152801
          37   -0.416991   -0.415062   0.0014871
          38   -0.400755   -0.414686  0.00149561
          39   -0.418522   -0.414784  0.00146007
          40   -0.417649   -0.414856   0.0014249
          41   -0.408621   -0.414704  0.00139801
          42   -0.404577   -0.414462  0.00138546
          43   -0.425865   -0.414728   0.0013786
          44   -0.413488   -0.414699   0.0013472
          45   -0.420464   -0.414828  0.00132313
          46   -0.421755   -0.414978  0.00130278
          47   -0.413634    -0.41495  0.00127508
          48   -0.420187   -0.415059    0.001253
          49   -0.409513   -0.414946  0.00123237
          50   -0.422836   -0.415103  0.00121774
          51   -0.410229   -0.415008  0.00119744
          52   -0.412933   -0.414968  0.00117486
          53   -0.408986   -0.414855    0.001158
          54   -0.399272   -0.414566  0.00117242
          55   -0.426411   -0.414782  0.00117088
          56   -0.399993   -0.414518  0.00117972
          57   -0.424034   -0.414685   0.0011708
          58   -0.404998   -0.414518   0.0011625
          59   -0.411345   -0.414464  0.00114389
          60   -0.404285   -0.414294  0.00113739
          61   -0.405092   -0.414143  0.00112871
          62     -0.4163   -0.414178   0.0011109
          63   -0.431697   -0.414456  0.00112794
          64   -0.407175   -0.414342  0.00111599
          65   -0.399673   -0.414117  0.00112163
          66   -0.408837   -0.414037  0.00110739
          67   -0.409636   -0.413971  0.00109272
          68   -0.412024   -0.413942  0.00107691
          69   -0.411301   -0.413904  0.00106188
          70   -0.439454   -0.414269  0.00110842
          71   -0.418643   -0.414331  0.00109443
          72   -0.391695   -0.414016  0.00112399
          73   -0.408441    -0.41394  0.00111111
          74   -0.418851   -0.414006    0.001098
          75   -0.408699   -0.413936  0.00108557
          76   -0.403929   -0.413804  0.00107925
          77   -0.394727   -0.413556  0.00109358
          78   -0.407696   -0.413481  0.00108208
          79   -0.409322   -0.413428  0.00106959
          80   -0.416869   -0.413471  0.00105701
          81    -0.40316   -0.413344  0.00105161
          82   -0.426155     -0.4135  0.00105039
          83   -0.420924    -0.41359  0.00104151
          84   -0.430706   -0.413794  0.00104902
          85   -0.415255   -0.413811  0.00103674
          86   -0.411206    -0.41378  0.00102506
          87   -0.414922   -0.413794   0.0010133
          88   -0.424202   -0.413912  0.00100868
          89   -0.413637   -0.413909 0.000997283
          90   -0.422594   -0.414005  0.00099085
          91    -0.44693   -0.414367  0.00104456
          92   -0.399755   -0.414208  0.00104528
          93   -0.408685   -0.414149  0.00103569
          94   -0.395642   -0.413952  0.00104335
          95   -0.417457   -0.413989  0.00103297
          96   -0.414011   -0.413989  0.00102215
          97   -0.407184   -0.413919  0.00101399
          98   -0.416866   -0.413949  0.00100404
          99   -0.405717   -0.413866 0.000997321
         100   -0.413674   -0.413864 0.000987299
         101    -0.41203   -0.413846 0.000977644
         102   -0.405322   -0.413762 0.000971612
         103   -0.424971   -0.413871 0.000968267
         104   -0.411663    -0.41385 0.000959147
         105    -0.41573   -0.413868 0.000950137
         106     -0.4094   -0.413826 0.000942074
         107    -0.41324    -0.41382 0.000933244
         108   -0.412991   -0.413812 0.000924595
         109    -0.42298   -0.413897 0.000919925
         110    -0.41285   -0.413887 0.000911574
         111   -0.417656   -0.413921 0.000903962
         112   -0.398811   -0.413786 0.000905955
         113   -0.412703   -0.413776 0.000897953
         114   -0.406674   -0.413714  0.00089222
         115   -0.401432   -0.413607 0.000890852
         116   -0.418107   -0.413646 0.000883991
         117   -0.412486   -0.413636 0.000876459
         118   -0.407937   -0.413588 0.000870341
         119   -0.401594   -0.413487 0.000868862
         120   -0.415763   -0.413506 0.000861799
         121   -0.403624   -0.413424 0.000858541
         122   -0.402401   -0.413334 0.000856255
         123   -0.436296   -0.413521 0.000869541
         124   -0.421609   -0.413586 0.000864963
         125   -0.417589   -0.413618 0.000858612
         126   -0.413777   -0.413619 0.000851772
         127   -0.411502   -0.413603 0.000845203
         128   -0.411332   -0.413585 0.000838761
         129   -0.416796    -0.41361 0.000832606
         130   -0.430726   -0.413741 0.000836602
         131   -0.425432   -0.413831 0.000834974
         132   -0.416406    -0.41385 0.000828854
         133    -0.40165   -0.413758 0.000827697
         134   -0.415989   -0.413775 0.000821666
         135   -0.412008   -0.413762 0.000815662
         136   -0.407682   -0.413717 0.000810876
         137   -0.411269   -0.413699 0.000805133
         138   -0.412339    -0.41369 0.000799339
         139   -0.423105   -0.413757 0.000796453
         140   -0.417813   -0.413786 0.000791274
         141   -0.408258   -0.413747  0.00078662
         142   -0.420798   -0.413797 0.000782637
         143   -0.416706   -0.413817 0.000777411
         144   -0.413046   -0.413812 0.000772012
         145   -0.419781   -0.413853 0.000767774
         146   -0.398921   -0.413751 0.000769325
         147   -0.406708   -0.413703 0.000765574
         148    -0.41431   -0.413707 0.000760395
         149    -0.41372   -0.413707 0.000755274
         150   -0.424618    -0.41378  0.00075374
         151    -0.41869   -0.413812 0.000749438
         152   -0.401812   -0.413733 0.000748665
         153   -0.438622   -0.413896 0.000761338
         154   -0.409252   -0.413866 0.000756978
         155   -0.415908   -0.413879 0.000752194
         156   -0.420222    -0.41392 0.000748462
         157   -0.399576   -0.413828  0.00074927
         158    -0.41336   -0.413825 0.000744519
         159   -0.407232   -0.413784 0.000740983
         160   -0.420892   -0.413828 0.000737676
         161   -0.404758   -0.413772 0.000735241
         162   -0.437175   -0.413916 0.000744832
         163   -0.426275   -0.413992 0.000744121
         164   -0.424669   -0.414057  0.00074243
         165   -0.418757   -0.414086 0.000738466
         166   -0.400335   -0.414003 0.000738663
         167   -0.418185   -0.414028 0.000734654
         168   -0.411707   -0.414014 0.000730398
         169   -0.418846   -0.414043 0.000726626
         170   -0.434149   -0.414161 0.000731958
         171    -0.41819   -0.414185 0.000728046
         172   -0.402988   -0.414119 0.000726723
         173   -0.416119   -0.414131 0.000722602
         174   -0.406205   -0.414085  0.00071988
         175   -0.408104   -0.414051  0.00071657
         176   -0.425358   -0.414116 0.000715377
         177   -0.414999   -0.414121 0.000711342
         178   -0.418226   -0.414144  0.00070771
         179   -0.402177   -0.414077 0.000706914
         180   -0.407311   -0.414039 0.000703979
         181   -0.428125   -0.414117 0.000704391
         182   -0.413848   -0.414115 0.000700512
         183   -0.419236   -0.414143 0.000697235
         184   -0.408134   -0.414111 0.000694204
         185   -0.411461   -0.414096  0.00069059
         186   -0.412665   -0.414089  0.00068691
         187   -0.407517   -0.414054 0.000684131
         188   -0.427975   -0.414128 0.000684499
         189   -0.412954   -0.414121 0.000680896
         190   -0.411562   -0.414108 0.000677437
         191   -0.416762   -0.414122 0.000674024
         192   -0.423558   -0.414171 0.000672303
         193   -0.422848   -0.414216  0.00067032
         194   -0.418645   -0.414239 0.000667246
         195   -0.441747    -0.41438  0.00067864
         196   -0.430045    -0.41446 0.000679883
         197   -0.403063   -0.414402 0.000678892
         198   -0.431512   -0.414488  0.00068096
         199   -0.419523   -0.414514 0.000678001
         200   -0.411849     -0.4145 0.000674735
