           1    -7.56845    -7.56845           0
           2    -7.54039    -7.55442   0.0140297
           3    -7.55217    -7.55367  0.00813476
           4     -7.5592    -7.55506  0.00591586
           5    -7.53098    -7.55024  0.00664709
           6    -7.55052    -7.55029  0.00542753
           7    -7.56394    -7.55224  0.00498432
           8    -7.56051    -7.55327  0.00443882
           9    -7.56114    -7.55415  0.00401119
          10    -7.53888    -7.55262  0.00389887
          11    -7.54787    -7.55219  0.00355299
          12    -7.52933    -7.55028  0.00376157
          13    -7.55477    -7.55063  0.00347734
          14     -7.5444    -7.55018  0.00324996
          15    -7.56082    -7.55089  0.00310755
          16    -7.54739    -7.55067  0.00291508
          17     -7.5497    -7.55062  0.00273884
          18    -7.56389    -7.55135   0.0026854
          19    -7.56116    -7.55187  0.00259206
          20    -7.55271    -7.55191   0.0024594
          21    -7.55414    -7.55202  0.00234175
          22    -7.55805    -7.55229  0.00224955
          23    -7.56216    -7.55272  0.00219195
          24    -7.54906    -7.55257  0.00210418
          25    -7.53112    -7.55171  0.00219313
          26     -7.5475    -7.55155  0.00211331
          27    -7.54097    -7.55116  0.00207096
          28    -7.54167    -7.55082  0.00202418
          29    -7.53645    -7.55032  0.00201503
          30    -7.56592    -7.55084  0.00201492
          31     -7.5502    -7.55082  0.00194895
          32    -7.56407    -7.55124  0.00193196
          33    -7.54595    -7.55108  0.00187934
          34    -7.55189     -7.5511  0.00182338
          35    -7.55313    -7.55116  0.00177147
          36    -7.54276    -7.55092  0.00173729
          37    -7.53069    -7.55038  0.00177597
          38    -7.51536    -7.54946  0.00195892
          39    -7.54758    -7.54941  0.00190863
          40    -7.54195    -7.54922  0.00186963
          41    -7.55129    -7.54927  0.00182416
          42    -7.55394    -7.54938  0.00178367
          43    -7.53199    -7.54898  0.00178807
          44    -7.56482    -7.54934  0.00178366
          45     -7.5661    -7.54971  0.00178292
          46    -7.54839    -7.54968  0.00174396
          47    -7.55594    -7.54982  0.00171164
          48    -7.55198    -7.54986  0.00167621
          49    -7.56609    -7.55019  0.00167473
          50    -7.52653    -7.54972  0.00170777
          51    -7.56159    -7.54995  0.00169007
          52    -7.51953    -7.54937  0.00175751
          53     -7.5429    -7.54924  0.00172834
          54    -7.53866    -7.54905  0.00170733
          55    -7.55074    -7.54908  0.00167629
          56    -7.53763    -7.54888  0.00165872
          57    -7.56546    -7.54917  0.00165515
          58     -7.5632    -7.54941  0.00164425
          59    -7.56408    -7.54966  0.00163516
          60    -7.55655    -7.54977  0.00161178
          61    -7.55285    -7.54982  0.00158594
          62    -7.54018    -7.54967  0.00156789
          63    -7.54566     -7.5496  0.00154411
          64    -7.54459    -7.54952  0.00152181
          65    -7.55054    -7.54954   0.0014983
          66    -7.56131    -7.54972  0.00148615
          67    -7.54919    -7.54971  0.00146382
          68    -7.56395    -7.54992  0.00145725
          69    -7.54607    -7.54986  0.00143706
          70    -7.53813     -7.5497  0.00142627
          71    -7.55405    -7.54976  0.00140737
          72    -7.54714    -7.54972  0.00138816
          73    -7.55638    -7.54981  0.00137205
          74    -7.55656     -7.5499  0.00135645
          75    -7.53198    -7.54966  0.00135942
          76    -7.53092    -7.54942  0.00136388
          77    -7.54984    -7.54942  0.00134607
          78    -7.53753    -7.54927  0.00133742
          79    -7.52811      -7.549  0.00134729
          80     -7.5445    -7.54895  0.00133153
          81    -7.55138    -7.54898  0.00131533
          82    -7.55467    -7.54905  0.00130105
          83     -7.5434    -7.54898  0.00128707
          84    -7.54383    -7.54892  0.00127314
          85    -7.54425    -7.54886  0.00125927
          86    -7.52726    -7.54861  0.00126963
          87    -7.55349    -7.54867  0.00125621
          88    -7.54503    -7.54863  0.00124254
          89    -7.53633    -7.54849  0.00123624
          90    -7.54893    -7.54849  0.00122244
          91    -7.54657    -7.54847  0.00120912
          92    -7.54682    -7.54845  0.00119604
          93    -7.55952    -7.54857  0.00118908
          94    -7.54508    -7.54854  0.00117695
          95    -7.53454    -7.54839  0.00117377
          96    -7.55717    -7.54848  0.00116508
          97    -7.56042     -7.5486  0.00115956
          98    -7.55991    -7.54872  0.00115345
          99    -7.56524    -7.54888  0.00115387
         100    -7.52424    -7.54864  0.00116856
         101    -7.55329    -7.54868  0.00115785
         102     -7.5417    -7.54862  0.00114848
         103    -7.54406    -7.54857  0.00113814
         104    -7.54398    -7.54853    0.001128
         105    -7.55513    -7.54859  0.00111898
         106    -7.52612    -7.54838  0.00112846
         107    -7.53159    -7.54822  0.00112882
         108    -7.56699     -7.5484  0.00113174
         109    -7.55063    -7.54842   0.0011215
         110    -7.54569    -7.54839  0.00111153
         111    -7.53278    -7.54825  0.00111041
         112     -7.5528    -7.54829   0.0011012
         113    -7.52898    -7.54812  0.00110471
         114    -7.53966    -7.54805  0.00109749
         115    -7.54502    -7.54802  0.00108822
         116    -7.53212    -7.54788  0.00108747
         117    -7.52814    -7.54771  0.00109126
         118    -7.54714    -7.54771  0.00108199
         119    -7.54595    -7.54769  0.00107296
         120    -7.55396    -7.54775  0.00106526
         121    -7.55768    -7.54783  0.00105961
         122    -7.56713    -7.54799  0.00106272
         123    -7.54968      -7.548  0.00105414
         124    -7.56645    -7.54815  0.00105614
         125    -7.53337    -7.54803   0.0010543
         126    -7.52674    -7.54786  0.00105947
         127    -7.53641    -7.54777  0.00105495
         128    -7.56042    -7.54787  0.00105134
         129    -7.53095    -7.54774  0.00105137
         130    -7.54483    -7.54772  0.00104349
         131    -7.53261     -7.5476  0.00104189
         132    -7.56998    -7.54777  0.00104778
         133     -7.5494    -7.54778  0.00103994
         134    -7.53827    -7.54771  0.00103459
         135    -7.54413    -7.54769  0.00102724
         136    -7.55743    -7.54776  0.00102217
         137    -7.55256    -7.54779  0.00101529
         138     -7.5432    -7.54776  0.00100846
         139    -7.56312    -7.54787  0.00100726
         140    -7.56251    -7.54797  0.00100549
         141    -7.54992    -7.54799 0.000998426
         142    -7.55124    -7.54801 0.000991634
         143    -7.51753     -7.5478  0.00100748
         144    -7.53724    -7.54772  0.00100315
         145     -7.5434     -7.5477 0.000996653
         146     -7.5615    -7.54779 0.000994308
         147    -7.56234    -7.54789 0.000992468
         148    -7.54889     -7.5479 0.000985762
         149    -7.56056    -7.54798 0.000982806
         150    -7.55202    -7.54801 0.000976603
         151    -7.54808    -7.54801 0.000970113
         152    -7.57338    -7.54817 0.000978056
         153    -7.56301    -7.54827 0.000976469
         154    -7.54549    -7.54825 0.000970275
         155    -7.55044    -7.54827 0.000964098
         156     -7.5287    -7.54814 0.000966074
         157    -7.53583    -7.54806 0.000963099
         158    -7.56101    -7.54815 0.000960486
         159    -7.55238    -7.54817 0.000954797
         160     -7.5494    -7.54818 0.000948842
         161    -7.53479     -7.5481 0.000946588
         162    -7.56619    -7.54821 0.000947336
         163    -7.54578    -7.54819 0.000941623
         164    -7.54604    -7.54818 0.000935956
         165    -7.53278    -7.54809 0.000934935
         166    -7.52397    -7.54794 0.000940574
         167    -7.54616    -7.54793 0.000934986
         168     -7.5446    -7.54791 0.000929616
         169    -7.53928    -7.54786  0.00092551
         170    -7.54023    -7.54782 0.000921144
         171    -7.54334    -7.54779 0.000916114
         172    -7.53742    -7.54773 0.000912767
         173    -7.54734    -7.54773 0.000907478
         174    -7.54908    -7.54773 0.000902281
         175    -7.54312    -7.54771 0.000897498
         176     -7.5494    -7.54772 0.000892436
         177    -7.54382     -7.5477 0.000887653
         178    -7.53674    -7.54763 0.000884794
         179    -7.54154     -7.5476 0.000880495
         180    -7.56023    -7.54767 0.000878398
         181    -7.56234    -7.54775 0.000877283
         182    -7.53691    -7.54769 0.000874481
         183    -7.54233    -7.54766 0.000870184
         184    -7.55941    -7.54773 0.000867793
         185    -7.54376     -7.5477 0.000863356
         186    -7.52939    -7.54761 0.000864328
         187    -7.52098    -7.54746 0.000871401
         188    -7.52856    -7.54736 0.000872566
         189    -7.55217    -7.54739  0.00086831
         190    -7.54618    -7.54738 0.000863751
         191    -7.54502    -7.54737 0.000859306
         192    -7.54877    -7.54738  0.00085485
         193    -7.54246    -7.54735  0.00085079
         194    -7.53987    -7.54731 0.000847272
         195    -7.53649    -7.54726  0.00084474
         196    -7.54769    -7.54726 0.000840422
         197     -7.5686    -7.54737 0.000843134
         198    -7.54175    -7.54734 0.000839344
         199     -7.5497    -7.54735   0.0008352
         200    -7.55188    -7.54737 0.000831322
         201    -7.53006    -7.54729 0.000831648
         202    -7.54859     -7.5473 0.000827546
         203    -7.56222    -7.54737 0.000826736
         204     -7.5386    -7.54733 0.000823796
         205    -7.52866    -7.54723 0.000824807
         206    -7.56015     -7.5473 0.000823185
         207    -7.54868     -7.5473 0.000819225
         208    -7.53835    -7.54726 0.000816412
         209    -7.53408     -7.5472  0.00081494
         210    -7.52572     -7.5471 0.000817476
         211      -7.551    -7.54711 0.000813802
         212    -7.56094    -7.54718 0.000812578
         213    -7.56366    -7.54726 0.000812445
         214    -7.53476     -7.5472 0.000810745
         215    -7.52603     -7.5471 0.000812948
         216    -7.52321    -7.54699 0.000816698
         217    -7.55935    -7.54705 0.000814918
         218    -7.54621    -7.54704  0.00081118
         219    -7.54003    -7.54701 0.000808102
         220     -7.5384    -7.54697 0.000805373
         221    -7.53715    -7.54693 0.000802952
         222    -7.53811    -7.54689 0.000800312
         223     -7.5577    -7.54694 0.000798188
         224    -7.53513    -7.54688 0.000796363
         225    -7.54709    -7.54688 0.000792816
         226    -7.56609    -7.54697 0.000793862
         227    -7.53291    -7.54691 0.000792782
         228    -7.53717    -7.54686 0.000790452
         229    -7.55464     -7.5469 0.000787724
         230    -7.55881    -7.54695 0.000786001
         231     -7.5522    -7.54697 0.000782921
         232    -7.55063    -7.54699 0.000779698
         233    -7.53458    -7.54693  0.00077817
         234    -7.55936    -7.54699 0.000776656
         235    -7.55387    -7.54702 0.000773898
         236    -7.52643    -7.54693 0.000775535
         237    -7.53471    -7.54688 0.000773976
         238    -7.55207     -7.5469 0.000771026
         239    -7.54103    -7.54688 0.000768186
         240    -7.54023    -7.54685 0.000765479
         241    -7.54286    -7.54683 0.000762476
         242    -7.52816    -7.54675 0.000763228
         243    -7.56502    -7.54683 0.000763788
         244    -7.57315    -7.54694 0.000768264
         245    -7.55798    -7.54698 0.000766447
         246    -7.55913    -7.54703 0.000764921
         247    -7.54969    -7.54704 0.000761894
         248    -7.54696    -7.54704 0.000758816
         249    -7.54444    -7.54703 0.000755835
         250    -7.54735    -7.54703 0.000752806
         251    -7.55146    -7.54705 0.000750009
         252    -7.57051    -7.54714 0.000752806
         253     -7.5688    -7.54723 0.000754695
         254    -7.54759    -7.54723  0.00075172
         255     -7.5411    -7.54721 0.000749152
         256    -7.55364    -7.54723 0.000746643
         257    -7.55159    -7.54725 0.000743925
         258    -7.54963    -7.54726 0.000741094
         259    -7.54687    -7.54726 0.000738228
         260    -7.54742    -7.54726 0.000735384
         261    -7.54682    -7.54726 0.000732563
         262    -7.54777    -7.54726 0.000729764
         263    -7.54815    -7.54726 0.000726992
         264    -7.55889     -7.5473  0.00072557
         265    -7.55953    -7.54735 0.000724298
         266    -7.55686    -7.54739 0.000722455
         267    -7.54478    -7.54738 0.000719811
         268    -7.54624    -7.54737 0.000717132
         269    -7.54307    -7.54736  0.00071464
         270    -7.55545    -7.54739  0.00071262
         271    -7.57008    -7.54747 0.000714905
         272    -7.56155    -7.54752  0.00071415
         273    -7.54868    -7.54753 0.000711541
         274     -7.5471    -7.54753 0.000708942
         275    -7.53117    -7.54747 0.000708859
         276    -7.53904    -7.54744 0.000706946
         277    -7.54568    -7.54743 0.000704417
         278    -7.54283    -7.54741 0.000702074
         279     -7.5309    -7.54735 0.000702052
         280    -7.54272    -7.54734 0.000699736
         281    -7.55494    -7.54736 0.000697767
         282      -7.525    -7.54728 0.000699798
         283    -7.54714    -7.54728 0.000697321
         284    -7.53844    -7.54725 0.000695559
         285    -7.53642    -7.54721 0.000694156
         286     -7.5428     -7.5472 0.000691897
         287    -7.55686    -7.54723 0.000690303
         288    -7.53144    -7.54718 0.000690084
         289    -7.55097    -7.54719 0.000687817
         290    -7.53263    -7.54714 0.000687277
         291    -7.54409    -7.54713 0.000684992
         292    -7.53786     -7.5471 0.000683379
         293    -7.54959    -7.54711 0.000681096
         294    -7.53862    -7.54708 0.000679388
         295    -7.54107    -7.54706 0.000677388
         296    -7.55843     -7.5471 0.000676188
         297    -7.54066    -7.54707 0.000674257
         298    -7.53165    -7.54702  0.00067398
         299    -7.52362    -7.54694 0.000676268
         300    -7.52575    -7.54687 0.000677703
         301    -7.55855    -7.54691 0.000676561
         302    -7.53806    -7.54688 0.000674954
         303    -7.54742    -7.54689 0.000672725
         304    -7.54711    -7.54689 0.000670509
         305    -7.55358    -7.54691 0.000668668
         306    -7.54763    -7.54691 0.000666483
         307    -7.53892    -7.54688 0.000664819
         308    -7.55096     -7.5469 0.000662789
         309    -7.54538    -7.54689 0.000660658
         310    -7.56093    -7.54694  0.00066008
         311    -7.56112    -7.54698 0.000659531
         312    -7.53592    -7.54695  0.00065837
         313    -7.56841    -7.54702 0.000659836
         314    -7.54723    -7.54702 0.000657731
         315    -7.54994    -7.54703 0.000655706
         316    -7.53571    -7.54699 0.000654608
         317    -7.55432    -7.54701 0.000652949
         318    -7.55376    -7.54703 0.000651239
         319    -7.54678    -7.54703 0.000649194
         320    -7.56313    -7.54708 0.000649114
         321    -7.53102    -7.54703 0.000649021
         322    -7.55302    -7.54705  0.00064727
         323    -7.54074    -7.54703 0.000645559
         324    -7.56067    -7.54708 0.000644938
         325    -7.54049    -7.54706  0.00064327
         326    -7.55942    -7.54709 0.000642414
         327    -7.54455    -7.54709 0.000640494
         328    -7.58278    -7.54719 0.000647746
         329    -7.53677    -7.54716 0.000646551
         330    -7.51204    -7.54706 0.000653318
         331    -7.53989    -7.54703 0.000651701
         332    -7.54885    -7.54704 0.000649758
         333    -7.55761    -7.54707 0.000648581
         334     -7.5509    -7.54708 0.000646738
         335    -7.52376    -7.54701 0.000648554
         336    -7.55374    -7.54703 0.000646931
         337    -7.57576    -7.54712 0.000650617
         338    -7.50281    -7.54699 0.000661803
         339    -7.55804    -7.54702 0.000660654
         340    -7.53973      -7.547 0.000659057
         341    -7.53527    -7.54696 0.000658021
         342    -7.54958    -7.54697 0.000656138
         343    -7.55275    -7.54699  0.00065444
         344     -7.5426    -7.54698 0.000652659
         345    -7.54206    -7.54696 0.000650921
         346    -7.53189    -7.54692 0.000650498
         347    -7.54761    -7.54692 0.000648623
         348    -7.54625    -7.54692  0.00064676
         349    -7.54107     -7.5469 0.000645121
         350    -7.52855    -7.54685 0.000645409
         351    -7.55443    -7.54687  0.00064393
         352    -7.54017    -7.54685  0.00064238
         353    -7.53115    -7.54681 0.000642099
         354    -7.52996    -7.54676 0.000642048
         355    -7.55836    -7.54679 0.000641071
         356     -7.5475    -7.54679 0.000639271
         357    -7.54196    -7.54678 0.000637621
         358    -7.54899    -7.54679 0.000635868
         359    -7.55504    -7.54681  0.00063451
         360    -7.55068    -7.54682 0.000632837
         361    -7.55382    -7.54684 0.000631379
         362    -7.53363     -7.5468 0.000630689
         363    -7.54828    -7.54681 0.000628962
         364    -7.52454    -7.54675 0.000630209
         365    -7.55621    -7.54677 0.000629015
         366    -7.54654    -7.54677 0.000627295
         367    -7.52433    -7.54671 0.000628565
         368    -7.53803    -7.54669 0.000627298
         369    -7.54521    -7.54668 0.000625608
         370    -7.55327     -7.5467 0.000624169
         371    -7.54216    -7.54669 0.000622605
         372     -7.5467    -7.54669 0.000620929
         373    -7.52097    -7.54662 0.000623089
         374    -7.54894    -7.54663 0.000621451
         375    -7.54854    -7.54663 0.000619813
         376    -7.53746    -7.54661 0.000618643
         377    -7.53973    -7.54659 0.000617269
         378      -7.537    -7.54656 0.000616156
         379    -7.51707    -7.54649 0.000619436
         380    -7.54661    -7.54649 0.000617804
         381    -7.53031    -7.54644 0.000617641
         382    -7.51902    -7.54637 0.000620191
         383     -7.5411    -7.54636 0.000618722
         384    -7.53677    -7.54633 0.000617614
         385    -7.56319    -7.54638 0.000617562
         386    -7.55966    -7.54641  0.00061692
         387    -7.55756    -7.54644 0.000615998
         388    -7.51408    -7.54636 0.000620044
         389    -7.54627    -7.54636 0.000618448
         390    -7.55904    -7.54639 0.000617717
         391    -7.55321    -7.54641 0.000616382
         392    -7.53696    -7.54638  0.00061528
         393    -7.54078    -7.54637 0.000613879
         394    -7.54279    -7.54636 0.000612386
         395    -7.54921    -7.54637 0.000610876
         396    -7.53372    -7.54633 0.000610168
         397    -7.57053    -7.54639 0.000611672
         398    -7.54293    -7.54639 0.000610195
         399    -7.56899    -7.54644 0.000611296
         400    -7.53367    -7.54641 0.000610602
         401    -7.54932    -7.54642 0.000609121
         402    -7.54768    -7.54642 0.000607612
         403    -7.55194    -7.54643 0.000606257
         404    -7.54223    -7.54642 0.000604844
         405    -7.54313    -7.54642 0.000603404
         406    -7.55479    -7.54644 0.000602269
         407    -7.54767    -7.54644 0.000600795
         408    -7.55334    -7.54646 0.000599559
         409    -7.54495    -7.54645 0.000598103
         410    -7.52236    -7.54639 0.000599529
         411    -7.55136    -7.54641 0.000598191
         412     -7.5301    -7.54637 0.000598048
         413    -7.53575    -7.54634 0.000597151
         414     -7.5454    -7.54634 0.000595712
         415    -7.54538    -7.54634 0.000594279
         416    -7.53204     -7.5463 0.000593844
         417    -7.55315    -7.54632 0.000592645
         418     -7.5473    -7.54632  0.00059123
         419    -7.52411    -7.54627 0.000592194
         420     -7.5457    -7.54627 0.000590784
         421    -7.53413    -7.54624 0.000590084
         422    -7.55331    -7.54625 0.000588922
         423    -7.54101    -7.54624 0.000587659
         424    -7.54326    -7.54624 0.000586314
         425    -7.55976    -7.54627 0.000585798
         426    -7.56304    -7.54631 0.000585745
         427    -7.53547    -7.54628 0.000584923
         428    -7.54708    -7.54628 0.000583558
         429    -7.55392     -7.5463 0.000582468
         430    -7.55251    -7.54632 0.000581291
         431    -7.54591    -7.54631 0.000579941
         432    -7.56073    -7.54635 0.000579558
         433    -7.57266    -7.54641 0.000581403
         434    -7.55084    -7.54642 0.000580152
         435    -7.54112    -7.54641 0.000578944
         436    -7.54937    -7.54641 0.000577655
         437    -7.54412    -7.54641 0.000576355
         438    -7.56888    -7.54646 0.000577323
         439    -7.51594    -7.54639 0.000580188
         440    -7.54371    -7.54638   0.0005789
         441    -7.54903    -7.54639 0.000577617
         442    -7.55485    -7.54641 0.000576626
         443    -7.54251     -7.5464  0.00057539
         444    -7.57537    -7.54647 0.000577789
         445    -7.57295    -7.54652 0.000579553
         446     -7.5206    -7.54647 0.000581167
         447    -7.54231    -7.54646  0.00057994
         448    -7.55648    -7.54648 0.000579076
         449    -7.52415    -7.54643 0.000579922
         450    -7.55108    -7.54644 0.000578724
         451    -7.55522    -7.54646 0.000577767
         452    -7.54581    -7.54646 0.000576489
         453    -7.55456    -7.54648 0.000575493
         454     -7.5327    -7.54645 0.000575025
         455    -7.52343     -7.5464 0.000575986
         456    -7.56432    -7.54643 0.000576064
         457    -7.56597    -7.54648  0.00057639
         458    -7.54889    -7.54648 0.000575155
         459    -7.55567     -7.5465  0.00057425
         460    -7.52951    -7.54647  0.00057419
         461    -7.54327    -7.54646 0.000572985
         462    -7.53335    -7.54643 0.000572447
         463    -7.55658    -7.54645 0.000571629
         464    -7.52221     -7.5464 0.000572784
         465    -7.53948    -7.54639 0.000571744
         466    -7.54372    -7.54638 0.000570545
         467    -7.55319    -7.54639 0.000569509
         468    -7.54586    -7.54639 0.000568292
         469    -7.52509    -7.54635 0.000568894
         470    -7.55166    -7.54636 0.000567795
         471    -7.53983    -7.54634 0.000566758
         472    -7.55291    -7.54636 0.000565727
         473    -7.52669    -7.54632 0.000566059
         474    -7.55542    -7.54634  0.00056519
         475    -7.53037     -7.5463 0.000564999
         476    -7.54806    -7.54631 0.000563823
         477    -7.53379    -7.54628 0.000563252
         478    -7.53932    -7.54627 0.000562261
         479    -7.55546    -7.54628 0.000561414
         480    -7.53783    -7.54627  0.00056052
         481    -7.55343    -7.54628 0.000559551
         482    -7.55538     -7.5463 0.000558708
         483    -7.54886    -7.54631 0.000557576
         484    -7.56079    -7.54634 0.000557226
         485    -7.54416    -7.54633 0.000556094
         486    -7.54152    -7.54632 0.000555037
         487    -7.54854    -7.54633 0.000553915
         488    -7.53569     -7.5463 0.000553208
         489    -7.53928    -7.54629 0.000552263
         490    -7.52806    -7.54625 0.000552388
         491    -7.52777    -7.54622 0.000552545
         492     -7.5151    -7.54615 0.000555036
         493    -7.52544    -7.54611   0.0005555
         494     -7.5251    -7.54607 0.000556004
         495    -7.55541    -7.54609   0.0005552
         496    -7.54153    -7.54608 0.000554156
         497    -7.57468    -7.54613 0.000556026
         498    -7.54878    -7.54614 0.000554933
         499    -7.54066    -7.54613 0.000553929
         500    -7.53122     -7.5461 0.000553623
