           1    -5.48644    -5.48644           0
           2    -5.46704    -5.47674  0.00970273
           3    -5.45264    -5.46871  0.00979387
           4    -5.48418    -5.47258   0.0079323
           5    -5.45622     -5.4693  0.00696059
           6    -5.48876    -5.47255   0.0065433
           7    -5.47483    -5.47287  0.00553967
           8     -5.4525    -5.47033  0.00543148
           9    -5.48215    -5.47164    0.004967
          10    -5.45772    -5.47025  0.00465554
          11    -5.49355    -5.47237    0.004714
          12    -5.45984    -5.47132  0.00442812
          13    -5.46038    -5.47048  0.00415932
          14    -5.45146    -5.46912  0.00408336
          15    -5.45386     -5.4681  0.00393526
          16    -5.45905    -5.46754  0.00372432
          17    -5.44871    -5.46643  0.00366946
          18    -5.44684    -5.46534  0.00362675
          19    -5.45638    -5.46487  0.00346282
          20    -5.45124    -5.46419  0.00335507
          21    -5.44483    -5.46327   0.0033218
          22    -5.48361    -5.46419  0.00329941
          23    -5.48074    -5.46491  0.00323374
          24    -5.45722    -5.46459  0.00311261
          25    -5.46851    -5.46475  0.00298962
          26    -5.45463    -5.46436  0.00289857
          27    -5.46361    -5.46433  0.00278929
          28    -5.48942    -5.46523  0.00283324
          29    -5.45505    -5.46488  0.00275622
          30    -5.46279    -5.46481  0.00266367
          31    -5.48939     -5.4656  0.00269555
          32    -5.48318    -5.46615  0.00266712
          33    -5.47941    -5.46655  0.00261611
          34    -5.45242    -5.46614   0.0025718
          35    -5.48089    -5.46656  0.00253257
          36    -5.43913     -5.4658  0.00257645
          37    -5.43326    -5.46492  0.00265565
          38    -5.44266    -5.46433  0.00265034
          39    -5.48142    -5.46477  0.00261843
          40     -5.4704    -5.46491  0.00255601
          41    -5.43791    -5.46425  0.00257843
          42    -5.48535    -5.46475  0.00256595
          43    -5.45313    -5.46448  0.00252011
          44    -5.46906    -5.46459  0.00246437
          45    -5.45768    -5.46443  0.00241387
          46    -5.45416    -5.46421  0.00237136
          47    -5.46373     -5.4642  0.00232038
          48    -5.45377    -5.46398  0.00228189
          49    -5.46088    -5.46392  0.00223573
          50     -5.4458    -5.46356  0.00222033
          51    -5.47391    -5.46376   0.0021858
          52    -5.47633      -5.464  0.00215695
          53    -5.46621    -5.46404  0.00211627
          54    -5.44587    -5.46371  0.00210382
          55    -5.46456    -5.46372  0.00206527
          56    -5.47056    -5.46384  0.00203173
          57    -5.46112     -5.4638  0.00199634
          58    -5.48758    -5.46421    0.002004
          59    -5.47467    -5.46438  0.00197772
          60    -5.49686    -5.46493  0.00201841
          61    -5.46829    -5.46498  0.00198581
          62    -5.46496    -5.46498  0.00195352
          63    -5.43042    -5.46443  0.00199902
          64    -5.45077    -5.46422  0.00197908
          65    -5.48243     -5.4645  0.00196844
          66    -5.48983    -5.46488  0.00197602
          67    -5.47024    -5.46496  0.00194794
          68    -5.46887    -5.46502  0.00191994
          69    -5.43054    -5.46452   0.0019568
          70    -5.46414    -5.46451  0.00192866
          71    -5.45772    -5.46442  0.00190371
          72    -5.46694    -5.46445  0.00187741
          73    -5.48121    -5.46468  0.00186568
          74     -5.4699    -5.46475  0.00184164
          75    -5.47888    -5.46494  0.00182666
          76    -5.45765    -5.46485  0.00180502
          77    -5.43862    -5.46451  0.00181368
          78    -5.45192    -5.46434  0.00179754
          79    -5.46408    -5.46434  0.00177464
          80    -5.44725    -5.46413  0.00176529
          81    -5.46601    -5.46415  0.00174351
          82    -5.45097    -5.46399   0.0017296
          83    -5.47048    -5.46407  0.00171042
          84    -5.47444    -5.46419  0.00169444
          85    -5.45472    -5.46408  0.00167809
          86     -5.4353    -5.46375  0.00169189
          87    -5.44166    -5.46349   0.0016915
          88    -5.45876    -5.46344  0.00167303
          89    -5.46596    -5.46347  0.00165437
          90    -5.44789    -5.46329  0.00164501
          91    -5.47215    -5.46339  0.00162974
          92    -5.42423    -5.46296  0.00166718
          93    -5.45748    -5.46291  0.00165021
          94    -5.45063    -5.46277  0.00163778
          95    -5.44844    -5.46262  0.00162746
          96    -5.45713    -5.46257  0.00161143
          97    -5.42409    -5.46217  0.00164333
          98    -5.49307    -5.46249  0.00165676
          99    -5.46647    -5.46253  0.00164043
         100     -5.4143    -5.46204  0.00169403
         101    -5.43332    -5.46176  0.00170111
         102    -5.45862    -5.46173  0.00168463
         103    -5.48073    -5.46191  0.00167837
         104    -5.45723    -5.46187  0.00166276
         105    -5.46781    -5.46192  0.00164782
         106    -5.44817    -5.46179  0.00163735
         107    -5.45924    -5.46177  0.00162216
         108    -5.45485    -5.46171  0.00160834
         109    -5.45794    -5.46167   0.0015939
         110    -5.49414    -5.46197  0.00160668
         111    -5.45673    -5.46192  0.00159284
         112    -5.48421    -5.46212  0.00159105
         113    -5.44928    -5.46201    0.001581
         114    -5.44445    -5.46185  0.00157462
         115    -5.48986    -5.46209  0.00157975
         116    -5.48544     -5.4623  0.00157895
         117    -5.44133    -5.46212  0.00157561
         118     -5.4525    -5.46204  0.00156433
         119    -5.46275    -5.46204  0.00155114
         120    -5.47084    -5.46211   0.0015399
         121    -5.45054    -5.46202  0.00153012
         122    -5.45039    -5.46192  0.00152052
         123    -5.46131    -5.46192  0.00150811
         124    -5.47245      -5.462  0.00149831
         125    -5.48386    -5.46218  0.00149652
         126    -5.44874    -5.46207  0.00148842
         127    -5.45793    -5.46204  0.00147702
         128    -5.45319    -5.46197  0.00146706
         129    -5.45751    -5.46194  0.00145605
         130    -5.49926    -5.46222  0.00147307
         131    -5.46809    -5.46227  0.00146247
         132    -5.49564    -5.46252   0.0014732
         133    -5.47102    -5.46258  0.00146348
         134    -5.45234    -5.46251  0.00145453
         135    -5.48939    -5.46271  0.00145739
         136    -5.45535    -5.46265  0.00144764
         137    -5.47476    -5.46274  0.00143975
         138    -5.47173    -5.46281  0.00143076
         139    -5.45994    -5.46279  0.00142058
         140    -5.48362    -5.46293  0.00141823
         141    -5.50261    -5.46322  0.00143597
         142    -5.47082    -5.46327  0.00142683
         143     -5.4535     -5.4632  0.00141846
         144    -5.44449    -5.46307  0.00141456
         145    -5.47199    -5.46313  0.00140612
         146    -5.46716    -5.46316  0.00139672
         147    -5.48697    -5.46332  0.00139661
         148    -5.49781    -5.46356  0.00140658
         149    -5.48131    -5.46367  0.00140218
         150    -5.47505    -5.46375  0.00139487
         151    -5.43872    -5.46358  0.00139548
         152    -5.47454    -5.46366  0.00138814
         153    -5.44603    -5.46354  0.00138384
         154    -5.48757     -5.4637  0.00138365
         155    -5.47693    -5.46378  0.00137735
         156    -5.47208    -5.46384  0.00136952
         157    -5.48217    -5.46395  0.00136577
         158    -5.45618     -5.4639  0.00135799
         159    -5.46044    -5.46388   0.0013496
         160     -5.4922    -5.46406  0.00135277
         161    -5.48233    -5.46417  0.00134912
         162    -5.46647    -5.46419  0.00134084
         163    -5.46259    -5.46418  0.00133263
         164    -5.48066    -5.46428  0.00132829
         165    -5.49326    -5.46445  0.00133185
         166    -5.46623    -5.46446  0.00132384
         167    -5.50445     -5.4647   0.0013375
         168    -5.41883    -5.46443  0.00135727
         169    -5.45724    -5.46439  0.00134988
         170      -5.456    -5.46434  0.00134283
         171    -5.45841     -5.4643   0.0013354
         172      -5.489    -5.46445  0.00133536
         173     -5.4733     -5.4645   0.0013286
         174    -5.46083    -5.46448  0.00132111
         175    -5.46755    -5.46449  0.00131366
         176     -5.4572    -5.46445  0.00130683
         177    -5.48723    -5.46458  0.00130578
         178    -5.46209    -5.46457   0.0012985
         179    -5.43195    -5.46439  0.00130401
         180    -5.48513     -5.4645  0.00130186
         181     -5.4703    -5.46453  0.00129504
         182    -5.44272    -5.46441  0.00129347
         183    -5.45414    -5.46436  0.00128761
         184    -5.46458    -5.46436  0.00128059
         185    -5.45216    -5.46429  0.00127536
         186    -5.44532    -5.46419  0.00127258
         187    -5.47925    -5.46427  0.00126831
         188     -5.4703     -5.4643  0.00126196
         189    -5.49077    -5.46444  0.00126305
         190    -5.43021    -5.46426  0.00126924
         191    -5.46067    -5.46424  0.00126272
         192    -5.48233    -5.46434  0.00125965
         193    -5.46826    -5.46436  0.00125327
         194    -5.45801    -5.46433  0.00124722
         195    -5.42807    -5.46414  0.00125467
         196    -5.44334    -5.46403  0.00125275
         197    -5.48629    -5.46415  0.00125149
         198    -5.47435     -5.4642  0.00124622
         199    -5.46802    -5.46422  0.00124009
         200    -5.47117    -5.46425  0.00123436
         201    -5.46817    -5.46427  0.00122836
         202    -5.46413    -5.46427  0.00122226
         203    -5.45836    -5.46424  0.00121657
         204    -5.46572    -5.46425  0.00121062
         205     -5.4317    -5.46409  0.00121512
         206    -5.46011    -5.46407  0.00120936
         207    -5.45122    -5.46401   0.0012051
         208    -5.47796    -5.46408  0.00120117
         209    -5.48147    -5.46416   0.0011983
         210    -5.42772    -5.46399  0.00120514
         211    -5.46676      -5.464  0.00119949
         212    -5.47983    -5.46407  0.00119615
         213    -5.45173    -5.46402  0.00119193
         214    -5.44959    -5.46395  0.00118826
         215    -5.44796    -5.46387  0.00118506
         216    -5.45627    -5.46384  0.00118008
         217    -5.46261    -5.46383  0.00117465
         218     -5.4854    -5.46393  0.00117342
         219    -5.45568    -5.46389  0.00116866
         220    -5.49616    -5.46404  0.00117255
         221    -5.48284    -5.46413  0.00117033
         222    -5.44189    -5.46403  0.00116934
         223    -5.45217    -5.46397   0.0011653
         224    -5.44138    -5.46387  0.00116446
         225      -5.523    -5.46413  0.00118869
         226    -5.48098    -5.46421  0.00118577
         227    -5.45488    -5.46417  0.00118125
         228     -5.4241    -5.46399  0.00118911
         229    -5.46018    -5.46398  0.00118402
         230    -5.47281    -5.46401  0.00117949
         231    -5.47447    -5.46406  0.00117524
         232    -5.48023    -5.46413  0.00117224
         233    -5.44294    -5.46404  0.00117074
         234     -5.4755    -5.46409  0.00116675
         235     -5.4823    -5.46416  0.00116436
         236    -5.45095    -5.46411  0.00116077
         237    -5.46664    -5.46412  0.00115591
         238    -5.46451    -5.46412  0.00115104
         239    -5.44074    -5.46402  0.00115038
         240    -5.43324    -5.46389  0.00115274
         241    -5.47457    -5.46394   0.0011488
         242    -5.47638    -5.46399   0.0011452
         243    -5.48232    -5.46407  0.00114297
         244    -5.47525    -5.46411   0.0011392
         245    -5.49114    -5.46422  0.00113989
         246    -5.48681    -5.46431  0.00113896
         247    -5.47854    -5.46437   0.0011358
         248    -5.47222     -5.4644  0.00113165
         249    -5.48606    -5.46449  0.00113045
         250    -5.46398    -5.46449  0.00112592
         251    -5.48295    -5.46456  0.00112383
         252    -5.49287    -5.46467  0.00112499
         253    -5.50635    -5.46484  0.00113257
         254    -5.47981     -5.4649  0.00112964
         255    -5.45819    -5.46487  0.00112551
         256    -5.45441    -5.46483  0.00112185
         257    -5.48017    -5.46489  0.00111907
         258    -5.45512    -5.46485  0.00111537
         259    -5.43601    -5.46474  0.00111662
         260     -5.4685    -5.46476  0.00111241
         261    -5.47223    -5.46478  0.00110851
         262    -5.50095    -5.46492  0.00111286
         263    -5.45456    -5.46488  0.00110932
         264    -5.47392    -5.46492  0.00110564
         265    -5.43456     -5.4648   0.0011074
         266    -5.44395    -5.46472  0.00110601
         267    -5.45734     -5.4647  0.00110221
         268    -5.44984    -5.46464  0.00109949
         269    -5.48214    -5.46471  0.00109732
         270    -5.48271    -5.46477  0.00109528
         271    -5.48561    -5.46485  0.00109394
         272    -5.45646    -5.46482  0.00109035
         273    -5.47409    -5.46485  0.00108688
         274    -5.44736    -5.46479  0.00108478
         275    -5.46836     -5.4648  0.00108091
         276    -5.46195    -5.46479  0.00107704
         277    -5.46169    -5.46478   0.0010732
         278    -5.51099    -5.46495  0.00108217
         279    -5.47902      -5.465  0.00107947
         280    -5.45192    -5.46495  0.00107662
         281    -5.48066    -5.46501  0.00107424
         282    -5.48633    -5.46508  0.00107309
         283    -5.50423    -5.46522   0.0010782
         284    -5.44211    -5.46514  0.00107747
         285    -5.45241    -5.46509  0.00107461
         286    -5.46493    -5.46509  0.00107085
         287    -5.48706    -5.46517  0.00106985
         288    -5.46104    -5.46516  0.00106623
         289    -5.45526    -5.46512  0.00106308
         290    -5.43291    -5.46501  0.00106522
         291    -5.45573    -5.46498  0.00106203
         292    -5.45888    -5.46496  0.00105859
         293    -5.46618    -5.46496  0.00105498
         294     -5.4729    -5.46499  0.00105174
         295    -5.47893    -5.46504  0.00104923
         296    -5.49011    -5.46512   0.0010491
         297    -5.46677    -5.46513  0.00104558
         298    -5.44139    -5.46505  0.00104511
         299    -5.43636    -5.46495  0.00104601
         300    -5.47267    -5.46498  0.00104284
         301    -5.47132      -5.465  0.00103958
         302    -5.45481    -5.46496  0.00103668
         303    -5.44022    -5.46488  0.00103648
         304     -5.4391     -5.4648  0.00103654
         305    -5.45336    -5.46476  0.00103382
         306    -5.47404    -5.46479  0.00103088
         307    -5.45617    -5.46476   0.0010279
         308    -5.46719    -5.46477  0.00102459
         309    -5.43969    -5.46469  0.00102449
         310    -5.44826    -5.46464  0.00102255
         311    -5.46207    -5.46463  0.00101929
         312    -5.46441    -5.46463  0.00101602
         313    -5.46091    -5.46461  0.00101284
         314    -5.48143    -5.46467  0.00101102
         315     -5.4521    -5.46463   0.0010086
         316    -5.49277    -5.46472  0.00100934
         317     -5.4574    -5.46469  0.00100641
         318    -5.47967    -5.46474  0.00100435
         319    -5.48809    -5.46481  0.00100387
         320    -5.48575    -5.46488  0.00100286
         321     -5.4544    -5.46485  0.00100027
         322    -5.46928    -5.46486  0.00099725
         323    -5.46702    -5.46487  0.00099418
         324    -5.48452    -5.46493 0.000992961
         325    -5.45732    -5.46491 0.000990177
         326    -5.48432    -5.46496  0.00098893
         327    -5.45376    -5.46493 0.000986497
         328    -5.45873    -5.46491 0.000983666
         329    -5.44475    -5.46485 0.000982583
         330    -5.47478    -5.46488 0.000980064
         331    -5.47369    -5.46491  0.00097746
         332      -5.434    -5.46481 0.000978948
         333    -5.45013    -5.46477 0.000976999
         334    -5.44057     -5.4647 0.000976761
         335    -5.44375    -5.46463 0.000975846
         336    -5.47349    -5.46466 0.000973295
         337     -5.5095    -5.46479 0.000979483
         338    -5.45068    -5.46475 0.000977473
         339    -5.46805    -5.46476 0.000974633
         340    -5.48687    -5.46483 0.000973935
         341    -5.46379    -5.46482 0.000971079
         342    -5.47406    -5.46485 0.000968612
         343    -5.43498    -5.46476 0.000969702
         344    -5.45921    -5.46475 0.000967014
         345    -5.44782     -5.4647 0.000965455
         346    -5.49308    -5.46478  0.00096615
         347    -5.48922    -5.46485 0.000965932
         348    -5.50362    -5.46496 0.000969573
         349    -5.46986    -5.46498 0.000966893
         350    -5.42587    -5.46487 0.000970581
         351    -5.44643    -5.46481 0.000969235
         352    -5.48046    -5.46486 0.000967499
         353    -5.47102    -5.46487 0.000964912
         354    -5.47773    -5.46491 0.000962868
         355     -5.4969      -5.465  0.00096437
         356    -5.43036     -5.4649 0.000966567
         357    -5.46557    -5.46491 0.000963858
         358    -5.49397    -5.46499 0.000964585
         359      -5.437    -5.46491 0.000965049
         360    -5.46593    -5.46491 0.000962369
         361    -5.47637    -5.46494 0.000960224
         362    -5.45367    -5.46491 0.000958074
         363     -5.4615     -5.4649 0.000955477
         364    -5.42596     -5.4648 0.000958836
         365    -5.44783    -5.46475 0.000957334
         366    -5.45944    -5.46473 0.000954825
         367     -5.4581    -5.46472 0.000952391
         368    -5.49808    -5.46481 0.000954117
         369     -5.4801    -5.46485  0.00095243
         370    -5.44753     -5.4648 0.000951005
         371    -5.41046    -5.46466 0.000959682
         372    -5.48076     -5.4647 0.000958077
         373    -5.47252    -5.46472 0.000955735
         374    -5.45226    -5.46469 0.000953759
         375     -5.4307     -5.4646  0.00095552
         376    -5.45978    -5.46458 0.000953061
         377    -5.47294    -5.46461 0.000950788
         378    -5.48731    -5.46467 0.000950171
         379     -5.4357    -5.46459 0.000950738
         380    -5.46329    -5.46459 0.000948238
         381    -5.49625    -5.46467  0.00094939
         382    -5.44202    -5.46461 0.000948756
         383    -5.45359    -5.46458 0.000946713
         384    -5.47387     -5.4646 0.000944554
         385    -5.44954    -5.46457 0.000942909
         386    -5.48416    -5.46462 0.000941833
         387    -5.44474    -5.46456 0.000940799
         388    -5.46202    -5.46456 0.000938394
         389    -5.48754    -5.46462 0.000937841
         390    -5.47498    -5.46464 0.000935811
         391    -5.46504    -5.46464 0.000933415
         392    -5.46187    -5.46464 0.000931058
         393    -5.43161    -5.46455 0.000932481
         394    -5.49084    -5.46462   0.0009325
         395    -5.47263    -5.46464 0.000930357
         396    -5.47932    -5.46468 0.000928745
         397    -5.46832    -5.46469 0.000926448
         398    -5.41421    -5.46456 0.000932781
         399    -5.48926    -5.46462 0.000932498
         400    -5.44058    -5.46456 0.000932104
         401    -5.45378    -5.46454 0.000930166
         402    -5.45248    -5.46451 0.000928334
         403    -5.46944    -5.46452 0.000926108
         404    -5.43927    -5.46445 0.000925925
         405    -5.45682    -5.46444 0.000923828
         406    -5.48973     -5.4645 0.000923653
         407    -5.47965    -5.46454 0.000922133
         408    -5.49838    -5.46462 0.000923602
         409    -5.48144    -5.46466 0.000922259
         410    -5.46147    -5.46465  0.00092004
         411     -5.4776    -5.46468 0.000918339
         412     -5.4702     -5.4647 0.000916205
         413    -5.45381    -5.46467 0.000914364
         414    -5.44864    -5.46463 0.000912974
         415    -5.45621    -5.46461 0.000910998
         416    -5.43326    -5.46454 0.000911924
         417    -5.46796    -5.46454 0.000909772
         418    -5.49113    -5.46461 0.000909819
         419    -5.47195    -5.46463 0.000907814
         420     -5.4562    -5.46461 0.000905873
         421    -5.42352    -5.46451 0.000908972
         422     -5.4448    -5.46446 0.000908017
         423    -5.46306    -5.46446 0.000905874
         424    -5.46759    -5.46447 0.000903765
         425    -5.45305    -5.46444 0.000902036
         426     -5.4581    -5.46442 0.000900039
         427    -5.46648    -5.46443 0.000897942
         428    -5.47865    -5.46446 0.000896457
         429    -5.43732     -5.4644 0.000896599
         430    -5.46736    -5.46441 0.000894538
         431    -5.42899    -5.46432 0.000896234
         432    -5.46475    -5.46432 0.000894158
         433    -5.49868     -5.4644 0.000895612
         434    -5.45295    -5.46438 0.000893936
         435    -5.44673    -5.46434   0.0008928
         436    -5.46992    -5.46435 0.000890842
         437    -5.48649     -5.4644 0.000890245
         438    -5.45183    -5.46437 0.000888674
         439    -5.46668    -5.46438 0.000886663
         440    -5.45866    -5.46436 0.000884741
         441    -5.44501    -5.46432 0.000883822
         442    -5.47262    -5.46434  0.00088202
         443    -5.48071    -5.46438 0.000880803
         444    -5.49109    -5.46444 0.000880874
         445    -5.50104    -5.46452 0.000882733
         446    -5.43199    -5.46444 0.000883767
         447    -5.45849    -5.46443 0.000881888
         448    -5.47095    -5.46445 0.000880038
         449     -5.4456     -5.4644 0.000879079
         450    -5.47362    -5.46442 0.000877362
         451     -5.4996     -5.4645 0.000878881
         452    -5.48022    -5.46454 0.000877624
         453    -5.44957     -5.4645 0.000876307
         454    -5.43532    -5.46444 0.000876735
         455    -5.43957    -5.46439 0.000876512
         456    -5.45231    -5.46436 0.000874989
         457    -5.46914    -5.46437 0.000873135
         458    -5.44807    -5.46433 0.000871953
         459    -5.44962     -5.4643 0.000870641
         460    -5.42519    -5.46422 0.000872897
         461    -5.44586    -5.46418 0.000871912
         462    -5.46829    -5.46419 0.000870068
         463    -5.46504    -5.46419 0.000868189
         464    -5.46791     -5.4642 0.000866353
         465    -5.46811     -5.4642 0.000864529
         466    -5.45694    -5.46419 0.000862812
         467     -5.4694     -5.4642 0.000861035
         468    -5.42309    -5.46411 0.000863673
         469    -5.46993    -5.46412 0.000861919
         470    -5.47931    -5.46416 0.000860689
         471    -5.46852    -5.46417  0.00085891
         472    -5.44808    -5.46413 0.000857765
         473    -5.45301    -5.46411 0.000856273
         474    -5.46902    -5.46412 0.000854527
         475    -5.45219    -5.46409 0.000853096
         476    -5.45434    -5.46407 0.000851548
         477    -5.47357    -5.46409 0.000849994
         478    -5.46646     -5.4641 0.000848229
         479     -5.4647     -5.4641 0.000846457
         480    -5.48102    -5.46413 0.000845427
         481    -5.45202    -5.46411 0.000844043
         482    -5.50644     -5.4642 0.000846856
         483     -5.4425    -5.46415 0.000846294
         484    -5.48309    -5.46419  0.00084545
         485    -5.47231    -5.46421 0.000843871
         486    -5.47379    -5.46423 0.000842363
         487    -5.45991    -5.46422 0.000840679
         488    -5.47325    -5.46424 0.000839158
         489    -5.48199    -5.46427 0.000838227
         490     -5.4309    -5.46421 0.000839283
         491    -5.46168     -5.4642 0.000837587
         492    -5.43195    -5.46413 0.000838449
         493    -5.44633     -5.4641 0.000837525
         494    -5.44265    -5.46406 0.000836955
         495    -5.46559    -5.46406 0.000835268
         496     -5.4414    -5.46401 0.000834833
         497    -5.47362    -5.46403 0.000833376
         498    -5.44994      -5.464 0.000832182
         499    -5.47856    -5.46403 0.000831025
         500    -5.44841      -5.464  0.00082995
