32.5913
31.8534
28.9781
26.9728
25.1702
23.3807
22.6968
21.7788
21.7788
21.7788
21.5515
21.5515
21.3647
20.3988
19.8137
19.6165
19.6165
19.1451
18.9884
17.8752
17.1095
16.6951
16.6951
15.6023
15.6023
15.0408
14.8598
14.8598
14.8598
14.4952
14.4877
14.3904
14.3904
13.3728
13.268
13.268
13.268
13.0124
13.0124
12.4279
12.4279
11.9569
11.9569
11.659
11.659
11.659
11.659
11.659
11.659
11.659
11.659
11.3541
11.3541
11.3541
11.3541
11.3541
11.3541
11.3465
11.3287
10.7389
10.7135
10.7135
10.7135
10.7135
10.6279
10.6279
10.213
10.213
10.2115
10.0089
10.0089
10.0089
10.0089
10.0089
10.0089
10.0089
10.0089
10.0089
10.0089
9.95031
9.95031
9.95031
9.95031
9.94989
9.94989
9.94989
9.64877
9.64877
9.64877
9.64877
9.64877
9.18323
9.18323
8.89884
8.89884
8.89884
8.89884
8.89884
8.89884
8.89884
8.89884
8.89884
8.89884
8.89884
8.33927
8.33927
8.33927
8.33927
8.33927
7.458
6.96859
6.96859
6.96859
6.96859
6.95113
6.95113
6.95113
6.95113
6.95113
6.95113
6.95113
6.95113
6.95113
6.95113
6.95113
6.95113
6.95113
6.95113
6.95113
6.95113
6.95113
6.95113
6.95113
6.95113
6.95113
6.95113
6.95113
6.95113
6.95113
6.95113
6.95113
6.95113
6.95113
6.95113
6.95113
6.95113
6.94401
6.94401
6.94401
6.94401
6.94401
6.94401
6.94401
6.94401
6.94401
6.94401
6.94401
6.81866
6.81866
6.81866
6.81866
6.81866
6.81866
6.81866
6.81866
6.81866
6.81866
6.81866
6.81109
6.81109
6.81109
6.81109
6.81109
6.81109
6.81109
6.81109
6.81109
6.81109
6.81109
6.81109
6.81109
6.81109
6.81109
6.81109
6.81109
6.81109
6.81109
6.81109
6.81109
6.81109
6.81109
6.81109
6.81109
6.81109
6.81109
6.81109
6.81109
6.81109
6.81109
6.81109
6.81109
6.81109
6.81109
6.81109
6.81109
6.50213
6.50213
6.50213
6.50213
6.50213
6.50213
6.50213
6.50213
6.50213
6.50213
6.50213
6.50213
6.50213
6.50213
6.50213
6.50213
6.50213
6.50213
6.50213
6.50213
6.50213
6.50213
6.50213
6.50213
6.50213
6.50213
6.50213
6.50213
6.50213
6.50213
6.50213
6.50213
6.50213
6.50213
6.50213
6.50213
6.50213
6.50213
6.50213
6.50213
6.50213
6.50213
6.50213
6.50213
6.50213
6.50213
6.50213
6.50213
6.50213
6.50213
6.50213
6.50213
6.50213
6.50213
6.50213
6.50213
6.50213
6.50213
6.50213
6.50213
6.50213
6.50213
6.50213
6.50213
6.50213
6.50213
6.50213
6.50213
6.50213
6.50213
6.50213
6.50213
6.50213
6.50213
6.24564
6.24564
6.24564
6.24564
6.24564
6.24564
6.24564
6.24564
6.24564
6.24564
6.24564
6.24564
6.24564
6.24564
6.24564
6.24564
6.24564
6.24564
6.24564
6.24564
6.24564
6.24564
6.24564
6.24564
6.24564
6.24564
6.24564
6.24564
6.24564
6.24564
6.24564
6.24564
6.24564
6.24564
6.24564
6.24564
6.24564
6.24564
6.24564
6.24564
6.24564
6.24564
6.24564
6.24564
6.24564
6.24564
6.24564
6.24564
6.24564
6.24564
6.24564
6.24564
6.24564
6.24564
6.24564
6.24564
6.24564
6.24564
6.24564
6.24564
6.24564
6.24564
6.24564
6.24564
6.24564
6.24564
6.24564
6.24564
6.24564
6.24564
6.24564
6.24564
6.24564
6.24564
6.24564
6.24564
6.24564
6.24564
6.24564
6.24564
6.24564
6.24564
6.24564
6.24564
6.24564
6.24564
6.24564
6.24564
6.24564
6.24564
6.24564
6.24564
6.24564
6.24564
6.24564
6.24564
6.24564
6.24564
6.24564
6.24564
6.24564
6.24564
6.24564
6.24564
6.24564
6.24564
6.24564
6.24564
6.24564
6.24564
6.24564
6.24564
6.24564
6.24564
6.24564
6.24564
6.24564
6.24564
6.24564
6.24564
6.24564
6.24564
6.24564
6.24564
6.24564
6.24564
6.24564
6.24564
6.24564
6.24564
6.24564
6.24564
6.24564
6.24564
6.24564
6.24564
6.24564
6.24564
6.24564
6.24564
6.24564
6.24564
6.24564
6.24564
6.24564
6.24564
6.24564
6.24564
6.24564
6.24564
6.24564
6.24564
6.24564
6.24564
6.24564
6.24564
6.24564
6.24564
6.24564
6.24564
6.24564
6.24564
6.24564
6.24564
6.24564
6.24564
6.24564
6.24564
6.24564
6.24564
6.24564
6.24564
6.24564
6.24564
6.24564
6.24564
6.24564
6.24564
6.24564
6.24564
6.24564
6.24564
6.24564
6.24564
6.24564
6.24564
6.24564
6.24564
6.24564
6.24564
6.24564
6.24564
6.24564
6.24564
6.24564
6.24564
6.24564
6.24564
6.24564
6.24564
6.24564
6.24564
6.24564
6.24564
6.24564
6.24564
6.24564
6.24564
6.24564
6.24564
6.24564
6.24564
6.24564
6.24564
6.24564
6.24564
6.24564
6.24564
6.24564
6.24564
6.24564
6.24564
6.24564
6.24564
6.24564
6.24564
6.24564
6.24564
6.24564
6.24564
6.24564
6.24564
6.24564
6.24564
6.24564
6.24564
6.24564
6.24564
6.24564
6.24564
6.24564
6.24564
6.24564
6.24564
6.24564
6.24564
6.24564
6.24564
6.24564
6.24564
6.24564
6.24564
6.24564
6.24564
6.24564
6.24564
6.24564
6.24564
6.24564
6.24564
6.24564
6.24564
6.24564
6.24564
6.24564
6.24564
6.24564
6.24564
6.24564
6.24564
6.24564
6.24564
6.24564
6.24564
6.24564
6.24564
6.24564
6.24564
6.24564
6.24564
6.24564
6.24564
6.24564
6.24564
6.24564
6.24564
6.24564
6.24564
6.24564
6.24564
6.24564
6.24564
6.24564
6.24564
6.24564
6.24564
6.24564
6.24564
6.24564
6.24564
6.24564
6.24564
6.24564
6.24564
6.24564
6.24564
6.24564
6.24564
6.24564
6.24564
6.24564
6.24564
6.24564
6.24564
6.24564
6.24564
6.24564
6.24564
6.24564
6.24564
6.24564
6.24564
6.24564
6.24564
6.24564
6.24564
6.24564
6.24564
6.24564
6.24564
6.24564
6.24564
6.24564
6.24564
6.24564
6.24564
6.24564
6.24564
6.24564
6.24564
6.24564
6.24564
6.24564
6.24564
6.24564
6.24564
6.24564
6.24564
6.24564
6.24564
6.24564
6.24564
6.24564
6.24564
6.24564
6.24564
6.24564
6.24564
6.24564
6.24564
6.24564
6.24564
6.24564
6.24564
6.24564
6.24564
6.24564
6.24564
6.24564
6.24564
6.24564
6.24564
6.24564
6.24564
6.24564
6.24564
6.24564
6.24564
6.24564
6.24564
6.24564
6.24564
6.24564
6.24564
6.24564
6.24564
6.24564
6.24564
6.24564
6.24564
6.24564
6.24564
6.24564
6.24564
6.24564
6.24564
6.24564
6.24564
6.24564
6.24564
6.24564
6.24564
6.24564
6.24564
6.24564
6.24564
6.24564
6.24564
6.24564
6.24564
6.24564
6.24564
6.24564
6.24564
6.24564
6.24564
6.24564
6.24564
6.24564
6.24564
6.24564
6.24564
6.24564
6.24564
6.24564
6.24564
6.24564
6.24564
6.24564
6.24564
6.24564
6.24564
6.24564
6.24564
6.24564
6.24564
6.24564
6.24564
6.24564
6.24564
6.24564
6.24564
6.24564
6.24564
6.24564
6.24564
6.24564
6.24564
6.24564
6.24564
6.24564
6.24564
6.24564
6.24564
6.24564
6.24564
6.24564
6.24564
6.24564
6.24564
6.24564
6.24564
6.24564
6.24564
6.24564
6.24564
6.24564
6.24564
6.24564
6.24564
6.24564
6.24564
6.24564
6.24564
6.24564
6.24564
6.24564
6.24564
6.24564
6.24564
6.24564
6.24564
6.24564
6.24564
6.24564
6.24564
6.24564
6.24564
6.24564
6.24564
6.24564
6.24564
6.24564
6.24564
6.24564
6.24564
6.24564
6.24564
6.24564
6.24564
6.24564
6.24564
6.24564
6.24564
6.24564
6.24564
6.24564
6.24564
6.24564
6.24564
6.24564
6.24564
6.24564
6.24564
6.24564
6.24564
6.24564
6.24564
6.24564
6.24564
6.24564
6.24564
6.24564
6.24564
6.24564
6.24564
6.24564
6.24564
6.24564
6.24564
6.24564
6.24564
6.24564
6.24564
6.24564
6.24564
6.24564
6.24564
6.24564
6.24564
6.24564
6.24564
6.24564
6.24564
6.24564
6.24564
6.24564
6.24564
6.24564
6.24564
6.24564
6.24564
6.24564
6.24564
6.24564
6.24564
6.24564
6.24564
6.24564
6.24564
6.24564
6.24564
6.24564
6.24564
6.24564
6.24564
6.24564
6.24564
6.24564
6.24564
6.24564
6.24564
6.24564
6.24564
6.24564
6.24564
6.24564
6.24564
6.24564
6.24564
6.24564
6.24564
6.24564
6.24564
6.24564
6.24564
6.24564
6.24564
6.24564
6.24564
6.24564
6.24564
6.24564
6.24564
6.24564
6.24564
6.24564
6.24564
6.24564
6.24564
6.24564
6.24564
6.24564
6.24564
6.24564
6.24564
6.24564
6.24564
6.24564
6.24564
6.24564
6.24564
6.24564
6.24564
6.24564
6.24564
6.24564
6.24564
6.24564
6.24564
6.24564
6.24564
6.24564
6.24564
6.24564
6.24564
6.24564
6.24564
6.24564
6.24564
6.24564
6.24564
6.24564
6.24564
6.24564
6.24564
6.24564
6.24564
6.24564
6.24564
6.24564
6.24564
6.24564
6.24564
6.24564
6.24564
6.24564
6.24564
6.24564
6.24564
6.24564
6.24564
6.24564
6.24564
6.24564
6.24564
6.24564
6.24564
6.24564
6.24564
6.24564
6.24564
6.24564
6.24564
6.24564
6.24564
6.24564
6.24564
6.24564
6.24564
6.24564
6.24564
6.24564
6.24564
6.24564
6.24564
6.24564
6.24564
6.24564
6.24564
6.24564
6.24564
6.24564
6.24564
6.24564
6.24564
6.24564
6.24564
6.24564
6.24564
6.24564
6.24564
6.24564
6.24564
6.24564
6.24564
6.24564
6.24564
6.24564
6.24564
6.24564
6.24564
6.24564
6.24564
6.24564
6.24564
6.24564
6.24564
6.24564
6.24564
6.24564
6.24564
6.24564
6.24564
6.24564
6.24564
6.24564
6.24564
6.24564
6.24564
6.24564
