10000 -0.4464 0
20000 -0.454286 0.00788685
30000 -0.451531 0.00532251
40000 -0.449315 0.00436711
50000 -0.448629 0.00345174
60000 -0.449307 0.00289888
70000 -0.448161 0.00270482
80000 -0.44656 0.00283741
90000 -0.447046 0.00254911
100000 -0.448056 0.00249374
110000 -0.447625 0.0022966
120000 -0.448258 0.00218997
130000 -0.44792 0.00204252
140000 -0.448295 0.00192776
150000 -0.447621 0.00191687
160000 -0.447576 0.00179364
170000 -0.447247 0.00171677
180000 -0.447059 0.00162947
190000 -0.447098 0.00154182
200000 -0.44605 0.00179937
210000 -0.445302 0.00186758
220000 -0.444695 0.00188156
230000 -0.444571 0.00180213
240000 -0.444212 0.00176246
250000 -0.443994 0.00170445
260000 -0.444459 0.00170231
270000 -0.444574 0.0016421
280000 -0.444344 0.00159897
290000 -0.444231 0.00154703
300000 -0.444538 0.00152591
310000 -0.444164 0.00152264
320000 -0.44445 0.00150175
330000 -0.444272 0.00146639
340000 -0.444566 0.00145274
350000 -0.444742 0.00142158
360000 -0.444718 0.00138173
370000 -0.444605 0.00134865
380000 -0.444391 0.00133001
390000 -0.4445 0.00129999
400000 -0.444301 0.00128246
410000 -0.444089 0.00126878
420000 -0.444248 0.00124845
430000 -0.444289 0.00121976
440000 -0.444193 0.00119558
450000 -0.444326 0.00117619
460000 -0.4446 0.00118252
470000 -0.444569 0.00115748
480000 -0.444835 0.00116383
490000 -0.444908 0.00114216
500000 -0.444812 0.00112314
510000 -0.444882 0.00110308
520000 -0.444742 0.00109072
530000 -0.444622 0.00107666
540000 -0.444721 0.0010612
550000 -0.444614 0.0010472
560000 -0.444632 0.00102849
570000 -0.444452 0.00102625
580000 -0.444375 0.00101131
590000 -0.44442 0.000995024
600000 -0.444427 0.000978327
610000 -0.44445 0.000962429
620000 -0.444441 0.000946819
630000 -0.444179 0.000967827
640000 -0.444057 0.000960382
650000 -0.444014 0.00094646
660000 -0.444032 0.000932177
670000 -0.44409 0.000919978
680000 -0.443906 0.000924724
690000 -0.443896 0.000911284
700000 -0.444041 0.000909737
710000 -0.444095 0.000898457
720000 -0.444285 0.000906041
730000 -0.44445 0.000908662
740000 -0.444526 0.000899532
750000 -0.44464 0.000894808
760000 -0.444557 0.000886881
770000 -0.444515 0.000876309
780000 -0.444628 0.000872316
790000 -0.44468 0.000862816
800000 -0.444628 0.000853552
810000 -0.44453 0.000848612
820000 -0.444481 0.000839623
830000 -0.444517 0.000830194
840000 -0.444484 0.00082092
850000 -0.444435 0.000812673
860000 -0.444503 0.000806069
870000 -0.44456 0.000798774
880000 -0.444637 0.000793416
890000 -0.444599 0.000785353
900000 -0.444418 0.000797535
910000 -0.444309 0.000796133
920000 -0.44436 0.000789056
930000 -0.444393 0.000781223
940000 -0.44442 0.000773342
950000 -0.444437 0.000765355
960000 -0.444399 0.000758324
970000 -0.444327 0.000753857
980000 -0.4444 0.000749603
990000 -0.444415 0.000742162
1000000 -0.44448 0.000737567
