100 1.02255 0
200 0.996643 0.025908
300 0.988567 0.0169991
400 0.992804 0.0127451
500 0.988094 0.0109384
600 0.985535 0.0092903
700 0.984392 0.00793448
800 0.984043 0.00688033
900 0.989524 0.0081766
1000 0.997438 0.010776
1100 0.993229 0.0106174
1200 0.993843 0.00971175
1300 0.997143 0.00952368
1400 1.00046 0.00942015
1500 1.00077 0.00877502
1600 1.0002 0.00822753
1700 0.999678 0.00774625
1800 1.00509 0.00909003
1900 0.99946 0.0102777
2000 0.9974 0.00996536
2100 0.999248 0.00965738
2200 0.996937 0.00949368
2300 0.995352 0.00920887
2400 0.992891 0.00915397
2500 0.994556 0.00893673
2600 0.994226 0.00859248
2700 0.995239 0.00833003
2800 0.992617 0.00844451
2900 0.993017 0.00815791
3000 0.994488 0.00801744
3100 0.994758 0.00775919
3200 0.994597 0.00751453
3300 0.991271 0.00800667
3400 0.991121 0.00776906
3500 0.99192 0.00758603
3600 0.994695 0.00787719
3700 0.995126 0.00767343
3800 0.995954 0.00751454
3900 0.996874 0.00737694
4000 0.998941 0.00748141
4100 1.00094 0.00756667
4200 1.00224 0.0074963
4300 1.0018 0.00733262
4400 1.00114 0.00719484
4500 1.00142 0.00703885
4600 1.00303 0.00706875
4700 1.0033 0.00692216
4800 1.00377 0.00679281
4900 1.00529 0.00682383
5000 1.005 0.00669238
5100 1.00434 0.0065933
5200 1.00577 0.0066225
5300 1.00599 0.00650019
5400 1.00599 0.00637868
5500 1.0075 0.00644061
5600 1.0065 0.00640268
5700 1.00601 0.00630831
5800 1.00514 0.00626008
5900 1.00356 0.00635233
6000 1.00449 0.00631389
6100 1.00452 0.00620962
6200 1.00449 0.0061087
6300 1.00392 0.00603846
6400 1.00283 0.00604305
6500 1.00239 0.00596496
6600 1.00302 0.00590728
6700 1.00322 0.00582187
6800 1.00384 0.00576919
6900 1.0035 0.00569546
7000 1.00326 0.00561839
7100 1.00372 0.00555772
7200 1.00491 0.00560635
7300 1.00393 0.00561449
7400 1.00372 0.0055419
7500 1.00418 0.00548638
7600 1.00511 0.00549318
7700 1.00558 0.00544169
7800 1.00549 0.00537229
7900 1.00622 0.00535447
8000 1.00596 0.00529347
8100 1.00628 0.00523716
8200 1.00583 0.00519169
8300 1.00547 0.00514141
8400 1.00502 0.00510017
8500 1.00465 0.00505341
8600 1.00543 0.00505495
8700 1.00518 0.00500267
8800 1.00644 0.00510343
8900 1.0065 0.00504612
9000 1.0056 0.00506993
9100 1.00536 0.00501974
9200 1.00564 0.0049728
9300 1.00465 0.00501839
9400 1.00411 0.00499413
9500 1.00428 0.00494426
9600 1.0044 0.00489399
9700 1.0034 0.00494571
9800 1.00383 0.00491365
9900 1.00307 0.00492284
10000 1.00339 0.00488393
