100 0.996042 0
200 1.00101 0.00496663
300 0.996952 0.00496768
400 0.995713 0.00372471
500 0.993199 0.00382688
600 0.994577 0.00341493
700 0.995287 0.00297224
800 0.992653 0.00368283
900 0.996513 0.00504455
1000 0.995703 0.00458412
1100 0.997942 0.00471268
1200 0.99957 0.00459953
1300 1.00051 0.00433364
1400 0.999848 0.00406608
1500 0.998085 0.0041757
1600 0.997983 0.00390734
1700 0.998394 0.0036933
1800 0.998603 0.00348832
1900 0.998411 0.00330519
2000 0.999364 0.00327726
2100 0.99877 0.00317337
2200 0.998883 0.00302778
2300 0.998678 0.0029004
2400 0.998428 0.00278817
2500 0.998377 0.00267479
2600 0.997063 0.0028865
2700 0.996963 0.00277934
2800 0.997075 0.0026806
2900 0.997332 0.00259925
3000 0.997247 0.00251256
3100 0.997304 0.00243083
3200 0.997095 0.00236291
3300 0.997081 0.00229023
3400 0.996557 0.00228299
3500 0.99648 0.00221812
3600 0.996275 0.00216536
3700 0.996353 0.00210748
3800 0.996254 0.00205368
3900 0.996831 0.00208185
4000 0.997008 0.00203685
4100 0.997237 0.00199975
4200 0.997463 0.00196454
4300 0.9972 0.00193624
4400 0.997554 0.00192463
4500 0.99754 0.00188142
4600 0.997314 0.00185396
4700 0.997513 0.00182503
4800 0.997673 0.00179373
4900 0.997555 0.0017607
5000 0.997912 0.00176173
5100 0.997917 0.00172685
5200 0.997982 0.00169455
5300 0.998148 0.0016705
5400 0.997966 0.00164933
5500 0.998065 0.0016221
5600 0.998003 0.00159405
5700 0.998018 0.0015659
5800 0.997963 0.00153964
5900 0.997633 0.00154901
6000 0.997445 0.00153449
6100 0.99739 0.00151012
6200 0.997192 0.00149875
6300 0.997277 0.00147723
6400 0.997373 0.00145712
6500 0.997375 0.00143453
6600 0.997605 0.00143121
6700 0.997621 0.00140978
6800 0.99785 0.00140767
6900 0.997681 0.00139734
7000 0.997823 0.00138452
7100 0.997767 0.00136601
7200 0.997763 0.00134691
7300 0.997997 0.00134883
7400 0.998437 0.00140111
7500 0.99844 0.00138231
7600 0.998497 0.00136518
7700 0.998679 0.00135964
7800 0.99862 0.0013434
7900 0.998679 0.00132761
8000 0.998761 0.00131345
8100 0.998797 0.00129763
8200 0.998746 0.00128273
8300 0.998556 0.00128139
8400 0.998625 0.00126793
8500 0.998842 0.00127166
8600 0.998785 0.00125809
8700 0.99859 0.00125874
8800 0.998463 0.00125085
8900 0.998535 0.00123881
9000 0.998446 0.00122817
9100 0.998461 0.00121469
9200 0.998333 0.00120829
9300 0.998512 0.00120866
9400 0.998648 0.00120342
9500 0.99882 0.00120297
9600 0.998693 0.00119706
9700 0.998544 0.00119408
9800 0.998535 0.00118187
9900 0.998691 0.00118028
10000 0.99888 0.00118364
