1 1 0
2 1.41606 0.00373367
3 1.7369 0.00566859
4 1.99664 0.00683878
5 2.22832 0.0075242
6 2.44066 0.00851187
7 2.63753 0.0100787
8 2.8163 0.0116462
9 2.99086 0.0123834
10 3.15044 0.0131419
11 3.30227 0.0133328
12 3.44857 0.0145594
13 3.60176 0.0152236
14 3.73527 0.0144828
15 3.87393 0.0149849
16 3.99926 0.0157486
17 4.1228 0.016184
18 4.24589 0.0165153
19 4.36067 0.0166332
20 4.46691 0.0169011
21 4.57065 0.0170394
22 4.67955 0.0185874
23 4.79494 0.018578
24 4.90128 0.0190874
25 5.0029 0.0199599
26 5.0994 0.0205667
27 5.18828 0.0203339
28 5.28856 0.0215387
29 5.37378 0.0218003
30 5.45802 0.0216943
31 5.54649 0.0219944
32 5.63025 0.0225319
33 5.71242 0.0227449
34 5.80087 0.0226298
35 5.8864 0.0231216
36 5.97094 0.0234625
37 6.05199 0.0231532
38 6.13546 0.0229584
39 6.22163 0.0230776
40 6.29624 0.0230906
41 6.37294 0.0236741
42 6.44362 0.0244892
43 6.52134 0.0256114
44 6.60025 0.0266748
45 6.67573 0.0273891
46 6.74386 0.0269122
47 6.81821 0.0273308
48 6.88876 0.027547
49 6.96298 0.0274421
50 7.03318 0.0278527
51 7.1034 0.0287662
52 7.17231 0.027918
53 7.23468 0.0276689
54 7.30567 0.0271504
55 7.36386 0.0272163
56 7.43377 0.0271297
57 7.50044 0.0279378
58 7.57913 0.0283663
59 7.64234 0.0285719
60 7.71281 0.0275292
61 7.78085 0.0273625
62 7.84211 0.0290548
63 7.90091 0.0292723
64 7.96097 0.0296844
65 8.02927 0.0300321
66 8.09175 0.0303196
67 8.15405 0.0316536
68 8.21576 0.0323379
69 8.27488 0.0323054
70 8.34321 0.0322337
71 8.40044 0.0324547
72 8.46819 0.0327699
73 8.52546 0.0324056
74 8.59039 0.0321917
75 8.65217 0.0331062
76 8.71286 0.032264
77 8.77185 0.0328157
78 8.82724 0.0332712
79 8.86779 0.0341272
80 8.92233 0.0336611
81 8.99075 0.0340666
82 9.05038 0.0346608
83 9.0966 0.0345
84 9.1662 0.0348637
85 9.225 0.0346633
86 9.27734 0.0354638
87 9.32795 0.036093
88 9.37066 0.0357235
89 9.41988 0.0354894
90 9.46426 0.0355837
91 9.5252 0.0357951
92 9.58664 0.0348961
93 9.63626 0.0343185
94 9.67405 0.0338859
95 9.72517 0.0341497
96 9.78195 0.0342463
97 9.83168 0.0343268
98 9.88036 0.0350595
99 9.94583 0.0354214
100 9.99113 0.0352661
