1 1 0
2 1.41573 0.00466412
3 1.73781 0.00661085
4 2.00346 0.00777903
5 2.23835 0.00896918
6 2.45069 0.0091501
7 2.64686 0.0107405
8 2.83932 0.0110988
9 3.00253 0.0112757
10 3.16416 0.0119602
11 3.31001 0.0125368
12 3.45823 0.0132874
13 3.59737 0.0132818
14 3.72466 0.0135977
15 3.85949 0.0142096
16 3.98977 0.0146531
17 4.10904 0.0149916
18 4.23394 0.0149781
19 4.34634 0.0163661
20 4.4496 0.016836
21 4.55838 0.0173757
22 4.66301 0.0178339
23 4.76485 0.0179476
24 4.87268 0.0179269
25 4.97228 0.0172835
26 5.08627 0.0185112
27 5.18011 0.0198727
28 5.27445 0.0207664
29 5.36083 0.0213354
30 5.45941 0.0213434
31 5.55148 0.0227774
32 5.6477 0.0234603
33 5.72966 0.0247047
34 5.81053 0.0244919
35 5.88928 0.0248375
36 5.9733 0.0252256
37 6.05071 0.0256348
38 6.13696 0.0274016
39 6.20883 0.0274055
40 6.29452 0.0273296
41 6.37467 0.0287571
42 6.45175 0.0295662
43 6.52454 0.0294051
44 6.59775 0.0291625
45 6.67537 0.0300532
46 6.74912 0.0300631
47 6.82127 0.0307106
48 6.89921 0.0303663
49 6.97204 0.0311591
50 7.03808 0.0311791
51 7.10392 0.0313723
52 7.17957 0.0311237
53 7.23892 0.0314388
54 7.30401 0.0318823
55 7.37294 0.0323045
56 7.44076 0.032813
57 7.51676 0.0334039
58 7.58083 0.0337657
59 7.65518 0.0343178
60 7.72316 0.0347212
61 7.79311 0.0352876
62 7.85281 0.0343856
63 7.9193 0.0344211
64 7.99715 0.0338587
65 8.05874 0.0343823
66 8.11975 0.0355531
67 8.17036 0.0352941
68 8.23389 0.035314
69 8.30321 0.0357076
70 8.36503 0.036069
71 8.42385 0.0355113
72 8.48088 0.0345061
73 8.53937 0.0345961
74 8.60584 0.0349285
75 8.66896 0.0344578
76 8.7261 0.0338846
77 8.79403 0.0351906
78 8.84689 0.0354411
79 8.90929 0.0357796
80 8.96112 0.0368631
81 9.02027 0.0370758
82 9.08225 0.0375484
83 9.1498 0.0375001
84 9.20193 0.0381396
85 9.25673 0.0378716
86 9.30913 0.0377512
87 9.36663 0.0369371
88 9.41409 0.0373642
89 9.46425 0.0379298
90 9.52158 0.0389531
91 9.58349 0.0387802
92 9.63511 0.0382822
93 9.68631 0.038114
94 9.73548 0.038597
95 9.79842 0.0392578
96 9.84438 0.0387423
97 9.89979 0.0376974
98 9.94866 0.0376221
99 9.99407 0.0379933
100 10.0436 0.0386287
