1 0.502171
2 0.495057
3 0.496684
4 0.502535
5 0.50326
6 0.499131
7 0.494736
8 0.498451
9 0.505088
10 0.500786
11 0.496293
12 0.500167
13 0.499004
14 0.501328
15 0.493334
16 0.49691
17 0.49686
18 0.497389
19 0.497901
20 0.490964
21 0.49887
22 0.495493
23 0.500732
24 0.498106
25 0.499448
26 0.491518
27 0.498551
28 0.503217
29 0.492503
30 0.499057
31 0.501481
32 0.502307
33 0.495691
34 0.500079
35 0.499362
36 0.504677
37 0.495093
38 0.497937
39 0.502238
40 0.497214
41 0.491397
42 0.49557
43 0.494711
44 0.495891
45 0.493829
46 0.49941
47 0.498751
48 0.497153
49 0.497959
50 0.496677
51 0.4905
52 0.49373
53 0.493485
54 0.49711
55 0.500664
56 0.502814
57 0.496492
58 0.493685
59 0.498031
60 0.492151
61 0.492955
62 0.502241
63 0.501012
64 0.4943
65 0.503288
66 0.504023
67 0.492611
68 0.501472
69 0.497534
70 0.502692
71 0.500273
72 0.494268
73 0.498027
74 0.501488
75 0.500499
76 0.498284
77 0.49364
78 0.49197
79 0.489551
80 0.501772
81 0.494076
82 0.498153
83 0.502333
84 0.495177
85 0.499815
86 0.502052
87 0.50124
88 0.495875
89 0.498742
90 0.503761
91 0.494826
92 0.496722
93 0.502156
94 0.49426
95 0.500643
96 0.495451
97 0.50032
98 0.493888
99 0.50136
100 0.494626
