1 0.500636
2 0.505375
3 0.50852
4 0.508898
5 0.503874
6 0.508301
7 0.500355
8 0.503025
9 0.505553
10 0.502491
11 0.505278
12 0.508723
13 0.509611
14 0.5034
15 0.511235
16 0.505862
17 0.507725
18 0.511082
19 0.499004
20 0.507591
21 0.507215
22 0.508461
23 0.50167
24 0.501491
25 0.510663
26 0.50212
27 0.514953
28 0.505903
29 0.499372
30 0.503265
31 0.506954
32 0.507578
33 0.497611
34 0.501612
35 0.503509
36 0.506648
37 0.501465
38 0.498684
39 0.502147
40 0.506491
41 0.505034
42 0.504132
43 0.503175
44 0.501014
45 0.501127
46 0.503014
47 0.502199
48 0.512839
49 0.508372
50 0.505677
51 0.512033
52 0.49005
53 0.50565
54 0.501119
55 0.504596
56 0.505712
57 0.504538
58 0.509724
59 0.506322
60 0.503087
61 0.504388
62 0.497626
63 0.501846
64 0.503189
65 0.508095
66 0.509797
67 0.508596
68 0.503912
69 0.506128
70 0.499865
71 0.506904
72 0.499527
73 0.506148
74 0.500207
75 0.50461
76 0.50706
77 0.506892
78 0.506241
79 0.505142
80 0.506956
81 0.507058
82 0.505862
83 0.507313
84 0.508896
85 0.505218
86 0.500321
87 0.507093
88 0.509947
89 0.502832
90 0.505676
91 0.506137
92 0.508888
93 0.513157
94 0.505684
95 0.508285
96 0.504256
97 0.499628
98 0.503285
99 0.505101
100 0.513728
