1 0.491152
2 0.490789
3 0.501959
4 0.487295
5 0.494395
6 0.495375
7 0.492432
8 0.493486
9 0.482599
10 0.491382
11 0.494598
12 0.489794
13 0.494169
14 0.494006
15 0.485621
16 0.493012
17 0.491696
18 0.490922
19 0.496365
20 0.482818
21 0.493619
22 0.490914
23 0.487038
24 0.491488
25 0.494143
26 0.486375
27 0.494874
28 0.493861
29 0.49509
30 0.487302
31 0.488865
32 0.496407
33 0.493138
34 0.496651
35 0.494968
36 0.491687
37 0.489696
38 0.487723
39 0.489037
40 0.4909
41 0.495214
42 0.49344
43 0.485739
44 0.493905
45 0.494153
46 0.489613
47 0.494897
48 0.489869
49 0.490115
50 0.493572
51 0.494705
52 0.500629
53 0.496599
54 0.492191
55 0.494608
56 0.494419
57 0.484738
58 0.495631
59 0.496675
60 0.495654
61 0.487893
62 0.496429
63 0.486884
64 0.497852
65 0.489871
66 0.485813
67 0.487472
68 0.492945
69 0.493653
70 0.485318
71 0.488379
72 0.49492
73 0.497325
74 0.486398
75 0.498706
76 0.494093
77 0.498223
78 0.495031
79 0.487825
80 0.489725
81 0.487413
82 0.491704
83 0.491464
84 0.489833
85 0.491415
86 0.489848
87 0.494561
88 0.491575
89 0.491709
90 0.493299
91 0.486631
92 0.492536
93 0.497694
94 0.490803
95 0.493313
96 0.49022
97 0.488153
98 0.487177
99 0.49195
100 0.49526
