1 0.508269
2 0.50736
3 0.508892
4 0.50229
5 0.504637
6 0.503147
7 0.506966
8 0.508576
9 0.50299
10 0.498507
11 0.502857
12 0.498106
13 0.50295
14 0.506646
15 0.491952
16 0.510513
17 0.505795
18 0.496644
19 0.508286
20 0.5032
21 0.502082
22 0.510094
23 0.507801
24 0.50444
25 0.503914
26 0.508238
27 0.496722
28 0.501862
29 0.512195
30 0.502514
31 0.50501
32 0.503325
33 0.506495
34 0.503661
35 0.503021
36 0.504592
37 0.504566
38 0.504973
39 0.505789
40 0.50671
41 0.505202
42 0.501067
43 0.512423
44 0.504339
45 0.500589
46 0.501708
47 0.504542
48 0.50234
49 0.506601
50 0.503419
51 0.502787
52 0.507701
53 0.501994
54 0.499036
55 0.502088
56 0.501425
57 0.51062
58 0.502083
59 0.502063
60 0.501707
61 0.499894
62 0.496005
63 0.506467
64 0.500122
65 0.508074
66 0.509346
67 0.495497
68 0.498702
69 0.511954
70 0.509021
71 0.501704
72 0.504629
73 0.508583
74 0.502529
75 0.503994
76 0.506273
77 0.5069
78 0.50569
79 0.504033
80 0.506218
81 0.500525
82 0.504049
83 0.504981
84 0.509957
85 0.508531
86 0.508566
87 0.500881
88 0.505059
89 0.503952
90 0.506417
91 0.50205
92 0.496323
93 0.505707
94 0.503087
95 0.507467
96 0.512538
97 0.512134
98 0.509704
99 0.500374
100 0.498133
