2.53471 -2.27836 2.53471
-3.57024 0.062548 -3.57024
-4.98324 2.82546 -4.98324
-4.34028 -4.01204 -4.34028
7.23341 1.78937 7.23341
8.60037 2.18745 8.60037
3.24396 1.94742 3.24396
3.14635 2.00315 3.14635
-5.10055 2.4512 -5.10055
-1.51502 0.207672 -1.51502
-6.40284 2.30936 -6.40284
1.36684 -1.33132 1.36684
-2.81467 2.77026 -2.81467
-4.866 -2.80763 -4.866
-2.1365 0.984043 -2.1365
4.04795 -0.835002 4.04795
2.11242 -0.845042 2.11242
-1.34627 -0.377229 -1.34627
4.51127 3.10568 4.51127
-6.214 4.16764 -6.214
-3.82707 1.55341 -3.82707
3.08863 -1.74448 3.08863
3.00911 0.205066 3.00911
-3.97801 -0.265838 -3.97801
-6.72293 -0.321377 -6.72293
4.34367 0.722519 4.34367
-4.97114 0.527347 -4.97114
1.67383 1.53223 1.67383
3.08292 -1.54589 3.08292
4.99831 -0.328574 4.99831
5.55366 -1.69164 5.55366
-3.28932 -1.65044 -3.28932
-3.05341 -1.1274 -3.05341
-4.97366 2.05506 -4.97366
-9.13834 2.62833 -9.13834
3.39165 -3.71626 3.39165
-4.63825 3.75351 -4.63825
-5.58012 1.14645 -5.58012
2.30212 1.46399 2.30212
6.82374 -4.10949 6.82374
-2.50778 -0.267734 -2.50778
2.82044 0.602082 2.82044
-1.99296 -0.844201 -1.99296
-1.34962 3.41853 -1.34962
2.12393 10.2932 2.12393
6.10995 2.20899 6.10995
4.47192 1.26231 4.47192
1.62396 0.185006 1.62396
10.2413 6.60737 10.2413
-1.19466 1.72295 -1.19466
-3.07844 0.75305 -3.07844
-11.4872 6.99827 -11.4872
-8.22247 -4.4198 -8.22247
-2.35637 -0.0570245 -2.35637
-4.8524 -0.144206 -4.8524
3.2284 1.13155 3.2284
2.11187 0.97616 2.11187
-1.41037 0.0262053 -1.41037
-5.5214 0.375185 -5.5214
-4.04526 -4.77724 -4.04526
-5.59365 -5.20225 -5.59365
-3.59639 -3.22459 -3.59639
2.63464 2.01685 2.63464
3.73632 1.43659 3.73632
-4.59546 7.65914 -4.59546
2.28648 -1.2529 2.28648
3.1836 -0.785247 3.1836
1.54046 -0.157358 1.54046
-1.54859 -0.396645 -1.54859
11.1218 1.57277 11.1218
6.97631 -1.36905 6.97631
-12.3438 3.53804 -12.3438
2.66364 -3.47787 2.66364
-1.42352 0.906773 -1.42352
2.61793 -1.35565 2.61793
2.12933 0.982107 2.12933
-1.93309 0.772717 -1.93309
-2.48838 -1.19123 -2.48838
-2.86411 0.902091 -2.86411
-4.35353 1.29468 -4.35353
6.66477 2.25052 6.66477
-2.51148 -0.192517 -2.51148
2.86179 2.86991 2.86179
5.70093 -1.73717 5.70093
6.75934 3.65748 6.75934
2.5327 0.351935 2.5327
-5.52647 3.00598 -5.52647
-5.63196 -1.96988 -5.63196
3.63695 0.767899 3.63695
-3.01867 2.47296 -3.01867
-8.40119 -3.54472 -8.40119
-7.07253 -1.06164 -7.07253
6.08719 -1.43631 6.08719
-8.35906 3.08278 -8.35906
1.96966 -0.974792 1.96966
-3.29144 -0.107654 -3.29144
3.73698 -0.633789 3.73698
3.03881 1.6553 3.03881
1.93738 -0.89982 1.93738
3.68429 -0.0312085 3.68429
-1.17807 1.21912 -1.17807
-2.4181 -0.376737 -2.4181
-1.75693 -0.0741726 -1.75693
-2.56664 0.455355 -2.56664
-2.40669 0.125508 -2.40669
-3.12633 -0.883594 -3.12633
-2.25349 0.599032 -2.25349
-6.67974 3.80218 -6.67974
-6.50171 -0.310093 -6.50171
1.38271 -0.626237 1.38271
-1.40044 1.33799 -1.40044
-1.49147 1.14093 -1.49147
-6.64906 1.86885 -6.64906
-1.19188 3.95628 -1.19188
-3.96594 -3.73289 -3.96594
4.1728 2.02882 4.1728
8.06178 9.27521 8.06178
6.02298 -4.34775 6.02298
5.81825 2.06539 5.81825
2.2571 0.252901 2.2571
5.12926 2.00265 5.12926
7.89928 0.766637 7.89928
2.98648 2.02945 2.98648
-2.63076 -0.954996 -2.63076
1.94072 -1.63518 1.94072
3.28931 -0.476793 3.28931
-8.06206 -2.86087 -8.06206
-3.86233 -0.0225626 -3.86233
-3.14882 -2.43194 -3.14882
1.72008 0.457633 1.72008
3.46524 -2.03014 3.46524
-4.13635 2.38382 -4.13635
-2.01667 -3.37349 -2.01667
-4.73359 0.974889 -4.73359
-7.8819 0.277333 -7.8819
2.0815 -3.97905 2.0815
-3.19212 -0.65113 -3.19212
-6.4128 4.0355 -6.4128
4.77206 -0.432721 4.77206
-1.30165 -2.28924 -1.30165
-1.83078 -0.160296 -1.83078
-4.43514 1.16654 -4.43514
-2.61704 -2.13229 -2.61704
-8.96809 -0.738138 -8.96809
3.07415 -0.249199 3.07415
-4.67398 0.981463 -4.67398
-2.77696 1.0019 -2.77696
1.90176 -2.27324 1.90176
-3.25274 -4.56446 -3.25274
-10.417 3.24063 -10.417
2.54722 0.0822505 2.54722
-2.98325 3.84247 -2.98325
4.02537 3.49046 4.02537
8.35629 -3.19929 8.35629
-2.78493 -2.34098 -2.78493
-3.19456 -2.33344 -3.19456
-2.35219 0.129897 -2.35219
3.14245 -2.07849 3.14245
2.03019 -0.720202 2.03019
0.808803 -2.31207 0.808803
3.22359 2.06121 3.22359
2.53014 1.07486 2.53014
2.04447 0.385952 2.04447
2.36928 2.98174 2.36928
0.964329 -2.68676 0.964329
1.62992 0.927891 1.62992
2.65909 -1.60973 2.65909
-7.94395 1.80688 -7.94395
1.82873 -2.54453 1.82873
-2.49969 -0.314596 -2.49969
-2.92685 -0.914733 -2.92685
-2.19148 -1.32019 -2.19148
-5.80895 -5.83686 -5.80895
-1.38783 0.604614 -1.38783
-4.81314 0.0651425 -4.81314
2.97082 4.84254 2.97082
4.58965 -0.645168 4.58965
-6.67988 4.86759 -6.67988
-4.67384 0.251745 -4.67384
-11.4117 -0.914451 -11.4117
4.0095 -0.310109 4.0095
2.02462 -0.744046 2.02462
-1.23227 -0.901302 -1.23227
-3.9931 -1.83171 -3.9931
-3.09038 1.76634 -3.09038
-7.89273 0.351002 -7.89273
-4.2708 -0.437458 -4.2708
-3.82706 1.01583 -3.82706
-3.06227 -2.21746 -3.06227
7.2121 0.512909 7.2121
2.74828 -0.0844158 2.74828
5.49113 -2.19414 5.49113
-4.85739 1.00133 -4.85739
2.2539 1.05531 2.2539
-2.00077 0.41514 -2.00077
-2.36186 -3.79723 -2.36186
-3.1411 1.28436 -3.1411
5.34742 -0.757403 5.34742
-8.60175 -3.88103 -8.60175
-2.99569 0.140631 -2.99569
-1.5185 0.307312 -1.5185
2.62143 -1.45154 2.62143
-3.97455 -5.73299 -3.97455
-5.832 3.39116 -5.832
-3.33479 2.34582 -3.33479
1.06947 0.152471 1.06947
1.39197 -1.05378 1.39197
2.06174 2.57276 2.06174
-1.30955 -0.114523 -1.30955
1.56273 0.133886 1.56273
5.86304 -1.70012 5.86304
2.07654 2.26594 2.07654
2.11808 1.50326 2.11808
3.87069 1.94218 3.87069
3.74087 2.60367 3.74087
1.00058 -0.0222511 1.00058
4.06171 -0.182412 4.06171
5.43671 -0.747816 5.43671
3.66872 0.375826 3.66872
-1.21868 0.569164 -1.21868
2.07432 -0.637725 2.07432
-1.57703 0.166895 -1.57703
-4.12867 0.111405 -4.12867
-4.86737 -3.37973 -4.86737
4.3812 2.60197 4.3812
-4.19906 0.448097 -4.19906
-2.33169 -2.21057 -2.33169
-3.69299 0.479988 -3.69299
-4.91189 0.0348893 -4.91189
-1.58161 -0.432691 -1.58161
-2.21115 -3.15612 -2.21115
-5.37844 -1.71234 -5.37844
-3.7221 -0.679593 -3.7221
-3.85149 -4.61105 -3.85149
-6.01709 4.87041 -6.01709
5.60912 -2.72457 5.60912
5.52175 0.189333 5.52175
-3.18007 -2.19795 -3.18007
4.25737 -0.173196 4.25737
4.32837 0.442456 4.32837
5.77761 -3.60004 5.77761
4.93443 0.449419 4.93443
-8.49177 -0.860408 -8.49177
3.83046 -0.991456 3.83046
3.08184 4.32554 3.08184
-0.52598 0.467207 -0.52598
-3.91315 -3.37138 -3.91315
-10.3339 0.5225 -10.3339
5.38334 -0.728716 5.38334
5.64678 -2.1775 5.64678
9.63443 -1.99971 9.63443
-2.33578 2.62899 -2.33578
2.05677 -0.0434497 2.05677
5.83261 3.79435 5.83261
3.91232 -1.3645 3.91232
3.99527 -1.18576 3.99527
-3.10096 2.36592 -3.10096
-1.54131 -1.95687 -1.54131
5.83978 -0.235593 5.83978
5.55095 2.00536 5.55095
-1.37092 4.80391 -1.37092
-4.14826 2.74645 -4.14826
-5.38858 0.255824 -5.38858
6.18204 -0.691033 6.18204
-1.65602 -3.11747 -1.65602
-1.81825 -0.595075 -1.81825
0.847924 -1.86914 0.847924
-4.25192 -1.80652 -4.25192
6.11101 1.80504 6.11101
-3.04597 1.57832 -3.04597
11.7625 -1.33721 11.7625
-4.03442 0.94914 -4.03442
-7.21288 -1.75231 -7.21288
-2.47557 0.403636 -2.47557
-2.92925 3.27103 -2.92925
-4.71404 1.25313 -4.71404
-4.39351 -0.765761 -4.39351
3.50617 -0.405157 3.50617
2.22855 -1.62492 2.22855
0.632145 0.0463656 0.632145
-3.35475 -1.45791 -3.35475
0.750837 -0.0499824 0.750837
-5.64918 0.471938 -5.64918
7.50149 -2.35371 7.50149
4.12402 -5.22295 4.12402
-2.27469 0.691239 -2.27469
1.66954 1.16326 1.66954
2.47157 -1.108 2.47157
3.12665 -4.13791 3.12665
1.94043 2.10453 1.94043
-2.62209 9.62642 -2.62209
-4.75167 3.66966 -4.75167
-4.201 5.37366 -4.201
4.94458 1.50093 4.94458
-3.36352 1.00653 -3.36352
-3.97308 -0.119451 -3.97308
-2.53559 -2.92272 -2.53559
5.28807 1.32206 5.28807
1.62002 1.12204 1.62002
2.31197 1.17006 2.31197
2.2208 1.36459 2.2208
2.56847 -2.6616 2.56847
4.02897 -0.560917 4.02897
1.50829 1.97489 1.50829
0.730895 -0.232896 0.730895
-1.67305 -2.59033 -1.67305
-6.39286 -2.57354 -6.39286
-2.76786 0.0330085 -2.76786
-4.4365 0.58603 -4.4365
2.77073 -0.680418 2.77073
-1.22937 0.260429 -1.22937
-3.33871 2.66502 -3.33871
-3.34511 1.05985 -3.34511
-5.37808 2.48386 -5.37808
-1.95974 -0.254524 -1.95974
5.19723 3.203 5.19723
0.936597 0.978047 0.936597
-8.3168 -0.771621 -8.3168
4.41303 -1.90748 4.41303
3.88487 -1.56372 3.88487
1.47015 -1.18797 1.47015
-1.69178 2.99334 -1.69178
2.43913 -2.04067 2.43913
4.42804 -0.309861 4.42804
-1.51549 1.65422 -1.51549
-3.12785 0.444885 -3.12785
-3.04158 1.18157 -3.04158
1.63278 -2.46859 1.63278
4.4718 0.681151 4.4718
-4.23274 -3.67618 -4.23274
2.56232 1.53921 2.56232
4.54719 -0.620528 4.54719
-4.55475 2.47444 -4.55475
2.22291 -1.48917 2.22291
4.75596 1.75692 4.75596
0.817852 -2.39678 0.817852
-1.97555 -0.61421 -1.97555
1.61946 1.96516 1.61946
2.81756 -0.642862 2.81756
3.5764 -2.78419 3.5764
7.37185 -1.3399 7.37185
2.1009 3.06512 2.1009
1.69278 -1.56985 1.69278
-6.29948 0.449158 -6.29948
-5.00551 3.35758 -5.00551
-4.29273 3.87406 -4.29273
2.77248 1.20482 2.77248
4.18332 1.52626 4.18332
6.59351 7.08608 6.59351
-3.75823 2.76005 -3.75823
-3.68024 0.616759 -3.68024
-6.18175 3.4682 -6.18175
0.814273 0.886612 0.814273
2.53349 0.850062 2.53349
-6.32947 1.70241 -6.32947
2.53493 1.74634 2.53493
-10.1755 -3.68597 -10.1755
2.29515 -2.30707 2.29515
5.19348 1.15149 5.19348
3.33127 2.45518 3.33127
3.0629 1.41441 3.0629
1.09323 0.00917996 1.09323
2.90382 -1.08622 2.90382
-1.80057 5.2425 -1.80057
-1.32119 1.88519 -1.32119
3.22042 -0.12374 3.22042
-5.79269 -3.59551 -5.79269
-1.99187 -1.90957 -1.99187
4.66918 2.14016 4.66918
6.66265 1.79671 6.66265
-3.74806 -0.189489 -3.74806
-4.1347 1.33322 -4.1347
-3.62906 2.15554 -3.62906
-0.815088 -2.84198 -0.815088
2.59142 -2.4207 2.59142
2.37515 1.21929 2.37515
4.66036 -0.838837 4.66036
7.3633 -6.282 7.3633
4.67309 1.45895 4.67309
-1.88295 2.52284 -1.88295
-3.29217 -1.1427 -3.29217
3.75238 -1.36172 3.75238
5.80893 1.71437 5.80893
2.57405 0.63648 2.57405
-2.51418 2.23624 -2.51418
7.50532 -2.3237 7.50532
9.68473 3.23771 9.68473
4.15877 -0.499568 4.15877
-3.11942 1.02841 -3.11942
3.06613 -3.01172 3.06613
6.94333 -3.77344 6.94333
5.15939 2.41285 5.15939
7.27917 0.752309 7.27917
3.89032 2.25223 3.89032
-6.35126 1.38251 -6.35126
3.6866 -0.31298 3.6866
-6.4714 -5.17123 -6.4714
-5.84519 -2.5586 -5.84519
4.56923 -1.45113 4.56923
3.15407 3.15756 3.15407
-7.23767 -3.89408 -7.23767
-3.90414 -5.39171 -3.90414
-3.24354 -0.0558831 -3.24354
2.81879 0.514007 2.81879
5.46375 2.67611 5.46375
-6.31989 0.0674959 -6.31989
-0.81203 1.85772 -0.81203
-3.87923 -2.7371 -3.87923
1.35485 -0.349611 1.35485
-1.12233 -1.52781 -1.12233
-3.81531 2.36992 -3.81531
-1.51495 -2.41922 -1.51495
-3.80337 -0.224723 -3.80337
1.68175 1.42209 1.68175
5.99401 -0.745607 5.99401
3.18184 0.903415 3.18184
2.84456 -1.84139 2.84456
4.23094 -0.606533 4.23094
2.125 3.36917 2.125
4.84578 -7.94857 4.84578
6.63864 1.3071 6.63864
2.97833 0.172161 2.97833
4.80938 -5.545 4.80938
-9.04225 -0.980085 -9.04225
2.82072 6.26937 2.82072
2.51125 -0.0727869 2.51125
-2.70212 1.05084 -2.70212
-1.68666 7.64284 -1.68666
-8.35024 3.03769 -8.35024
-2.12408 0.777568 -2.12408
-5.24072 2.40441 -5.24072
-5.99594 -6.70713 -5.99594
4.73715 -2.28547 4.73715
2.19144 0.860746 2.19144
2.39156 0.179292 2.39156
-2.02395 -2.37752 -2.02395
3.02257 1.28515 3.02257
-2.19533 -1.66516 -2.19533
-4.96201 -3.48339 -4.96201
-5.8353 -2.45619 -5.8353
4.39982 1.67479 4.39982
2.63179 5.70964 2.63179
-4.39715 -3.33887 -4.39715
5.30729 4.42228 5.30729
-4.59305 -2.84349 -4.59305
6.36657 0.868949 6.36657
0.95197 -0.994659 0.95197
5.77847 1.92529 5.77847
-0.772954 -1.62744 -0.772954
-6.31752 0.467316 -6.31752
-3.84937 2.54661 -3.84937
-4.77289 -2.43882 -4.77289
-4.8712 4.53076 -4.8712
-2.71562 1.51964 -2.71562
5.15973 2.61314 5.15973
-4.53505 -0.353226 -4.53505
2.18698 -1.09036 2.18698
2.12532 1.54109 2.12532
-3.11604 1.83622 -3.11604
-8.25538 5.30591 -8.25538
-10.2351 -5.63446 -10.2351
2.47323 -0.756834 2.47323
-5.33755 -1.92158 -5.33755
1.52784 -1.27412 1.52784
5.56822 2.07915 5.56822
1.8356 1.64596 1.8356
1.38417 -1.58108 1.38417
2.98214 2.63672 2.98214
-2.18626 -0.596936 -2.18626
-6.03013 -4.1763 -6.03013
-4.40417 0.184051 -4.40417
-6.87607 1.58729 -6.87607
-4.0944 0.143269 -4.0944
-4.09862 -1.17908 -4.09862
-6.30776 -0.708032 -6.30776
2.41033 -2.76814 2.41033
8.26471 -1.58889 8.26471
-4.69317 -4.08178 -4.69317
2.17342 -1.89302 2.17342
2.6356 -1.11485 2.6356
2.33873 1.38127 2.33873
-3.94958 0.0219694 -3.94958
-6.86612 -0.361179 -6.86612
4.45923 -2.39091 4.45923
2.21494 1.69628 2.21494
9.23731 -2.00292 9.23731
-1.29396 -0.0338113 -1.29396
-1.94492 -1.92601 -1.94492
-2.87364 1.09187 -2.87364
-4.11336 -0.314472 -4.11336
4.49643 2.54913 4.49643
2.59234 -1.11628 2.59234
-5.98538 -1.50259 -5.98538
6.35479 -2.43548 6.35479
4.87509 -6.66031 4.87509
1.08136 1.62533 1.08136
-5.2954 -5.82121 -5.2954
-6.60853 3.34269 -6.60853
-5.66906 5.35651 -5.66906
-2.64408 1.58695 -2.64408
-1.4695 3.83488 -1.4695
4.88871 -0.642387 4.88871
6.1104 -8.90893 6.1104
-1.94537 -0.579659 -1.94537
-6.95178 -8.55084 -6.95178
-2.15235 -1.74445 -2.15235
5.51955 0.952069 5.51955
-3.09703 -0.6956 -3.09703
-4.36165 5.32904 -4.36165
-5.79705 -0.281318 -5.79705
-3.55294 -3.65905 -3.55294
3.0566 1.57046 3.0566
7.41953 -2.80821 7.41953
2.54021 -1.16674 2.54021
1.56993 -2.72717 1.56993
3.20031 -1.04409 3.20031
-1.25196 -0.183666 -1.25196
-2.834 0.135104 -2.834
-3.9096 3.49988 -3.9096
4.0222 0.569304 4.0222
2.55838 -0.263164 2.55838
-6.18661 4.43748 -6.18661
5.46353 -1.22181 5.46353
2.5803 7.22511 2.5803
2.19475 0.655213 2.19475
-1.47862 -2.94305 -1.47862
2.46699 -0.702191 2.46699
-3.17208 2.25647 -3.17208
-3.31996 1.50125 -3.31996
-2.04918 -0.338695 -2.04918
1.5193 0.474372 1.5193
3.17684 4.26383 3.17684
-2.73552 2.33034 -2.73552
-2.53484 -2.02197 -2.53484
2.35376 2.4611 2.35376
-0.291793 -0.0797435 -0.291793
4.11 2.40516 4.11
-4.9353 1.42869 -4.9353
2.5892 -2.24445 2.5892
5.84754 -2.72735 5.84754
-7.18867 2.82925 -7.18867
-6.31878 0.0175831 -6.31878
-3.06687 -2.44018 -3.06687
3.72231 2.02007 3.72231
2.79346 -1.991 2.79346
-4.26934 -1.90753 -4.26934
1.48439 -0.618043 1.48439
3.52287 3.07082 3.52287
1.6577 -3.92813 1.6577
3.97697 0.828644 3.97697
-1.55425 1.87753 -1.55425
-4.79907 1.28564 -4.79907
1.44546 -2.37604 1.44546
-4.06006 -0.470433 -4.06006
-2.63597 1.75024 -2.63597
-2.74646 -0.73455 -2.74646
-3.03568 0.332412 -3.03568
-2.18809 0.0197462 -2.18809
1.06885 0.0586695 1.06885
5.93169 3.32653 5.93169
-4.80399 2.48277 -4.80399
1.1872 -0.976207 1.1872
3.28605 -1.2606 3.28605
-1.84917 0.45564 -1.84917
3.84688 1.56722 3.84688
8.71262 3.73975 8.71262
-1.1433 0.620456 -1.1433
-3.62157 0.562078 -3.62157
2.20041 0.30507 2.20041
-2.40668 0.471235 -2.40668
9.72432 -0.0761971 9.72432
1.29798 -4.0451 1.29798
0.432514 -2.16714 0.432514
-2.65155 1.36216 -2.65155
-2.4704 1.36405 -2.4704
5.40092 -2.37758 5.40092
-1.50833 2.26694 -1.50833
-1.64142 -1.23546 -1.64142
-2.76546 1.32308 -2.76546
-2.37418 -1.51518 -2.37418
-4.72901 -0.00850999 -4.72901
4.80785 3.52036 4.80785
2.19365 -1.93762 2.19365
-4.39061 -2.85358 -4.39061
5.03597 0.830619 5.03597
3.32345 -1.9595 3.32345
4.54085 -0.77391 4.54085
0.984828 3.44023 0.984828
2.69849 -0.132093 2.69849
2.17524 2.86906 2.17524
-2.58265 -1.25103 -2.58265
-4.69136 1.05397 -4.69136
-3.67363 2.29729 -3.67363
-6.29227 -1.78155 -6.29227
-2.28204 0.282524 -2.28204
3.31201 -3.5391 3.31201
-5.02295 -0.291669 -5.02295
6.82423 0.32156 6.82423
-0.326179 1.15864 -0.326179
-2.50311 2.31659 -2.50311
-1.95802 -0.838245 -1.95802
-2.62442 0.97761 -2.62442
3.93613 1.12382 3.93613
4.15411 -2.23725 4.15411
5.59821 -0.849519 5.59821
1.85148 1.96945 1.85148
7.08715 -0.843419 7.08715
-0.999979 -3.50693 -0.999979
1.60838 0.68649 1.60838
-2.01071 -0.308572 -2.01071
2.27237 -1.63045 2.27237
2.04662 1.02434 2.04662
3.06004 1.37348 3.06004
4.53135 2.12794 4.53135
1.56903 0.0747574 1.56903
4.22058 1.81123 4.22058
2.66719 -0.25064 2.66719
2.20109 3.45543 2.20109
1.50997 1.06811 1.50997
-2.20152 1.36534 -2.20152
2.51771 5.7267 2.51771
4.33001 0.169705 4.33001
-4.0361 -3.18758 -4.0361
-6.19413 0.33154 -6.19413
-5.49822 -5.3332 -5.49822
-2.33702 2.38823 -2.33702
-3.45413 -1.34817 -3.45413
4.11359 5.64786 4.11359
-4.00005 0.881651 -4.00005
-3.81915 2.95392 -3.81915
3.22422 -3.49587 3.22422
5.40427 5.26701 5.40427
4.58473 -0.705685 4.58473
-2.19003 -1.99182 -2.19003
-2.29703 1.50272 -2.29703
-7.89895 -5.13223 -7.89895
-3.63562 -0.00138117 -3.63562
-3.17939 -2.84832 -3.17939
4.89305 1.65869 4.89305
1.20135 -2.46142 1.20135
-3.34289 -0.310702 -3.34289
6.15088 -2.37177 6.15088
3.70014 1.70399 3.70014
-2.13972 1.45396 -2.13972
-4.1602 -3.11042 -4.1602
5.0886 3.62783 5.0886
3.02924 -1.26466 3.02924
4.81324 -0.986751 4.81324
-2.2526 -4.51604 -2.2526
-2.79218 -0.722636 -2.79218
3.75661 1.19799 3.75661
-3.60955 1.83871 -3.60955
2.21636 -0.548908 2.21636
-2.10472 1.52616 -2.10472
2.67343 1.02114 2.67343
-1.29047 -0.077419 -1.29047
6.89616 2.34568 6.89616
2.45341 -1.66255 2.45341
-3.17729 3.18859 -3.17729
1.33356 1.42334 1.33356
-2.83293 -1.74682 -2.83293
-6.03462 -1.55188 -6.03462
2.65306 0.751461 2.65306
3.24187 0.421734 3.24187
-2.48622 -0.715492 -2.48622
-15.7204 5.0396 -15.7204
-2.66979 2.74626 -2.66979
-8.57928 -1.6606 -8.57928
-4.43329 2.07608 -4.43329
-4.13826 -1.77085 -4.13826
4.39384 2.74371 4.39384
-9.59873 5.30752 -9.59873
-3.38802 -5.74209 -3.38802
4.35498 -5.22782 4.35498
2.86142 -1.1822 2.86142
5.13171 3.1982 5.13171
-2.62037 2.25991 -2.62037
-6.09929 -2.15707 -6.09929
1.50809 1.3701 1.50809
-6.53138 -2.63003 -6.53138
4.65971 -2.24361 4.65971
3.55331 -1.36627 3.55331
4.7105 -3.18347 4.7105
5.3499 2.61118 5.3499
1.76617 1.51065 1.76617
-2.90147 0.15829 -2.90147
2.89021 2.82135 2.89021
3.98503 0.81079 3.98503
9.15317 2.9864 9.15317
-5.79246 4.38038 -5.79246
4.15215 -3.02223 4.15215
3.70831 -0.107409 3.70831
1.11444 -1.1917 1.11444
-5.93566 -4.08627 -5.93566
1.61093 -1.50005 1.61093
-5.66837 -3.13503 -5.66837
-2.91183 2.40987 -2.91183
-1.65291 1.11755 -1.65291
7.1283 -1.19249 7.1283
2.16845 -1.46873 2.16845
-5.89155 -0.233169 -5.89155
-3.62895 6.52328 -3.62895
4.69162 -0.67212 4.69162
1.58801 0.00316096 1.58801
1.78043 0.194918 1.78043
1.70265 2.62074 1.70265
-2.71628 2.32066 -2.71628
-4.55266 -2.60595 -4.55266
-1.78063 -0.92051 -1.78063
1.95054 -4.35182 1.95054
9.90411 -1.14902 9.90411
1.28788 2.47466 1.28788
2.21601 -1.12596 2.21601
9.4439 5.13662 9.4439
4.54867 0.0298404 4.54867
1.07679 -2.9481 1.07679
-8.85015 7.77894 -8.85015
-9.9763 -0.459201 -9.9763
4.64809 0.67052 4.64809
-3.43734 0.0443532 -3.43734
-1.97182 -1.39931 -1.97182
2.20735 -5.70368 2.20735
-6.60803 4.22213 -6.60803
-5.2973 1.90442 -5.2973
2.48196 1.23874 2.48196
-5.02029 -1.15078 -5.02029
-2.13859 1.03872 -2.13859
-6.17248 2.12065 -6.17248
-7.40124 -2.13965 -7.40124
3.92472 2.13735 3.92472
2.36316 1.31965 2.36316
-2.82376 -0.520171 -2.82376
-3.45204 0.163892 -3.45204
-5.05281 4.75436 -5.05281
-9.12756 1.79648 -9.12756
4.3863 4.68833 4.3863
1.9224 -0.748534 1.9224
0.330074 -2.40388 0.330074
-3.10417 0.703029 -3.10417
-2.29251 0.477614 -2.29251
3.61888 -5.09694 3.61888
5.02364 -2.46421 5.02364
-1.69011 -2.18746 -1.69011
3.5018 -1.44752 3.5018
1.06684 -7.90391 1.06684
3.31463 -0.173805 3.31463
3.20732 -1.58929 3.20732
-6.39026 0.94264 -6.39026
1.7939 3.29613 1.7939
5.20892 1.52666 5.20892
-4.13376 -1.25564 -4.13376
5.84274 -5.12374 5.84274
-6.39175 -0.746106 -6.39175
0.808647 0.284022 0.808647
3.01151 0.48017 3.01151
3.02788 -0.228556 3.02788
4.60618 -0.546109 4.60618
3.35965 -3.78009 3.35965
3.24567 0.346155 3.24567
-2.30689 -0.500943 -2.30689
3.90742 0.422296 3.90742
6.61853 -0.287397 6.61853
1.88886 -0.437339 1.88886
-3.93999 0.214535 -3.93999
-3.77668 -4.11722 -3.77668
1.58763 -0.0159683 1.58763
1.26738 -0.676454 1.26738
-5.09412 -3.22568 -5.09412
2.98731 5.78867 2.98731
-2.4546 -0.0131238 -2.4546
-1.72657 0.142669 -1.72657
2.27202 0.0111601 2.27202
-0.878187 0.221311 -0.878187
-5.41156 -2.58428 -5.41156
2.71587 -4.69438 2.71587
2.0823 -1.35383 2.0823
-4.48235 -0.069262 -4.48235
-3.81781 -0.488945 -3.81781
-2.47846 -2.43974 -2.47846
2.9344 0.802378 2.9344
7.90415 -2.68124 7.90415
-5.47353 3.65671 -5.47353
8.39194 2.24139 8.39194
-4.44746 -2.34696 -4.44746
-3.41792 -1.23522 -3.41792
-8.61527 -4.39367 -8.61527
-3.63987 0.29401 -3.63987
4.97173 -2.3754 4.97173
-2.46873 1.64351 -2.46873
-6.0332 -2.36888 -6.0332
-2.81956 2.53124 -2.81956
-1.68713 0.587735 -1.68713
2.65372 1.28213 2.65372
2.24149 1.23886 2.24149
6.75866 1.04363 6.75866
9.44179 -3.9933 9.44179
2.05654 -0.59627 2.05654
5.73652 5.94042 5.73652
-5.68944 2.22629 -5.68944
-3.89252 -0.169381 -3.89252
1.32366 0.891354 1.32366
-1.52832 0.793804 -1.52832
2.35681 -2.02926 2.35681
-0.597138 2.19257 -0.597138
-1.29881 3.24049 -1.29881
-0.672006 2.00071 -0.672006
-3.93462 0.611239 -3.93462
-2.72886 5.06011 -2.72886
3.78924 -1.96159 3.78924
5.0673 -0.690681 5.0673
2.20647 -0.990268 2.20647
-3.99193 -1.19863 -3.99193
2.91537 -1.69966 2.91537
3.06116 6.92494 3.06116
3.0825 0.804975 3.0825
2.13846 -2.48338 2.13846
1.99821 -1.24533 1.99821
-5.34806 0.207552 -5.34806
0.683885 0.78563 0.683885
-2.78288 -5.14117 -2.78288
0.918124 -5.46146 0.918124
-5.68559 3.20829 -5.68559
-7.00155 -2.74169 -7.00155
-3.42639 -0.565689 -3.42639
3.0368 -2.47121 3.0368
-3.20736 -0.838674 -3.20736
2.60243 -2.91667 2.60243
3.33558 7.35194 3.33558
-7.39865 -5.52954 -7.39865
5.43459 -1.77715 5.43459
5.7903 -0.486754 5.7903
-6.39633 0.23207 -6.39633
2.12468 -1.74209 2.12468
-2.22785 2.12491 -2.22785
6.379 3.69323 6.379
-2.29876 -2.26269 -2.29876
-2.06807 -0.765615 -2.06807
-4.48699 2.37654 -4.48699
1.48707 0.677174 1.48707
3.34693 1.88988 3.34693
0.458099 2.18312 0.458099
-2.85763 -2.50254 -2.85763
4.77761 1.58119 4.77761
0.917026 0.267336 0.917026
3.71416 0.44361 3.71416
4.53964 -4.20112 4.53964
-1.89036 -0.0698185 -1.89036
2.68467 1.539 2.68467
-0.220248 -1.7991 -0.220248
8.34837 1.41502 8.34837
-3.22534 0.872543 -3.22534
-4.94127 -0.84332 -4.94127
-0.850365 0.771921 -0.850365
4.03614 -0.456763 4.03614
4.7021 -0.479222 4.7021
-2.29401 -4.43334 -2.29401
-4.83907 -1.90271 -4.83907
4.43898 -4.43929 4.43898
-5.72393 2.08173 -5.72393
5.16086 -0.118187 5.16086
-6.53696 -0.0300891 -6.53696
2.37901 -1.01546 2.37901
2.35091 -0.532874 2.35091
3.29444 2.35544 3.29444
7.28969 3.77041 7.28969
-6.42099 -0.743732 -6.42099
-3.78817 -3.04708 -3.78817
-6.33241 -3.01596 -6.33241
-5.66659 -0.708642 -5.66659
-2.99661 0.673376 -2.99661
5.29436 -0.898944 5.29436
-2.20532 -1.17138 -2.20532
-3.48706 -5.83724 -3.48706
-4.04375 -1.87955 -4.04375
-5.00458 1.69558 -5.00458
7.00811 3.68952 7.00811
-4.24956 0.10243 -4.24956
-9.92629 -3.01077 -9.92629
3.32365 0.0916579 3.32365
-3.314 2.37809 -3.314
-0.306229 2.99375 -0.306229
3.60685 1.91282 3.60685
6.10414 -0.945278 6.10414
2.38814 0.691064 2.38814
2.57054 -2.77723 2.57054
-2.99901 0.139525 -2.99901
4.92432 0.963441 4.92432
5.24248 1.05544 5.24248
2.57559 -1.06919 2.57559
-3.01769 0.546011 -3.01769
7.61803 -2.60538 7.61803
4.39935 5.6666 4.39935
-1.38878 -6.42617 -1.38878
3.64165 0.759962 3.64165
7.19495 -0.0730704 7.19495
-5.38305 -0.940755 -5.38305
1.69275 -0.290889 1.69275
-2.65771 4.02612 -2.65771
-3.15981 -0.231174 -3.15981
-4.02897 -2.98912 -4.02897
-2.73316 -2.40434 -2.73316
2.33077 -1.04212 2.33077
-2.31237 -1.35233 -2.31237
-2.13232 -3.54931 -2.13232
-3.81048 -0.500929 -3.81048
-4.24637 0.894477 -4.24637
-6.40444 -4.03955 -6.40444
3.12272 4.19587 3.12272
-1.64305 -1.30935 -1.64305
2.33025 3.16384 2.33025
-2.54868 0.112847 -2.54868
3.73821 -3.45882 3.73821
3.75107 5.00257 3.75107
1.09032 -5.11354 1.09032
-6.04166 3.06571 -6.04166
-2.37539 -0.307188 -2.37539
0.85671 -0.0499781 0.85671
5.21615 -9.00445 5.21615
-4.6983 1.38383 -4.6983
-0.434559 -1.06492 -0.434559
-3.1736 -8.33556 -3.1736
-5.88786 -4.87393 -5.88786
2.4558 -0.50489 2.4558
-6.14072 -2.38821 -6.14072
1.28126 -0.254109 1.28126
-1.24548 -1.14278 -1.24548
1.41254 0.41026 1.41254
3.22054 -1.10941 3.22054
-1.86737 3.18399 -1.86737
1.74283 -1.96168 1.74283
8.73449 6.1237 8.73449
-5.0445 1.61169 -5.0445
-2.52053 -0.822309 -2.52053
-2.71432 2.30774 -2.71432
-2.51648 -2.64594 -2.51648
4.0461 2.25364 4.0461
-2.33277 1.0277 -2.33277
2.17549 0.0443212 2.17549
4.66499 2.3911 4.66499
-2.57928 -0.282414 -2.57928
5.04721 -5.97826 5.04721
2.08443 -2.75222 2.08443
1.25177 1.48925 1.25177
3.83915 -2.98634 3.83915
-3.54112 2.172 -3.54112
4.07912 -1.94515 4.07912
-2.09279 -3.4715 -2.09279
-9.15008 -4.43912 -9.15008
1.3916 0.10481 1.3916
2.83507 1.31527 2.83507
1.40785 -0.795411 1.40785
-2.49334 -0.707678 -2.49334
2.13589 0.624974 2.13589
-4.4384 -1.90558 -4.4384
-1.98476 0.490512 -1.98476
-6.90392 3.09033 -6.90392
-8.31713 -0.73384 -8.31713
5.92163 -0.785875 5.92163
-2.42402 1.33237 -2.42402
-5.91735 -0.825973 -5.91735
-2.28534 2.56842 -2.28534
-1.74923 -0.572424 -1.74923
-1.64984 2.07256 -1.64984
-2.09016 0.0369612 -2.09016
7.52469 -3.37942 7.52469
1.60531 1.8122 1.60531
2.64682 0.779929 2.64682
-4.31344 5.23342 -4.31344
-2.81611 1.19014 -2.81611
2.08922 1.7646 2.08922
6.53082 -5.7941 6.53082
6.51205 0.198809 6.51205
-5.81596 0.7858 -5.81596
-9.15517 1.59882 -9.15517
1.47729 2.313 1.47729
3.27841 -0.166014 3.27841
3.71228 -1.71644 3.71228
-1.34161 0.537555 -1.34161
-2.71236 1.75961 -2.71236
3.75628 0.615868 3.75628
-2.66444 1.72187 -2.66444
-2.18524 3.27022 -2.18524
-5.45276 -0.204901 -5.45276
3.63709 4.1847 3.63709
3.72073 -1.76558 3.72073
4.7704 3.19515 4.7704
-2.13548 -2.5899 -2.13548
-5.26776 1.99369 -5.26776
-3.67596 -0.707907 -3.67596
-2.95986 2.76336 -2.95986
4.43719 3.09667 4.43719
10.4683 -1.73065 10.4683
1.05975 0.710917 1.05975
-2.618 -3.87476 -2.618
0.808756 -0.598054 0.808756
-1.82475 -1.33516 -1.82475
-2.32082 -0.526502 -2.32082
2.03038 -0.0378086 2.03038
-2.74533 -3.57585 -2.74533
-1.27715 1.50951 -1.27715
