-2.13801 -1.8711 -2.13801
1.55919 1.33215 1.55919
5.6415 -3.72986 5.6415
6.80653 -4.81075 6.80653
8.24696 3.44852 8.24696
2.28706 -0.0425929 2.28706
6.06251 -0.725798 6.06251
-1.68582 -3.83117 -1.68582
-2.15932 1.02065 -2.15932
-2.14943 -0.0953377 -2.14943
1.96938 -1.40709 1.96938
2.88163 -4.43852 2.88163
-2.91023 1.7992 -2.91023
2.13087 0.000726575 2.13087
-2.93232 0.802585 -2.93232
-2.90228 1.32691 -2.90228
4.50735 -5.01116 4.50735
-1.52431 -0.843755 -1.52431
2.57316 0.146763 2.57316
3.5459 1.89679 3.5459
6.06069 1.86965 6.06069
-7.71544 -2.28355 -7.71544
-4.52487 1.6375 -4.52487
-5.4711 0.26706 -5.4711
1.91343 1.01387 1.91343
3.29683 1.15853 3.29683
2.28974 -1.28152 2.28974
-5.04058 4.18555 -5.04058
1.73411 2.36041 1.73411
-2.11581 1.14231 -2.11581
2.75381 -0.79198 2.75381
2.77312 -0.34273 2.77312
-3.17391 -2.31558 -3.17391
-4.93714 1.711 -4.93714
3.47968 1.1535 3.47968
3.60727 -1.10501 3.60727
-2.91123 5.81303 -2.91123
-1.44633 -0.42375 -1.44633
-4.79844 -2.52 -4.79844
3.51937 -3.39392 3.51937
-3.45003 -0.298205 -3.45003
-1.05465 -1.53362 -1.05465
-5.75347 1.23958 -5.75347
-2.58146 -0.846691 -2.58146
-1.73205 3.20374 -1.73205
2.54668 1.33425 2.54668
-2.62434 -0.165615 -2.62434
-3.22738 1.92685 -3.22738
4.6507 -1.11123 4.6507
0.171538 1.23296 0.171538
4.90471 -3.50099 4.90471
-1.34939 -1.65797 -1.34939
4.2423 3.1372 4.2423
7.70372 -2.88527 7.70372
-1.95904 -4.56197 -1.95904
2.56204 0.00216906 2.56204
-6.49247 -0.880766 -6.49247
3.09774 -1.98665 3.09774
-2.89484 -3.07466 -2.89484
-3.67798 3.24618 -3.67798
1.10844 -0.575266 1.10844
6.97631 -4.4541 6.97631
2.54764 -1.73638 2.54764
-7.97647 -0.0797266 -7.97647
7.64297 -0.227929 7.64297
-5.69228 2.84787 -5.69228
-5.00267 -0.0360966 -5.00267
-5.26351 -0.790838 -5.26351
-5.39919 -0.145189 -5.39919
2.00865 -0.394227 2.00865
2.71444 -1.49216 2.71444
-4.90227 5.53138 -4.90227
5.40179 -3.62431 5.40179
7.21593 -2.62671 7.21593
0.604022 -1.27948 0.604022
10.5476 10.8268 10.5476
5.96023 -3.82916 5.96023
6.60182 4.64632 6.60182
2.09872 2.29124 2.09872
2.02598 -1.18187 2.02598
-3.38571 0.177591 -3.38571
2.65259 1.45282 2.65259
-4.88343 -2.59141 -4.88343
-3.19104 1.43126 -3.19104
-2.38763 0.183544 -2.38763
-5.88528 -0.879349 -5.88528
-1.32813 -1.39287 -1.32813
-3.46201 3.32725 -3.46201
-2.19851 1.113 -2.19851
4.76574 -2.25058 4.76574
-5.83128 -2.8125 -5.83128
-1.7201 -4.95459 -1.7201
3.54008 1.02788 3.54008
5.295 2.61812 5.295
-0.944096 -0.417556 -0.944096
-2.93386 -0.724302 -2.93386
7.37358 -1.58329 7.37358
4.2552 3.53809 4.2552
5.04506 1.34443 5.04506
6.30834 2.97572 6.30834
1.31907 -1.56567 1.31907
-1.79347 -1.60959 -1.79347
-3.4452 -4.37904 -3.4452
-0.870133 1.00325 -0.870133
4.86345 -4.67701 4.86345
-5.06917 -0.561439 -5.06917
6.63373 4.48365 6.63373
4.78767 1.61806 4.78767
3.9734 -1.01471 3.9734
3.40159 -3.37907 3.40159
2.30441 -3.1343 2.30441
-6.78117 -2.26382 -6.78117
-1.50216 1.36783 -1.50216
-2.8935 1.17735 -2.8935
-5.17153 -3.98535 -5.17153
7.06463 0.272985 7.06463
-4.13088 -4.51742 -4.13088
-1.68396 -2.52464 -1.68396
-2.83163 0.0773541 -2.83163
-1.35207 1.20523 -1.35207
4.2549 -0.0123565 4.2549
6.73908 -0.534807 6.73908
2.47012 0.571191 2.47012
8.88678 1.13589 8.88678
4.2992 -0.787656 4.2992
-4.64693 -3.24402 -4.64693
2.55966 -2.59382 2.55966
-2.09257 -1.491 -2.09257
-3.40562 -0.720117 -3.40562
-2.44482 1.68813 -2.44482
7.10295 4.71835 7.10295
-2.39213 -1.40533 -2.39213
-4.40978 -1.36797 -4.40978
-1.22526 -1.47603 -1.22526
5.39868 -0.139677 5.39868
2.02931 2.41997 2.02931
5.42616 -1.49365 5.42616
1.57127 -0.816223 1.57127
3.99405 0.863241 3.99405
-3.61089 0.0526601 -3.61089
4.96743 -2.26473 4.96743
-2.53103 -3.85357 -2.53103
-2.16612 0.175832 -2.16612
-3.57899 -1.8452 -3.57899
5.43073 0.231621 5.43073
3.89707 -1.51537 3.89707
4.63504 -1.14874 4.63504
2.02379 -1.06832 2.02379
-6.64991 -1.20477 -6.64991
3.89545 0.0252989 3.89545
-3.89327 -1.49566 -3.89327
1.43183 -0.862462 1.43183
1.00544 -2.58937 1.00544
4.1642 -3.18606 4.1642
-4.33774 -2.26054 -4.33774
-7.4122 -0.209576 -7.4122
3.68969 4.76985 3.68969
0.781821 -1.73293 0.781821
-3.12132 1.0044 -3.12132
-4.88526 2.59868 -4.88526
-2.10158 1.01299 -2.10158
-3.22535 -2.38923 -3.22535
1.19847 3.60575 1.19847
-7.48714 2.16342 -7.48714
3.7065 5.03892 3.7065
-4.75035 -0.683077 -4.75035
1.85596 -1.00411 1.85596
-4.40209 2.44218 -4.40209
7.27068 -0.969741 7.27068
-5.65082 1.31941 -5.65082
-5.08758 -0.471991 -5.08758
3.67446 -1.83046 3.67446
1.87046 -0.0159255 1.87046
2.20593 -1.47341 2.20593
-4.90562 -4.50538 -4.90562
-4.77487 0.731783 -4.77487
4.08265 -4.00499 4.08265
6.34538 -1.56156 6.34538
-4.84318 0.900188 -4.84318
-2.47015 -1.9089 -2.47015
-8.53558 5.45774 -8.53558
-7.75826 -1.45556 -7.75826
-3.50395 -3.47461 -3.50395
2.42524 3.1624 2.42524
3.59176 -4.64855 3.59176
-1.43559 -0.333703 -1.43559
-2.7852 1.23283 -2.7852
6.37951 3.15554 6.37951
2.33445 3.21597 2.33445
3.23789 -1.63291 3.23789
1.8317 4.81614 1.8317
-3.00692 1.12061 -3.00692
4.15902 4.68479 4.15902
2.48915 0.415067 2.48915
-2.12955 0.318612 -2.12955
-2.45621 -2.4559 -2.45621
3.70057 1.29412 3.70057
-3.33255 -3.25529 -3.33255
3.68151 -0.864662 3.68151
1.16817 -0.891638 1.16817
-3.10356 -0.905586 -3.10356
4.50598 -2.42903 4.50598
5.3833 1.16493 5.3833
4.04966 -1.65161 4.04966
-1.7191 -1.86822 -1.7191
-4.6851 -1.1548 -4.6851
-4.21104 5.178 -4.21104
4.58866 -1.02465 4.58866
-7.73298 -2.79399 -7.73298
-0.914441 -0.644256 -0.914441
-2.96221 -4.69298 -2.96221
2.60174 -3.0804 2.60174
-3.96024 -2.49936 -3.96024
5.52182 0.94565 5.52182
-1.75468 -0.356032 -1.75468
3.71725 3.31077 3.71725
-2.21252 -2.11784 -2.21252
3.42046 -5.29855 3.42046
-3.10362 -1.05768 -3.10362
-4.68091 8.83447 -4.68091
-4.70462 -0.973566 -4.70462
-3.03906 -2.7007 -3.03906
-2.69918 0.76363 -2.69918
2.78425 -1.41228 2.78425
9.73443 2.45467 9.73443
1.65598 0.461536 1.65598
-8.19512 -2.00735 -8.19512
-3.72827 -1.32363 -3.72827
2.09267 3.7479 2.09267
2.99162 6.94852 2.99162
4.86898 -0.896892 4.86898
5.76857 -2.49895 5.76857
2.29215 0.325234 2.29215
3.4559 -0.80268 3.4559
3.27321 0.15249 3.27321
3.28468 1.39723 3.28468
-1.54777 -0.00821552 -1.54777
8.13041 1.91483 8.13041
2.05189 -0.0265122 2.05189
2.99366 3.23592 2.99366
-3.73727 -5.6039 -3.73727
2.25978 0.924575 2.25978
-4.44092 2.94532 -4.44092
-4.3741 4.01359 -4.3741
-1.84252 0.545345 -1.84252
-2.07986 -1.7629 -2.07986
2.9216 -1.27866 2.9216
-0.725811 1.3118 -0.725811
5.79804 -6.66681 5.79804
0.840023 3.81277 0.840023
4.77452 -3.7632 4.77452
-2.12204 1.54413 -2.12204
3.59551 -7.22618 3.59551
-5.70721 -2.07554 -5.70721
-2.60923 -0.666228 -2.60923
8.30648 8.29644 8.30648
-1.61708 -0.617763 -1.61708
-1.91169 2.54515 -1.91169
-0.892674 0.948745 -0.892674
3.08768 0.800025 3.08768
3.53569 -0.800839 3.53569
6.41679 -0.566953 6.41679
-13.5132 -6.32154 -13.5132
-3.61061 1.86841 -3.61061
-2.64347 5.78687 -2.64347
-2.57043 -2.3418 -2.57043
4.5243 -0.114542 4.5243
-1.82567 0.538141 -1.82567
1.57192 0.0115811 1.57192
2.24043 4.16145 2.24043
2.14087 2.24093 2.14087
4.32002 -3.56747 4.32002
-8.92384 0.518005 -8.92384
-3.47174 2.51967 -3.47174
-2.55124 -5.96141 -2.55124
-2.96879 2.79547 -2.96879
5.95365 -3.87233 5.95365
3.64652 1.76499 3.64652
4.00871 0.258913 4.00871
-2.64497 -2.89292 -2.64497
-3.77704 -2.6528 -3.77704
-3.45917 -0.675324 -3.45917
5.14224 0.554378 5.14224
5.07794 -1.32227 5.07794
-2.64474 0.892336 -2.64474
-3.25262 6.9331 -3.25262
-5.81525 0.704011 -5.81525
0.768741 -0.941429 0.768741
-4.85495 -0.629592 -4.85495
7.7706 -0.727423 7.7706
4.31151 0.0415004 4.31151
1.65877 -1.32454 1.65877
-7.04654 -2.56344 -7.04654
-2.06453 -1.00002 -2.06453
-1.47031 -2.81998 -1.47031
2.99691 -0.047551 2.99691
11.1701 0.132652 11.1701
-2.97516 -1.35491 -2.97516
2.30323 4.80643 2.30323
1.95259 1.39012 1.95259
6.23181 2.48821 6.23181
7.88134 0.338045 7.88134
2.4211 1.14215 2.4211
1.67461 1.74017 1.67461
3.44147 -1.88417 3.44147
-6.94592 -3.12 -6.94592
-4.01749 6.3949 -4.01749
2.43037 -3.19987 2.43037
8.58824 1.33509 8.58824
-2.99135 -0.335785 -2.99135
3.5173 4.63427 3.5173
-1.98881 -0.701432 -1.98881
1.82443 0.81122 1.82443
4.33974 -0.213838 4.33974
-1.9783 -0.955185 -1.9783
1.40853 -0.208716 1.40853
-1.49901 -0.514501 -1.49901
3.55485 0.966646 3.55485
2.30649 1.71213 2.30649
-1.78789 -1.35189 -1.78789
4.96545 6.38642 4.96545
-1.36481 -0.288144 -1.36481
3.32092 -0.0307522 3.32092
-5.87958 0.447219 -5.87958
-3.15331 0.381571 -3.15331
-1.59721 0.788291 -1.59721
3.81238 0.89221 3.81238
5.06365 3.34637 5.06365
3.28201 1.17807 3.28201
5.83425 0.386712 5.83425
-3.27764 -0.00672342 -3.27764
7.28296 -1.65676 7.28296
-7.10569 -2.01734 -7.10569
1.16042 0.185977 1.16042
8.73041 1.77677 8.73041
-4.71731 2.48083 -4.71731
-1.86878 2.60938 -1.86878
4.69742 0.998048 4.69742
5.8123 -0.915739 5.8123
3.80523 3.51413 3.80523
3.70468 1.28163 3.70468
2.40183 1.5872 2.40183
2.45789 2.49104 2.45789
2.31175 -1.87127 2.31175
-7.17397 0.800633 -7.17397
-4.43382 -3.43596 -4.43382
2.19833 -2.77405 2.19833
3.93876 1.47752 3.93876
-5.37084 0.53088 -5.37084
1.90894 0.689117 1.90894
6.10958 -5.21381 6.10958
3.76668 -0.90694 3.76668
0.795491 -1.64128 0.795491
7.25646 5.34791 7.25646
-1.18856 1.84554 -1.18856
1.52901 -2.2127 1.52901
3.32531 -0.290118 3.32531
4.6128 0.344978 4.6128
-1.42982 0.514096 -1.42982
3.26841 -1.54173 3.26841
-5.8611 3.44959 -5.8611
-3.21711 -0.42172 -3.21711
2.62492 0.527963 2.62492
3.81472 -0.301515 3.81472
-4.26101 -2.85725 -4.26101
-2.06744 1.10156 -2.06744
3.70105 -2.06862 3.70105
-5.73461 0.679391 -5.73461
-3.46174 -5.10801 -3.46174
-1.11899 3.85081 -1.11899
-1.7981 -1.84433 -1.7981
3.18274 -1.957 3.18274
-8.59104 -1.88094 -8.59104
1.25392 4.33752 1.25392
4.2566 -4.00362 4.2566
5.98301 0.814828 5.98301
5.19783 -0.157916 5.19783
3.64722 -4.86825 3.64722
-7.09215 -0.74402 -7.09215
-4.27991 0.149022 -4.27991
-1.74299 1.7593 -1.74299
-2.1695 1.90453 -2.1695
-1.78824 4.2715 -1.78824
4.59131 3.31785 4.59131
4.91568 -2.57048 4.91568
-2.92582 -4.39642 -2.92582
-0.975357 -0.802474 -0.975357
-2.8568 -2.46185 -2.8568
-2.5128 -3.90909 -2.5128
5.52803 1.37879 5.52803
-0.617689 -0.250688 -0.617689
4.3247 2.18402 4.3247
-4.5675 -0.285441 -4.5675
-2.36256 0.952084 -2.36256
-1.66728 5.62445 -1.66728
4.25937 -0.630345 4.25937
4.71256 1.28901 4.71256
3.21943 -3.28441 3.21943
-4.70351 -0.367498 -4.70351
7.42866 -4.38605 7.42866
1.62041 -3.2001 1.62041
4.23358 -2.25616 4.23358
0.879304 3.42896 0.879304
3.95864 1.18127 3.95864
-2.87835 -3.75039 -2.87835
-1.4835 1.00411 -1.4835
-1.95733 -3.41366 -1.95733
-3.48248 -1.76259 -3.48248
-4.09793 -0.718249 -4.09793
11.2668 -3.24453 11.2668
6.30173 -2.60618 6.30173
4.58704 3.52557 4.58704
-2.74091 0.550651 -2.74091
-3.17775 1.46667 -3.17775
-5.27944 3.61926 -5.27944
1.31414 -0.616919 1.31414
7.86235 2.78063 7.86235
-3.54394 -0.89994 -3.54394
-3.39825 -0.158244 -3.39825
2.75149 -1.50705 2.75149
-4.69054 0.284584 -4.69054
-3.13761 -0.496113 -3.13761
2.74799 0.0168992 2.74799
-1.27293 0.0671965 -1.27293
-3.43915 -1.70882 -3.43915
3.05388 3.5062 3.05388
1.65652 3.13672 1.65652
-1.32119 0.329933 -1.32119
3.81034 5.54651 3.81034
1.13774 1.04655 1.13774
-1.37817 -0.199648 -1.37817
3.42519 -3.11612 3.42519
3.01821 -1.75381 3.01821
-4.60224 2.00328 -4.60224
-2.32123 4.34902 -2.32123
8.12969 -3.25196 8.12969
-5.55457 -0.879307 -5.55457
-4.44614 1.33208 -4.44614
2.81949 3.41923 2.81949
6.87628 1.28304 6.87628
-6.57598 -1.92271 -6.57598
-4.5927 -2.73596 -4.5927
-1.50113 -0.0552334 -1.50113
-3.2176 3.16689 -3.2176
-3.71276 1.50538 -3.71276
-4.80655 1.63548 -4.80655
-4.41533 0.652366 -4.41533
-2.95535 -1.11559 -2.95535
3.31346 0.460052 3.31346
5.90798 -0.885488 5.90798
1.53376 2.03071 1.53376
-3.34725 -4.11987 -3.34725
2.62746 -0.249013 2.62746
3.39498 0.557577 3.39498
-5.31601 -0.226952 -5.31601
-6.98395 -2.37235 -6.98395
4.82044 -2.3387 4.82044
1.22866 3.19993 1.22866
3.5121 -2.48996 3.5121
8.63435 -5.34504 8.63435
-5.05358 1.35042 -5.05358
-1.26334 0.724495 -1.26334
-3.38012 3.45738 -3.38012
-4.59787 1.24522 -4.59787
2.69543 2.01488 2.69543
4.79663 -1.07205 4.79663
1.58315 2.62922 1.58315
10.5384 -2.35605 10.5384
-5.36912 -0.320924 -5.36912
5.5558 -1.25051 5.5558
-12.0959 -0.507758 -12.0959
6.30587 1.66665 6.30587
-6.7468 7.01493 -6.7468
8.70676 -1.08432 8.70676
-2.29641 4.60224 -2.29641
-3.39793 -4.81213 -3.39793
-7.81612 1.16984 -7.81612
-4.21345 -0.492437 -4.21345
2.38888 1.58284 2.38888
-1.51485 0.481188 -1.51485
-1.7718 3.63568 -1.7718
3.03746 -2.14733 3.03746
4.7193 -0.266386 4.7193
-4.73442 0.0678238 -4.73442
3.5912 4.48594 3.5912
-8.5845 4.30717 -8.5845
3.30502 -0.480354 3.30502
-2.99052 -1.17827 -2.99052
-3.19597 2.47789 -3.19597
-4.62397 1.45342 -4.62397
4.66387 -2.81177 4.66387
6.94714 -0.32406 6.94714
-4.10709 1.80093 -4.10709
-3.48666 -0.0206652 -3.48666
-5.80109 0.386175 -5.80109
-0.928643 -0.475251 -0.928643
1.91006 -2.44008 1.91006
-2.63985 0.972296 -2.63985
-5.82559 2.04986 -5.82559
-3.6558 1.19477 -3.6558
2.99211 -1.54673 2.99211
-3.99434 -8.4508 -3.99434
-5.77357 -0.728907 -5.77357
-2.80615 3.14193 -2.80615
-3.50298 -2.24164 -3.50298
-12.6754 -5.73919 -12.6754
-2.16313 0.131084 -2.16313
-2.02019 2.38743 -2.02019
-1.39262 -2.17105 -1.39262
-1.45188 1.88007 -1.45188
-4.81958 -4.1497 -4.81958
-12.3954 0.161998 -12.3954
5.59771 -0.431873 5.59771
1.60142 0.508098 1.60142
6.63688 4.40531 6.63688
5.55458 -0.0912953 5.55458
-1.47723 -0.493003 -1.47723
-2.46416 0.413559 -2.46416
-1.84501 -0.598539 -1.84501
-6.49084 2.52469 -6.49084
4.11808 -2.05314 4.11808
6.66024 -3.1308 6.66024
-4.93148 -3.36769 -4.93148
2.37826 -2.96186 2.37826
4.596 -1.30972 4.596
-2.66136 -0.862567 -2.66136
-1.78128 -1.61634 -1.78128
-2.17941 -1.11623 -2.17941
-1.9972 4.23458 -1.9972
7.53439 -0.120964 7.53439
1.78823 4.77826 1.78823
7.38802 -0.422957 7.38802
-4.79914 -0.11849 -4.79914
2.43879 -0.769659 2.43879
-4.47188 3.28735 -4.47188
1.10626 2.63979 1.10626
6.56892 0.745179 6.56892
5.4318 3.2363 5.4318
-3.22906 0.162504 -3.22906
4.02661 0.970438 4.02661
6.62417 4.22713 6.62417
2.30545 -1.70947 2.30545
-5.24808 1.73836 -5.24808
-3.00611 -0.397869 -3.00611
-7.64695 -1.07296 -7.64695
-3.06597 -0.72643 -3.06597
-3.80497 -0.958293 -3.80497
1.40363 0.450931 1.40363
3.27777 1.19225 3.27777
2.50739 -0.996066 2.50739
5.84319 -0.707721 5.84319
-2.61897 -5.18968 -2.61897
3.02217 0.554237 3.02217
-2.09054 0.81763 -2.09054
-1.88417 -0.127912 -1.88417
-1.73089 -0.893252 -1.73089
1.18832 -3.72763 1.18832
5.82342 4.53768 5.82342
7.81964 -1.33736 7.81964
6.47202 -1.19484 6.47202
-0.773686 0.0107126 -0.773686
-4.0796 2.84692 -4.0796
6.13757 1.68371 6.13757
-2.85186 -4.8684 -2.85186
-2.28727 0.164365 -2.28727
-3.08962 -0.378385 -3.08962
4.77236 1.3751 4.77236
-5.26904 0.616411 -5.26904
-4.0452 -2.12903 -4.0452
-2.25457 1.83935 -2.25457
8.68895 -0.224345 8.68895
-1.76431 3.26681 -1.76431
-2.80127 0.572171 -2.80127
-5.04798 0.716606 -5.04798
-2.74824 0.0963729 -2.74824
2.60548 -2.14587 2.60548
3.11668 -1.29465 3.11668
-1.6697 0.83345 -1.6697
2.12376 0.254265 2.12376
1.33399 1.92247 1.33399
4.66293 -1.60755 4.66293
3.44274 -1.41896 3.44274
-4.4888 0.712699 -4.4888
4.55549 0.440268 4.55549
-4.78702 -0.334426 -4.78702
-4.37959 -0.562408 -4.37959
-4.52761 -2.82566 -4.52761
2.61142 1.30289 2.61142
-2.74184 3.22578 -2.74184
5.59262 0.841986 5.59262
2.82236 0.828176 2.82236
6.39188 -2.19948 6.39188
-4.37824 -1.06822 -4.37824
-5.08209 -5.49867 -5.08209
-2.08248 -1.03299 -2.08248
4.07618 0.785191 4.07618
3.2527 -0.721881 3.2527
-4.67912 2.3572 -4.67912
3.89606 -3.05478 3.89606
5.15693 0.546616 5.15693
4.80814 -1.17054 4.80814
-1.89637 -1.8507 -1.89637
-3.41345 -0.32867 -3.41345
-3.26302 2.16 -3.26302
4.99547 -0.148866 4.99547
2.96062 1.19485 2.96062
3.46894 -1.43308 3.46894
-4.44378 1.24257 -4.44378
3.67218 2.16046 3.67218
-2.0814 0.242591 -2.0814
-1.83781 3.0376 -1.83781
-2.49213 0.205538 -2.49213
-3.29204 0.031949 -3.29204
5.57333 2.92688 5.57333
-3.44706 -0.174291 -3.44706
4.88469 -1.80352 4.88469
-3.13021 0.488313 -3.13021
-1.64911 0.229148 -1.64911
-2.71726 -6.03485 -2.71726
-4.08598 -0.518718 -4.08598
2.58993 0.380109 2.58993
2.46648 -5.6264 2.46648
6.00212 1.00661 6.00212
2.22317 2.07296 2.22317
0.7806 -1.31007 0.7806
-5.8332 -4.22199 -5.8332
2.28784 -0.0313085 2.28784
2.05463 2.29869 2.05463
-1.53581 -1.69277 -1.53581
-3.73411 2.49999 -3.73411
4.59788 1.71945 4.59788
1.84099 -2.48875 1.84099
-1.85874 -1.04492 -1.85874
-3.59853 -2.04951 -3.59853
8.64669 4.44729 8.64669
1.77736 4.17574 1.77736
2.46175 5.45239 2.46175
3.56688 -3.12647 3.56688
3.982 1.47199 3.982
-4.91893 -1.20993 -4.91893
1.47458 -1.3145 1.47458
4.21342 0.338521 4.21342
2.25348 -4.29353 2.25348
1.15696 1.1243 1.15696
-4.87581 -1.12114 -4.87581
1.20857 -2.09952 1.20857
-5.22945 0.42352 -5.22945
2.72391 -1.39613 2.72391
-8.52814 0.436567 -8.52814
-2.4014 5.02643 -2.4014
-2.17418 -6.61418 -2.17418
2.07401 0.918977 2.07401
-1.61072 -0.84606 -1.61072
3.78852 2.85594 3.78852
1.21003 1.10944 1.21003
2.65807 -1.85938 2.65807
2.43225 1.9678 2.43225
-4.38745 -1.88042 -4.38745
4.90368 -1.04163 4.90368
5.42722 -1.53794 5.42722
-2.60241 -0.296642 -2.60241
3.1483 1.18687 3.1483
4.2204 -1.67068 4.2204
-4.07137 6.52913 -4.07137
2.63854 0.270839 2.63854
2.46146 -2.46826 2.46146
5.36854 0.413198 5.36854
4.11362 -3.11258 4.11362
5.58901 2.19665 5.58901
-2.54446 1.78176 -2.54446
1.50611 2.53502 1.50611
-4.84784 3.7673 -4.84784
4.57866 1.95112 4.57866
3.3476 0.943653 3.3476
2.75746 0.106241 2.75746
-1.89986 2.7752 -1.89986
-1.93099 -1.28252 -1.93099
-1.83848 -0.260786 -1.83848
0.826774 2.45493 0.826774
3.79097 -0.785216 3.79097
4.27895 0.131558 4.27895
3.88594 -0.109653 3.88594
-6.07701 -2.99457 -6.07701
-2.00884 -2.06034 -2.00884
2.41098 1.07289 2.41098
6.19579 -2.34583 6.19579
3.95511 0.0800585 3.95511
9.04683 -0.352627 9.04683
2.82189 0.539478 2.82189
-3.1111 1.57786 -3.1111
-6.58594 3.09734 -6.58594
-1.67929 -3.85831 -1.67929
5.93173 3.65504 5.93173
6.42011 -2.57028 6.42011
4.90193 -0.0299631 4.90193
6.61306 1.30052 6.61306
1.89268 -0.391395 1.89268
4.3899 2.23369 4.3899
-4.11052 0.340246 -4.11052
-1.60293 -0.508439 -1.60293
8.1687 1.40117 8.1687
3.62297 -0.0526996 3.62297
-5.3605 3.32774 -5.3605
3.64925 -2.22023 3.64925
-3.07906 -2.04589 -3.07906
-7.45506 2.36187 -7.45506
3.68208 0.636625 3.68208
-1.89064 0.749395 -1.89064
-5.714 0.935186 -5.714
-2.60704 0.778343 -2.60704
2.54931 2.84856 2.54931
-2.9858 -1.60289 -2.9858
3.23605 1.53881 3.23605
-1.52154 -3.721 -1.52154
5.11723 6.10264 5.11723
4.94515 1.38086 4.94515
-4.41062 -1.16122 -4.41062
5.5304 -0.974469 5.5304
-2.32295 -1.33519 -2.32295
5.04921 -0.170345 5.04921
4.29557 1.38271 4.29557
3.99598 0.21772 3.99598
-4.39435 3.98982 -4.39435
-4.85196 -2.00927 -4.85196
4.20327 -0.547265 4.20327
-5.32818 -3.66604 -5.32818
-4.74379 0.123344 -4.74379
-1.13159 1.57951 -1.13159
-7.0826 2.46166 -7.0826
3.06792 1.47093 3.06792
4.83623 0.44379 4.83623
-2.19342 -0.61966 -2.19342
4.98612 2.05968 4.98612
4.81915 0.00133146 4.81915
4.74392 0.603722 4.74392
2.2451 -4.25287 2.2451
5.50284 0.199204 5.50284
-2.93628 -0.474225 -2.93628
-1.62177 -1.01601 -1.62177
-1.52813 1.15466 -1.52813
4.97654 -2.48419 4.97654
1.66991 5.03619 1.66991
4.58276 0.838371 4.58276
2.15275 -4.04036 2.15275
-2.46715 -0.0377227 -2.46715
-5.15314 1.41833 -5.15314
3.81977 -2.01438 3.81977
-5.5831 -1.80571 -5.5831
-2.78865 0.253748 -2.78865
-1.79429 -1.05909 -1.79429
-2.04448 2.02613 -2.04448
3.38951 5.61358 3.38951
-5.41692 1.57406 -5.41692
4.39685 2.87296 4.39685
1.4713 -1.99631 1.4713
-2.66102 -2.49235 -2.66102
4.3279 1.02912 4.3279
-2.10532 -3.17662 -2.10532
-2.73517 -2.43672 -2.73517
-5.93634 0.466216 -5.93634
2.22107 -0.361469 2.22107
-3.95263 1.84483 -3.95263
5.85653 -0.933248 5.85653
4.39222 3.05686 4.39222
5.2301 0.959395 5.2301
4.79188 -2.99417 4.79188
-5.42439 5.68718 -5.42439
-3.91156 1.53565 -3.91156
2.35233 1.81772 2.35233
-8.29236 -3.24025 -8.29236
-2.81368 -0.0719054 -2.81368
3.65139 1.87047 3.65139
-7.31086 -4.01731 -7.31086
3.66076 2.61655 3.66076
-1.20999 -1.85029 -1.20999
2.86104 0.199833 2.86104
1.4784 0.498232 1.4784
2.18257 -2.45766 2.18257
-4.92483 6.39349 -4.92483
-3.69483 -1.84546 -3.69483
4.86212 3.72163 4.86212
1.73227 -0.588041 1.73227
4.12023 -1.91938 4.12023
2.04007 -1.50732 2.04007
-3.98545 1.02737 -3.98545
-1.81293 0.470311 -1.81293
1.07667 -0.559576 1.07667
-0.625867 -2.70438 -0.625867
-5.27298 -0.118103 -5.27298
4.3464 0.793414 4.3464
-4.27023 4.20203 -4.27023
4.79398 -0.943882 4.79398
-2.92136 2.11575 -2.92136
-4.32974 4.14814 -4.32974
-7.55459 3.82626 -7.55459
-2.83716 5.07419 -2.83716
-4.01507 -3.43458 -4.01507
2.80403 0.345604 2.80403
-9.59592 5.36189 -9.59592
-5.36996 -0.97137 -5.36996
2.50398 2.66584 2.50398
1.10355 0.630262 1.10355
-3.39174 1.16445 -3.39174
2.86998 -3.56385 2.86998
-2.66709 1.86336 -2.66709
2.3782 -5.03216 2.3782
5.15796 1.69749 5.15796
-3.35718 1.01661 -3.35718
2.67019 -1.50099 2.67019
4.72481 -1.09077 4.72481
-11.0088 -4.29183 -11.0088
2.18255 -0.94679 2.18255
9.5746 8.91361 9.5746
2.6656 1.57573 2.6656
-4.18952 3.55835 -4.18952
-2.78887 -1.01918 -2.78887
3.76978 3.8257 3.76978
-1.939 2.71267 -1.939
-6.51458 -0.222672 -6.51458
-7.5234 0.769813 -7.5234
0.801834 -0.780106 0.801834
-3.55896 -2.68172 -3.55896
-2.76586 -3.87793 -2.76586
-6.84505 3.01514 -6.84505
-5.23973 -3.25246 -5.23973
-1.52883 0.371735 -1.52883
5.14071 0.565142 5.14071
6.63028 6.71411 6.63028
-4.20066 2.80591 -4.20066
7.13107 -1.55353 7.13107
6.8823 -6.27909 6.8823
4.95341 1.38495 4.95341
-3.44951 2.96572 -3.44951
3.84364 0.428775 3.84364
6.2916 0.96432 6.2916
4.24658 -1.22277 4.24658
-2.21022 0.124548 -2.21022
-1.07654 1.24974 -1.07654
-5.13026 2.56202 -5.13026
2.13217 2.01368 2.13217
3.46724 1.64097 3.46724
3.84912 2.48396 3.84912
4.48023 -4.75596 4.48023
-2.59144 -0.223722 -2.59144
-6.18274 1.20385 -6.18274
6.19168 -1.58665 6.19168
3.6053 -0.0846583 3.6053
10.3377 -2.78369 10.3377
3.15691 2.17361 3.15691
3.33115 -0.480393 3.33115
6.77008 -2.95419 6.77008
-10.7003 0.169708 -10.7003
-1.49934 -1.52277 -1.49934
-1.76794 1.05908 -1.76794
4.16924 0.0117287 4.16924
3.10731 1.895 3.10731
6.87049 -0.866019 6.87049
-8.11397 -4.0459 -8.11397
3.21599 -2.28837 3.21599
4.82748 -0.438717 4.82748
9.03924 -1.91933 9.03924
1.98707 -2.19701 1.98707
1.74064 0.916249 1.74064
3.54535 -4.59863 3.54535
5.12771 6.99114 5.12771
1.40701 2.33915 1.40701
2.23445 0.55273 2.23445
4.98054 -0.315882 4.98054
4.79367 -3.30865 4.79367
10.977 0.327047 10.977
2.22637 -0.518651 2.22637
1.50324 4.49199 1.50324
8.17946 -0.175945 8.17946
1.71749 -0.156089 1.71749
-1.30262 -1.75745 -1.30262
4.48133 -5.01027 4.48133
2.49379 -1.04848 2.49379
1.05622 -0.241801 1.05622
-11.3984 -4.94544 -11.3984
-3.89194 1.66619 -3.89194
3.27172 -3.78302 3.27172
-1.15178 0.369948 -1.15178
1.64275 -0.466004 1.64275
1.35385 0.661537 1.35385
-4.41202 -1.89204 -4.41202
2.7857 -2.75617 2.7857
-3.83694 1.85476 -3.83694
3.51361 1.29708 3.51361
-2.30267 -0.468468 -2.30267
2.75181 -2.17371 2.75181
4.33404 1.46824 4.33404
2.54324 -0.571704 2.54324
-2.58883 1.60078 -2.58883
-1.48331 -1.08641 -1.48331
-1.06487 -4.25015 -1.06487
-1.31501 -2.24194 -1.31501
-3.41249 -0.524742 -3.41249
-4.67706 -0.156949 -4.67706
4.50521 0.0340517 4.50521
2.7019 -0.645776 2.7019
-3.09563 -0.46796 -3.09563
-7.532 2.32023 -7.532
-3.20693 -0.48428 -3.20693
2.88494 -1.54403 2.88494
9.51719 4.13637 9.51719
-1.19708 2.30398 -1.19708
4.34865 -1.72166 4.34865
4.79515 3.95311 4.79515
-6.56308 2.64324 -6.56308
-2.35117 0.463311 -2.35117
-2.13395 1.1171 -2.13395
-2.30443 5.27314 -2.30443
4.01476 2.20099 4.01476
-4.48719 0.665729 -4.48719
-4.49233 0.470467 -4.49233
-1.35809 -2.02117 -1.35809
-2.34592 2.48335 -2.34592
-1.31154 -4.23923 -1.31154
-4.2712 1.70908 -4.2712
-5.85004 0.894815 -5.85004
-3.17926 -1.64012 -3.17926
2.39937 1.8384 2.39937
-1.82873 1.02218 -1.82873
-1.54109 -1.92845 -1.54109
-4.36004 -0.53718 -4.36004
-1.39 1.31076 -1.39
3.96159 -1.34197 3.96159
-0.905274 0.324951 -0.905274
3.4342 -4.56119 3.4342
2.38243 1.70002 2.38243
-2.48692 0.575226 -2.48692
-5.77714 0.889101 -5.77714
-6.89884 -0.881908 -6.89884
-0.565952 0.0855275 -0.565952
3.66568 -5.08386 3.66568
8.95296 0.100681 8.95296
-3.28628 3.57257 -3.28628
-1.13048 6.79294 -1.13048
3.98288 1.61296 3.98288
-4.45609 -0.244861 -4.45609
-3.28895 -0.165137 -3.28895
-2.33157 1.45632 -2.33157
2.0764 -1.81411 2.0764
4.44226 -0.123475 4.44226
3.97368 0.328947 3.97368
2.76077 2.64606 2.76077
0.762373 0.427446 0.762373
2.55634 0.877489 2.55634
-6.26084 0.618917 -6.26084
2.7459 2.03981 2.7459
0.625155 -1.71372 0.625155
1.62993 2.83536 1.62993
-2.70274 0.583251 -2.70274
2.799 3.11523 2.799
3.39134 -2.60709 3.39134
3.12106 -0.886826 3.12106
4.62163 0.771243 4.62163
-3.86826 -2.75721 -3.86826
6.6557 -2.4928 6.6557
2.88424 -1.76607 2.88424
4.12026 1.20914 4.12026
3.35545 -0.728952 3.35545
11.0262 -2.96147 11.0262
-0.655262 0.286028 -0.655262
-4.28919 -2.65072 -4.28919
-5.09383 0.121355 -5.09383
2.81264 2.69948 2.81264
-5.48651 4.09113 -5.48651
2.95935 3.92276 2.95935
-7.62708 1.76177 -7.62708
4.77048 1.10225 4.77048
7.29729 1.25489 7.29729
3.06374 -3.21093 3.06374
5.43263 0.993929 5.43263
7.13896 1.66088 7.13896
-2.07551 0.0154593 -2.07551
-3.40256 -2.54251 -3.40256
-5.62228 2.17521 -5.62228
-6.54477 -1.61486 -6.54477
9.17823 0.725537 9.17823
3.51765 -2.19054 3.51765
-7.88853 2.97904 -7.88853
2.01425 -2.03426 2.01425
5.4277 -2.85882 5.4277
-1.46378 1.89735 -1.46378
-4.97675 0.123308 -4.97675
1.9409 -3.03579 1.9409
3.25428 1.33954 3.25428
3.28846 -2.61776 3.28846
4.32213 0.550324 4.32213
-3.04804 -1.76021 -3.04804
2.05048 0.620294 2.05048
4.8432 -2.10756 4.8432
-2.17345 -3.0511 -2.17345
1.8136 1.18913 1.8136
5.31093 -1.54698 5.31093
4.61074 -0.603313 4.61074
3.39101 3.06797 3.39101
1.74458 -2.01822 1.74458
-2.88118 1.8206 -2.88118
