0.574124 -0.825205 0.574124
0.845828 1.65878 0.845828
0.139699 -1.08393 0.139699
1.24638 0.392303 1.24638
0.106935 -0.626175 0.106935
3.08264 -1.59443 3.08264
0.436854 -0.118342 0.436854
-0.126595 0.710262 -0.126595
0.300962 -0.569807 0.300962
-0.922815 0.381569 -0.922815
1.02049 0.263782 1.02049
-1.09716 0.0629498 -1.09716
0.300113 -2.06691 0.300113
0.0765117 0.66061 0.0765117
-1.27865 0.0877004 -1.27865
-1.70036 0.998648 -1.70036
-1.15399 0.223414 -1.15399
-1.56363 3.31987 -1.56363
0.15798 2.85521 0.15798
0.472295 1.51765 0.472295
-1.82329 0.213994 -1.82329
-0.0110248 0.548295 -0.0110248
-0.956029 0.935167 -0.956029
0.0762083 -0.163034 0.0762083
0.184731 0.225428 0.184731
-0.446025 1.47069 -0.446025
-0.19899 -1.34047 -0.19899
-0.916262 -1.17733 -0.916262
-0.0837278 -0.0671011 -0.0837278
0.327465 0.796571 0.327465
0.079918 -0.131898 0.079918
-0.0739735 -0.339355 -0.0739735
1.2056 -0.165974 1.2056
0.458395 0.164179 0.458395
1.58391 -1.04405 1.58391
-0.0574749 -0.64641 -0.0574749
2.02944 -1.16091 2.02944
0.351664 -0.134889 0.351664
-0.609096 -0.543874 -0.609096
-0.42622 0.893575 -0.42622
-0.0727602 -0.253741 -0.0727602
0.0224587 -2.32999 0.0224587
-0.31598 -0.34348 -0.31598
-0.416844 0.243929 -0.416844
-1.09636 0.933521 -1.09636
-0.72436 -0.262479 -0.72436
-0.420727 -0.530391 -0.420727
0.65586 0.189543 0.65586
-0.309528 -1.24604 -0.309528
1.75185 0.472618 1.75185
-1.14175 3.13695 -1.14175
0.244082 -0.523202 0.244082
0.400157 0.16282 0.400157
-0.561 1.25705 -0.561
-0.759273 1.80172 -0.759273
0.14252 1.88904 0.14252
0.841814 -0.383012 0.841814
-1.03896 0.690965 -1.03896
0.806689 0.376088 0.806689
-1.12357 0.176135 -1.12357
0.318449 0.171357 0.318449
0.963044 -2.45033 0.963044
1.77235 1.36952 1.77235
-0.145034 0.582082 -0.145034
-1.27803 -0.100786 -1.27803
0.46548 -1.02819 0.46548
0.128898 -1.5016 0.128898
-1.34724 -0.0387067 -1.34724
0.100392 0.869517 0.100392
0.306058 0.458413 0.306058
2.45975 -0.126273 2.45975
-0.889728 -0.797365 -0.889728
-0.391609 0.978273 -0.391609
-0.173419 -0.739636 -0.173419
-0.552899 -0.0239356 -0.552899
1.87694 0.724537 1.87694
-0.922359 -0.815875 -0.922359
0.0113603 -1.12474 0.0113603
-0.0106795 1.12489 -0.0106795
0.0692556 -0.522735 0.0692556
-0.422177 -1.5506 -0.422177
-0.902134 -0.989121 -0.902134
0.362664 -0.0215018 0.362664
1.77521 0.677765 1.77521
0.0575562 -0.235253 0.0575562
-0.323279 -0.175598 -0.323279
0.72412 -0.873275 0.72412
-0.15636 0.0768789 -0.15636
-0.068496 -0.237318 -0.068496
0.997419 0.129519 0.997419
-0.203392 -1.33297 -0.203392
-0.785124 -1.47674 -0.785124
-0.248368 -0.229578 -0.248368
2.08595 -0.875178 2.08595
-0.863297 -0.26824 -0.863297
-0.426711 -0.305254 -0.426711
-2.48082 2.882 -2.48082
0.375805 -1.46942 0.375805
0.867738 0.638307 0.867738
-0.590871 0.939016 -0.590871
-0.18874 -0.136458 -0.18874
-0.34164 1.59988 -0.34164
2.19849 0.819252 2.19849
-0.0910143 0.0738237 -0.0910143
0.644638 0.426749 0.644638
-1.37628 -0.406364 -1.37628
-0.257003 0.720324 -0.257003
0.515697 -0.713696 0.515697
1.1556 -0.607692 1.1556
0.568626 -0.498411 0.568626
-1.84277 0.0405263 -1.84277
-0.739205 -1.44937 -0.739205
0.399102 0.11707 0.399102
-0.955846 -0.965903 -0.955846
-0.414221 0.106836 -0.414221
-0.962103 0.673298 -0.962103
-0.101316 -0.478807 -0.101316
0.634319 0.239174 0.634319
-0.704473 0.718031 -0.704473
-1.5813 -1.47762 -1.5813
0.129546 1.33977 0.129546
0.593111 0.0149159 0.593111
0.209992 1.65754 0.209992
1.33013 -0.366656 1.33013
-2.84785 -0.873414 -2.84785
0.201109 0.758739 0.201109
0.709996 -0.729912 0.709996
0.738254 0.503861 0.738254
1.33972 -0.527429 1.33972
1.10773 2.16187 1.10773
-0.488713 -0.764091 -0.488713
-0.29819 -3.14284 -0.29819
0.0940556 -1.17848 0.0940556
-1.27073 0.82655 -1.27073
0.599721 0.556566 0.599721
-0.573288 -0.016438 -0.573288
0.199276 0.0771967 0.199276
-0.718764 0.18317 -0.718764
0.654091 0.301102 0.654091
-0.0912189 -0.220422 -0.0912189
0.794039 2.29882 0.794039
0.190922 -0.168954 0.190922
-0.271186 0.16854 -0.271186
-0.533492 -2.29954 -0.533492
-0.0551138 -0.247014 -0.0551138
-0.361465 1.31264 -0.361465
0.285777 2.84309 0.285777
1.33996 -0.264637 1.33996
0.299928 0.46823 0.299928
0.614245 -0.522609 0.614245
-0.115401 0.220385 -0.115401
-1.5106 -0.332711 -1.5106
-0.911406 -0.314829 -0.911406
-0.957873 -0.48259 -0.957873
0.0338682 -0.960262 0.0338682
1.54296 0.120187 1.54296
-0.194901 0.729078 -0.194901
-0.94345 0.382956 -0.94345
0.24261 -0.616789 0.24261
1.72475 1.03564 1.72475
0.232167 0.627661 0.232167
-0.718405 -0.426241 -0.718405
-1.90581 -0.320094 -1.90581
0.545312 -0.617343 0.545312
-0.209229 0.684255 -0.209229
-0.0195105 0.238247 -0.0195105
0.0341903 1.1559 0.0341903
0.410183 -0.493619 0.410183
-1.6457 0.328578 -1.6457
-0.0467026 -1.35551 -0.0467026
-0.112218 -1.27883 -0.112218
-0.555831 -0.207512 -0.555831
0.268378 -1.30036 0.268378
-1.67994 -0.63543 -1.67994
0.450401 -0.702063 0.450401
-0.172941 -0.24533 -0.172941
0.429893 -1.13708 0.429893
4.06255 -2.76192 4.06255
-0.852757 0.0368654 -0.852757
-0.0266994 0.167652 -0.0266994
0.0717491 -0.465776 0.0717491
0.236047 0.131487 0.236047
0.719493 0.421585 0.719493
0.146205 -1.39131 0.146205
-0.0649059 0.686386 -0.0649059
-0.40823 -1.41149 -0.40823
-0.417174 0.270996 -0.417174
0.319932 0.429457 0.319932
-0.132618 -1.27791 -0.132618
0.561186 -0.202116 0.561186
1.25801 -0.302549 1.25801
-0.254125 -0.401949 -0.254125
1.12209 -1.36459 1.12209
-0.453232 -0.182634 -0.453232
0.189727 -0.691192 0.189727
-0.0707151 -0.188128 -0.0707151
-0.313096 0.461786 -0.313096
1.44457 0.315176 1.44457
-1.10771 0.712509 -1.10771
-2.78223 1.36781 -2.78223
-0.972522 0.391105 -0.972522
0.437145 1.29272 0.437145
-1.67007 -0.206277 -1.67007
0.508613 0.614778 0.508613
0.418327 -0.394022 0.418327
-0.450739 -1.3857 -0.450739
-0.857657 0.267899 -0.857657
0.104783 -1.55855 0.104783
-0.0442886 0.218315 -0.0442886
-0.207381 0.52985 -0.207381
-1.21705 -0.0828595 -1.21705
-0.168665 3.45314 -0.168665
-1.39336 -0.377136 -1.39336
0.774781 0.257565 0.774781
-1.99086 -1.93906 -1.99086
1.48849 0.159085 1.48849
0.000330516 -0.591594 0.000330516
1.33292 -1.87483 1.33292
1.32266 0.233884 1.32266
-1.08179 -2.21828 -1.08179
-1.31824 0.40257 -1.31824
0.276846 -1.37999 0.276846
-0.102692 -0.279157 -0.102692
-1.49086 0.298052 -1.49086
0.462286 1.47608 0.462286
-0.847588 -0.827407 -0.847588
-0.954118 0.614016 -0.954118
-0.0984546 1.05581 -0.0984546
-1.03049 0.113338 -1.03049
0.537801 0.661231 0.537801
-0.339411 2.14719 -0.339411
-1.78491 -0.713304 -1.78491
-1.7239 0.850031 -1.7239
-0.0150096 -0.439636 -0.0150096
0.158624 0.0630574 0.158624
0.365163 2.29773 0.365163
-1.17486 -0.181766 -1.17486
0.974919 -0.401558 0.974919
1.26106 -0.918562 1.26106
-0.581836 -0.376172 -0.581836
0.35275 -0.138692 0.35275
-0.130096 -0.423202 -0.130096
-0.184261 0.552481 -0.184261
0.792226 -1.35154 0.792226
0.903436 -2.26807 0.903436
0.00744148 -0.698709 0.00744148
-0.43636 -0.113215 -0.43636
-1.58555 0.438516 -1.58555
-0.347441 0.433456 -0.347441
1.45565 -0.235446 1.45565
-0.868553 -1.01114 -0.868553
0.434163 -0.561979 0.434163
0.042743 -0.0321889 0.042743
0.305715 -1.921 0.305715
-0.179618 0.753454 -0.179618
1.26577 -0.0723546 1.26577
1.48773 0.0198358 1.48773
-0.513146 -0.268354 -0.513146
3.60079 -0.394289 3.60079
-0.274474 -0.0138222 -0.274474
1.72922 -0.752518 1.72922
-0.630879 -1.44812 -0.630879
-0.695065 -1.39797 -0.695065
-0.967135 -0.0994516 -0.967135
0.135954 1.38552 0.135954
-0.521573 -1.57312 -0.521573
-0.420445 0.150977 -0.420445
-0.106314 0.329536 -0.106314
-0.410965 -0.949721 -0.410965
-0.53791 -1.88586 -0.53791
-0.554162 0.105217 -0.554162
0.663788 0.617301 0.663788
-0.128128 -0.270647 -0.128128
-0.844849 0.984562 -0.844849
-0.319962 -0.841167 -0.319962
-1.2331 0.194359 -1.2331
0.884391 -0.881006 0.884391
0.296756 0.127919 0.296756
-0.452772 1.89456 -0.452772
0.592168 0.0462143 0.592168
-3.25798 -0.930288 -3.25798
-0.23878 -0.505688 -0.23878
-0.298984 0.250171 -0.298984
-0.145244 0.369579 -0.145244
0.48894 0.77006 0.48894
1.52973 -0.266017 1.52973
-0.465695 1.52894 -0.465695
-0.51146 1.81633 -0.51146
-1.08368 -1.88222 -1.08368
-1.34162 -0.877133 -1.34162
-0.237072 -0.330719 -0.237072
0.376828 0.30353 0.376828
-1.40081 -1.37498 -1.40081
0.502933 0.0553538 0.502933
-1.69168 0.240721 -1.69168
0.243317 0.58693 0.243317
0.138892 0.388947 0.138892
-0.805748 -0.545086 -0.805748
0.592237 -0.623671 0.592237
-0.353635 0.416702 -0.353635
-1.26775 -0.664581 -1.26775
2.52766 -1.00235 2.52766
-1.08515 0.949084 -1.08515
0.231164 -0.298979 0.231164
-0.464547 -0.744228 -0.464547
-1.63802 -0.351523 -1.63802
1.30012 0.376439 1.30012
0.083091 0.113116 0.083091
-0.112281 -1.03298 -0.112281
-1.15659 -0.334108 -1.15659
-0.0523812 0.223051 -0.0523812
0.713731 -0.99861 0.713731
1.56529 -1.0543 1.56529
-1.34491 0.334117 -1.34491
-0.674577 -0.89614 -0.674577
2.2149 -0.0150644 2.2149
1.15209 -0.00424722 1.15209
1.78123 -1.1215 1.78123
-0.963122 -0.69366 -0.963122
-0.00262863 0.189367 -0.00262863
0.630521 0.0166 0.630521
1.56383 -0.353555 1.56383
-2.75643 0.343785 -2.75643
-0.212653 0.205359 -0.212653
-1.11759 -0.615292 -1.11759
-0.149855 -0.426616 -0.149855
0.0443891 -1.8265 0.0443891
0.211913 0.526887 0.211913
1.32955 0.408261 1.32955
0.445133 0.355326 0.445133
-0.0303136 0.184699 -0.0303136
-0.623153 0.0261288 -0.623153
-2.20436 0.939713 -2.20436
0.810196 0.365516 0.810196
-0.730471 0.987063 -0.730471
-1.06055 0.777779 -1.06055
-0.372791 1.5011 -0.372791
0.648102 1.11388 0.648102
-0.623391 0.866931 -0.623391
0.0509794 -0.399793 0.0509794
0.332389 -0.0455274 0.332389
-1.2282 -0.476773 -1.2282
-0.924663 -0.642328 -0.924663
-0.73725 0.190908 -0.73725
-0.939192 -0.405329 -0.939192
0.409379 0.173279 0.409379
0.0871185 0.803106 0.0871185
-0.890666 -1.52558 -0.890666
1.65034 -0.907267 1.65034
-0.0556143 -0.207697 -0.0556143
1.66495 0.412382 1.66495
-0.470915 -0.741746 -0.470915
0.295493 0.724828 0.295493
-1.52356 0.291714 -1.52356
-0.123903 -1.67369 -0.123903
2.17234 1.79719 2.17234
0.0857829 -0.5034 0.0857829
-0.368186 0.662124 -0.368186
-0.315432 0.379632 -0.315432
0.347398 1.0252 0.347398
-0.827305 0.189274 -0.827305
0.0582751 -0.12478 0.0582751
-0.956336 0.681126 -0.956336
0.893522 1.21681 0.893522
-0.156208 0.0168157 -0.156208
0.153989 0.463238 0.153989
-0.192198 0.747444 -0.192198
0.221184 -0.59949 0.221184
-0.775695 0.857907 -0.775695
-1.85621 -0.909619 -1.85621
-1.0675 -0.266714 -1.0675
-0.589019 1.10247 -0.589019
-0.662973 -0.0395774 -0.662973
-0.149775 -0.497015 -0.149775
0.352689 3.18439 0.352689
1.70502 -0.281598 1.70502
-0.666287 -0.093608 -0.666287
-1.22685 0.140055 -1.22685
2.00279 0.242644 2.00279
-0.688553 0.0785177 -0.688553
0.0215496 0.155608 0.0215496
-0.60635 0.630711 -0.60635
0.0621378 -0.0502137 0.0621378
-0.258516 -0.261146 -0.258516
1.46985 -2.05708 1.46985
-0.261704 0.0767154 -0.261704
0.0291719 1.53434 0.0291719
0.779077 0.913098 0.779077
1.53779 -1.38442 1.53779
-0.405059 0.907396 -0.405059
0.0149279 1.09928 0.0149279
1.15738 0.0391162 1.15738
-1.09387 3.11112 -1.09387
0.364556 -0.690504 0.364556
-2.67816 0.780744 -2.67816
0.819426 0.191187 0.819426
-1.4682 0.0800796 -1.4682
0.311061 -0.150702 0.311061
-1.09381 -0.128608 -1.09381
-0.145185 -1.40813 -0.145185
-1.08777 1.0197 -1.08777
-0.27565 0.769047 -0.27565
-0.126941 -0.130749 -0.126941
0.0649349 1.21618 0.0649349
0.824428 -1.04774 0.824428
1.21984 1.11549 1.21984
-0.665158 1.2745 -0.665158
0.199258 -0.89607 0.199258
-0.747272 -0.362144 -0.747272
-0.460701 0.277017 -0.460701
0.894172 -0.592874 0.894172
0.591689 2.96592 0.591689
-0.0578935 -0.291138 -0.0578935
0.164704 -0.499793 0.164704
3.18836 0.448017 3.18836
1.17167 0.726285 1.17167
0.276704 0.409253 0.276704
-0.715587 -0.72229 -0.715587
-0.0128362 0.0837785 -0.0128362
-0.313607 -0.343635 -0.313607
-0.751045 0.415678 -0.751045
-0.421386 -2.61714 -0.421386
-1.17007 -0.148433 -1.17007
1.48056 1.4926 1.48056
-0.206924 -0.479086 -0.206924
1.21617 -0.366402 1.21617
0.185005 -0.536121 0.185005
2.18351 -1.05873 2.18351
0.0539041 0.701975 0.0539041
0.443272 -0.154826 0.443272
0.944607 0.568733 0.944607
-0.357626 0.573023 -0.357626
-1.52909 -0.350254 -1.52909
-0.765022 -0.503338 -0.765022
-0.0360319 1.23697 -0.0360319
-0.978755 1.30195 -0.978755
0.0119523 0.468388 0.0119523
0.092112 1.52171 0.092112
-0.783296 0.380595 -0.783296
1.23583 -0.723851 1.23583
0.469458 -0.30497 0.469458
-0.989587 0.221943 -0.989587
0.271594 -0.149883 0.271594
-0.499622 -1.26436 -0.499622
-1.09152 0.245405 -1.09152
0.411399 0.128236 0.411399
-0.453201 1.4393 -0.453201
-2.53759 1.81589 -2.53759
-0.747145 0.752149 -0.747145
0.0354298 3.02388 0.0354298
-0.280451 -0.135101 -0.280451
0.167575 -1.28989 0.167575
0.133105 -0.105647 0.133105
-2.46716 2.7306 -2.46716
-0.60142 0.98866 -0.60142
0.694999 -0.0513234 0.694999
0.553588 0.933963 0.553588
0.997883 0.421956 0.997883
0.159894 0.0318828 0.159894
0.13439 0.0340675 0.13439
-0.418727 0.582354 -0.418727
-1.28422 -0.523018 -1.28422
-0.644062 0.022257 -0.644062
0.358241 0.0652504 0.358241
1.27876 -0.149881 1.27876
-0.508681 1.09661 -0.508681
1.14332 0.424847 1.14332
0.286765 1.09882 0.286765
-0.111859 0.115942 -0.111859
1.05227 0.254955 1.05227
-0.961073 -0.0466542 -0.961073
-1.00779 -2.22189 -1.00779
-0.620522 -0.016171 -0.620522
-0.437216 0.780511 -0.437216
0.435891 -0.641533 0.435891
-0.486979 0.932353 -0.486979
-0.0632711 0.348228 -0.0632711
0.100676 -1.33841 0.100676
-0.0633825 -1.6016 -0.0633825
1.04751 0.260252 1.04751
-0.85065 -0.518549 -0.85065
-0.939466 0.491403 -0.939466
0.2572 0.247582 0.2572
0.414237 -0.0580469 0.414237
1.56521 1.32672 1.56521
-2.38205 -0.26613 -2.38205
-1.48568 0.651244 -1.48568
-0.0021145 0.747354 -0.0021145
-0.201527 -0.169657 -0.201527
0.0200974 -0.308492 0.0200974
1.22649 0.360267 1.22649
-1.20529 -0.120467 -1.20529
-0.137881 -0.934559 -0.137881
-0.318225 -0.151195 -0.318225
-2.47117 0.715722 -2.47117
-0.483951 0.972178 -0.483951
-0.670067 -0.599077 -0.670067
-0.198312 -0.390926 -0.198312
0.616876 0.493053 0.616876
1.12309 0.179804 1.12309
-0.952689 -0.567496 -0.952689
-0.224353 0.412196 -0.224353
1.13371 -1.07561 1.13371
1.45329 -1.39859 1.45329
0.221841 0.59719 0.221841
-0.853374 1.37118 -0.853374
-2.16052 -2.82162 -2.16052
0.891566 -0.484936 0.891566
0.420633 0.201073 0.420633
-0.34255 -0.234184 -0.34255
1.29331 -0.369578 1.29331
-0.331016 0.781637 -0.331016
0.973102 -0.336448 0.973102
-0.0670858 1.45296 -0.0670858
0.416425 -0.524238 0.416425
-0.0141548 0.442844 -0.0141548
-0.122361 -0.854135 -0.122361
-0.608606 -0.601597 -0.608606
0.825005 1.01927 0.825005
1.01285 1.09525 1.01285
-0.358367 0.255373 -0.358367
-0.866612 -0.625293 -0.866612
0.235298 1.43622 0.235298
0.118169 0.401004 0.118169
0.456754 -0.28461 0.456754
-0.797017 -0.626921 -0.797017
0.459858 -0.542754 0.459858
-0.114941 0.152284 -0.114941
-1.29914 0.371 -1.29914
0.563749 -1.0776 0.563749
-0.0335432 -2.3397 -0.0335432
0.102424 0.542684 0.102424
-1.04874 0.415899 -1.04874
1.74638 0.238782 1.74638
1.54101 0.0492873 1.54101
-0.532866 2.27635 -0.532866
2.57886 2.38195 2.57886
-2.36858 1.40394 -2.36858
-0.0199591 -0.410283 -0.0199591
1.04378 -0.479302 1.04378
0.874911 2.06884 0.874911
1.41255 0.569755 1.41255
-0.557246 1.18455 -0.557246
0.323726 0.000715878 0.323726
0.203394 -1.03846 0.203394
1.07598 0.833892 1.07598
1.31665 -1.08765 1.31665
0.920245 -0.86143 0.920245
-0.65571 0.579148 -0.65571
-0.502194 -1.3684 -0.502194
0.152512 0.135645 0.152512
0.44167 0.237165 0.44167
-0.667736 -0.629648 -0.667736
2.04634 -0.478576 2.04634
0.63193 0.670573 0.63193
-0.537244 -0.369107 -0.537244
-0.330218 2.98314 -0.330218
1.90024 -1.01586 1.90024
-0.548613 1.04807 -0.548613
-0.373056 -0.0715639 -0.373056
-0.670103 -0.318844 -0.670103
-0.680017 1.26314 -0.680017
0.918919 -1.45331 0.918919
-0.87324 0.852722 -0.87324
-0.165243 -0.611608 -0.165243
0.0158522 -0.87384 0.0158522
0.113338 -0.648533 0.113338
-0.529384 1.97803 -0.529384
0.668688 0.0422739 0.668688
-0.484237 0.295217 -0.484237
0.28017 -0.0344919 0.28017
-0.271477 -0.209359 -0.271477
0.743136 -0.819251 0.743136
-1.15501 0.149833 -1.15501
0.40726 -1.57773 0.40726
0.733457 2.04183 0.733457
0.197911 -0.812742 0.197911
-0.767854 -0.203396 -0.767854
-0.511559 0.698407 -0.511559
-0.444114 -0.384166 -0.444114
0.152054 -0.637825 0.152054
0.269797 1.92059 0.269797
-0.727018 -1.27489 -0.727018
-1.18828 -0.356197 -1.18828
-0.0919753 -0.117782 -0.0919753
1.00294 1.15921 1.00294
0.353032 0.0241093 0.353032
-0.216246 0.281143 -0.216246
-0.0912846 0.679342 -0.0912846
-1.34668 -2.47987 -1.34668
-1.23316 -0.264095 -1.23316
-1.84443 -0.304862 -1.84443
-0.344023 -0.171841 -0.344023
-1.50244 -0.757049 -1.50244
2.10421 -2.4064 2.10421
-0.340742 -0.0213186 -0.340742
0.369603 -0.701948 0.369603
-1.44664 -0.0717354 -1.44664
-0.87628 -1.36772 -0.87628
-1.41955 2.09214 -1.41955
-0.168202 -0.0938204 -0.168202
1.60073 -0.112581 1.60073
-0.0258415 -0.228636 -0.0258415
-0.0420635 0.0666187 -0.0420635
-1.64907 -1.68972 -1.64907
-0.374502 -0.300854 -0.374502
-0.340413 -0.172602 -0.340413
-0.513981 0.231747 -0.513981
-0.700356 1.65822 -0.700356
1.39594 -2.0819 1.39594
-0.0899123 0.440325 -0.0899123
0.00798732 1.75005 0.00798732
0.343626 0.0911232 0.343626
0.449413 -0.188219 0.449413
0.677715 -1.54296 0.677715
0.879124 -2.00605 0.879124
-0.120632 -0.109528 -0.120632
0.462044 -0.694392 0.462044
0.863069 0.5463 0.863069
0.233579 -0.926678 0.233579
0.845442 -0.481095 0.845442
0.734468 0.825803 0.734468
3.37186 1.20018 3.37186
-0.786952 -0.25099 -0.786952
0.679811 0.750062 0.679811
0.387209 -0.416508 0.387209
-0.893837 0.531996 -0.893837
0.846658 -0.405435 0.846658
-1.54893 1.18873 -1.54893
0.0870323 -0.256002 0.0870323
0.688782 -1.1206 0.688782
-1.36775 -0.989327 -1.36775
0.563753 0.0132224 0.563753
-2.34074 -1.83568 -2.34074
-0.337465 -0.0684424 -0.337465
0.573211 0.0409352 0.573211
0.207316 -1.19966 0.207316
-0.33701 1.09376 -0.33701
1.69696 -1.16672 1.69696
-1.72052 -1.07403 -1.72052
0.556103 0.878948 0.556103
1.0713 -0.685556 1.0713
0.0345541 -0.187786 0.0345541
-0.278526 0.112869 -0.278526
-0.134037 0.9181 -0.134037
0.26487 -0.176132 0.26487
0.144802 -0.836581 0.144802
-0.282388 -0.147437 -0.282388
0.118787 0.540972 0.118787
0.428572 1.6179 0.428572
1.46721 -0.908906 1.46721
0.039795 0.193623 0.039795
0.406863 1.50489 0.406863
0.524111 0.353082 0.524111
-0.446515 -0.726506 -0.446515
0.306045 1.27199 0.306045
-1.06375 -0.278328 -1.06375
2.92327 0.777395 2.92327
-0.27079 -0.929018 -0.27079
-0.232198 -0.363578 -0.232198
-1.53141 -1.98994 -1.53141
2.00182 2.23283 2.00182
0.780874 0.913633 0.780874
0.465667 -0.561681 0.465667
0.934971 -0.90828 0.934971
0.759314 1.06009 0.759314
-1.42109 -0.83996 -1.42109
1.60289 0.117158 1.60289
0.428256 0.116169 0.428256
-3.22868 0.591234 -3.22868
-0.283594 -0.00909392 -0.283594
-0.824809 -1.01725 -0.824809
0.975327 1.46693 0.975327
-0.606031 0.471674 -0.606031
0.109533 0.280529 0.109533
-0.663008 -0.300251 -0.663008
-2.74831 -0.328291 -2.74831
0.244849 -0.112727 0.244849
-0.375765 -0.36942 -0.375765
0.0905768 0.547619 0.0905768
0.342102 -0.669921 0.342102
1.628 0.276828 1.628
-0.168734 1.13257 -0.168734
-0.185039 1.72945 -0.185039
-0.701332 -0.339819 -0.701332
-0.173292 -0.575774 -0.173292
-0.786725 0.397359 -0.786725
0.842949 0.220219 0.842949
0.143784 1.13899 0.143784
-0.640363 -0.947278 -0.640363
-0.484277 2.04207 -0.484277
0.739032 -0.293442 0.739032
-1.18574 -0.4842 -1.18574
0.108887 -0.388608 0.108887
1.05506 -1.50988 1.05506
1.18245 -0.240512 1.18245
1.13268 0.1328 1.13268
0.367815 -2.54871 0.367815
0.550385 -1.57341 0.550385
1.60532 2.16367 1.60532
1.36577 -1.22456 1.36577
-0.258471 0.383681 -0.258471
1.80135 -0.720393 1.80135
-0.722175 -1.80312 -0.722175
-0.593424 0.205524 -0.593424
-0.627485 0.636665 -0.627485
-0.87147 -1.73636 -0.87147
0.386496 -0.9533 0.386496
0.761868 0.626588 0.761868
0.0571705 0.916827 0.0571705
0.714225 0.311328 0.714225
-0.562153 0.146772 -0.562153
-0.986467 -0.0222387 -0.986467
0.519299 0.00752094 0.519299
-1.47808 0.197518 -1.47808
0.357878 0.171009 0.357878
-0.61195 0.155434 -0.61195
-0.478565 -1.54374 -0.478565
0.485336 -0.270981 0.485336
-0.633727 -1.15395 -0.633727
0.96318 0.157097 0.96318
-0.842147 -0.318875 -0.842147
-0.0333281 0.924171 -0.0333281
-0.175516 -0.0973339 -0.175516
0.222448 -0.0508884 0.222448
0.22894 0.0732682 0.22894
0.545255 -1.29746 0.545255
-0.620541 0.556208 -0.620541
0.741966 -1.06147 0.741966
0.297613 -0.373525 0.297613
-0.576457 -0.120623 -0.576457
-0.607193 0.413124 -0.607193
1.01955 -2.36974 1.01955
0.273313 0.117745 0.273313
0.867944 0.0505361 0.867944
0.124069 -1.19145 0.124069
-0.3425 0.613243 -0.3425
-0.00574991 -1.0614 -0.00574991
0.0990069 -1.75859 0.0990069
1.69806 -1.0313 1.69806
0.513735 -0.143648 0.513735
1.04539 -1.70356 1.04539
-0.328002 -0.704212 -0.328002
0.756026 -0.670611 0.756026
-0.233939 1.13432 -0.233939
1.51253 -0.377641 1.51253
0.150527 -0.43405 0.150527
0.943043 -0.908198 0.943043
-0.327082 -0.000127749 -0.327082
-1.08483 -3.08324 -1.08483
1.58161 0.0491722 1.58161
-1.671 -0.913087 -1.671
-0.480599 1.61612 -0.480599
0.256745 -0.504468 0.256745
0.0576271 0.324879 0.0576271
0.224968 -0.937047 0.224968
-0.250864 1.56123 -0.250864
-2.42304 0.642125 -2.42304
0.776219 0.602281 0.776219
0.792916 0.544867 0.792916
-0.7002 -0.0618706 -0.7002
2.26308 0.991689 2.26308
-0.263312 -0.14493 -0.263312
0.650033 -0.360915 0.650033
-0.319321 -0.457251 -0.319321
-0.159473 2.53072 -0.159473
0.663313 -0.479568 0.663313
-0.0930358 0.654364 -0.0930358
0.824231 -0.554726 0.824231
1.08114 1.33531 1.08114
-0.575507 1.04493 -0.575507
-0.0127521 -0.728583 -0.0127521
-0.681295 -0.324477 -0.681295
1.15099 -0.564397 1.15099
0.140275 -2.19303 0.140275
0.840025 0.761199 0.840025
-1.39469 0.655242 -1.39469
0.597312 0.394832 0.597312
-0.733597 -1.41071 -0.733597
-0.127176 0.435644 -0.127176
1.15386 -1.53881 1.15386
-0.95118 -1.75165 -0.95118
-0.120754 -1.01264 -0.120754
-1.14629 -1.70849 -1.14629
0.117631 0.337598 0.117631
-0.811862 0.379171 -0.811862
0.101343 -0.0553573 0.101343
-0.035998 1.1279 -0.035998
-0.846599 -0.0142451 -0.846599
-0.258506 -0.159149 -0.258506
0.520184 -0.386094 0.520184
-0.589797 -0.176072 -0.589797
0.187685 -0.252047 0.187685
0.660178 -0.977895 0.660178
-0.983602 -1.97219 -0.983602
0.839391 0.219827 0.839391
2.00551 1.32841 2.00551
0.208765 -0.572692 0.208765
-0.0280513 0.0619933 -0.0280513
-1.58945 0.907645 -1.58945
0.390812 -0.744459 0.390812
-0.154711 -0.25252 -0.154711
-0.608856 -0.886763 -0.608856
-1.77154 0.696533 -1.77154
2.73212 0.456556 2.73212
0.0832336 -0.149059 0.0832336
1.44108 -0.462509 1.44108
0.45384 -1.30089 0.45384
1.29299 -0.153927 1.29299
-0.147353 1.16805 -0.147353
1.16161 1.05806 1.16161
1.70304 0.0452834 1.70304
-0.80822 -0.558685 -0.80822
-1.42908 -0.159264 -1.42908
-2.04593 -1.8511 -2.04593
-0.0192768 0.142541 -0.0192768
2.10832 0.968169 2.10832
-0.554893 -0.629584 -0.554893
-0.122741 -1.17679 -0.122741
-2.78356 -0.449491 -2.78356
0.599746 0.632203 0.599746
-1.75001 0.778873 -1.75001
-0.83596 0.23354 -0.83596
1.19279 -0.402019 1.19279
-0.866414 -1.23506 -0.866414
-0.156862 0.452313 -0.156862
0.226675 0.800191 0.226675
-0.876338 0.831711 -0.876338
-1.408 -0.309216 -1.408
-0.256899 -0.0146085 -0.256899
-0.961913 0.133075 -0.961913
0.130912 1.84865 0.130912
0.706134 -0.124249 0.706134
0.548854 0.344744 0.548854
0.336016 0.030566 0.336016
0.00885451 0.664563 0.00885451
1.13607 -0.178209 1.13607
1.26642 -0.0197451 1.26642
0.156325 -2.4958 0.156325
-0.680815 -2.23184 -0.680815
-0.0738147 1.16537 -0.0738147
0.668851 0.787574 0.668851
0.0722279 1.28548 0.0722279
-0.467745 -0.0947936 -0.467745
-0.559749 0.818704 -0.559749
0.0448353 -0.264514 0.0448353
0.992299 0.775335 0.992299
-2.14482 -0.0462038 -2.14482
-0.770579 0.451185 -0.770579
1.06813 -0.474582 1.06813
1.07859 -1.08894 1.07859
0.954835 0.828137 0.954835
0.0655567 -1.48252 0.0655567
-0.540784 0.00810117 -0.540784
-1.21926 -1.36749 -1.21926
0.168195 0.30603 0.168195
0.549418 0.744001 0.549418
-0.841724 0.0145001 -0.841724
0.11306 -0.199274 0.11306
2.24865 1.4605 2.24865
-0.754652 -1.25891 -0.754652
0.39587 -1.54917 0.39587
1.10239 -0.645613 1.10239
0.689268 1.25032 0.689268
1.79256 -0.432874 1.79256
-0.105806 -0.411173 -0.105806
0.156215 1.05619 0.156215
-0.269276 -0.742017 -0.269276
-1.95646 0.831931 -1.95646
1.22222 0.903845 1.22222
-1.3217 -0.166221 -1.3217
1.03533 -0.18561 1.03533
-0.0322636 -0.25862 -0.0322636
0.39444 -0.0589197 0.39444
-0.0515114 1.46842 -0.0515114
-1.19967 0.746027 -1.19967
-0.496135 -2.04495 -0.496135
1.07536 -0.5985 1.07536
-0.253047 -0.0955394 -0.253047
0.0706129 0.281125 0.0706129
-0.070049 2.11132 -0.070049
0.721807 -0.857475 0.721807
-0.37946 0.245083 -0.37946
-0.684417 -0.494773 -0.684417
-0.51503 0.260181 -0.51503
-0.108283 1.54088 -0.108283
0.770359 2.27651 0.770359
-0.23774 0.82529 -0.23774
-0.421917 -0.493085 -0.421917
0.753162 1.45355 0.753162
-1.50736 -1.34962 -1.50736
0.173184 0.943464 0.173184
0.692809 -0.0607018 0.692809
0.640599 0.385789 0.640599
0.0329735 -1.11275 0.0329735
0.351533 0.262726 0.351533
-0.589354 -1.82001 -0.589354
-0.0681413 0.426537 -0.0681413
0.362332 -0.729784 0.362332
0.25926 1.19285 0.25926
-0.133448 0.260947 -0.133448
-0.740285 -1.05551 -0.740285
0.434854 -1.04565 0.434854
0.403115 -0.188753 0.403115
-0.701392 -1.07966 -0.701392
0.175304 -0.104098 0.175304
-1.03583 0.114806 -1.03583
0.937864 -0.240739 0.937864
-1.02309 -0.850579 -1.02309
2.08037 0.328767 2.08037
-1.48897 -0.583029 -1.48897
-0.212927 1.2364 -0.212927
-2.37368 -0.0656453 -2.37368
-0.244713 -2.57761 -0.244713
-0.261998 -1.2554 -0.261998
1.09764 1.06783 1.09764
0.0672173 0.477858 0.0672173
-0.127012 0.439466 -0.127012
-2.14682 2.35096 -2.14682
0.00244446 0.493982 0.00244446
-0.350985 1.75871 -0.350985
-2.18015 -0.59392 -2.18015
-0.517829 0.747812 -0.517829
-0.428656 -0.297613 -0.428656
-0.678661 -0.386264 -0.678661
0.425223 1.05982 0.425223
-4.25236 -1.70524 -4.25236
2.02093 1.044 2.02093
0.111247 1.07894 0.111247
0.0973242 -0.64163 0.0973242
-1.20995 0.301921 -1.20995
1.11164 0.293459 1.11164
-1.04404 -0.233732 -1.04404
0.0455782 0.747721 0.0455782
0.533577 -2.26916 0.533577
0.030918 1.29742 0.030918
0.522051 0.857718 0.522051
0.544476 -0.559519 0.544476
0.270351 1.08856 0.270351
0.543961 -0.0521459 0.543961
-1.22604 0.116599 -1.22604
0.163958 -1.99395 0.163958
0.300944 -0.274497 0.300944
0.24436 0.371262 0.24436
-0.514892 -0.804818 -0.514892
1.01339 -0.17608 1.01339
-2.5266 -1.05659 -2.5266
-0.538663 -1.22182 -0.538663
-7.38071 -1.33424 -7.38071
-3.19015 0.972417 -3.19015
-0.547179 0.179673 -0.547179
-0.579028 -1.75847 -0.579028
-0.260553 -0.836377 -0.260553
-1.58162 2.08125 -1.58162
-0.550331 -0.546294 -0.550331
-1.59015 0.491454 -1.59015
0.746495 -0.304782 0.746495
0.24894 0.875501 0.24894
-0.625511 0.393786 -0.625511
-1.04195 0.651033 -1.04195
-0.132542 -0.229562 -0.132542
-0.841849 0.598407 -0.841849
-0.258773 1.16433 -0.258773
1.73655 1.22636 1.73655
0.252445 0.915819 0.252445
0.0862979 -1.54615 0.0862979
0.690552 1.68806 0.690552
0.319426 0.0987048 0.319426
0.690336 -0.279451 0.690336
-1.02531 -0.961101 -1.02531
0.796266 -1.64257 0.796266
0.91881 -0.930875 0.91881
1.4158 -3.99098 1.4158
0.752833 -0.0588152 0.752833
0.682777 0.171772 0.682777
2.35296 -0.849864 2.35296
-1.28894 0.682944 -1.28894
0.425369 0.0613864 0.425369
-0.955564 0.041909 -0.955564
0.963609 0.499966 0.963609
-0.00216216 0.4069 -0.00216216
-1.75654 0.312322 -1.75654
0.357603 -0.257013 0.357603
-0.167011 -0.192794 -0.167011
-0.438285 -0.212429 -0.438285
-0.737088 -0.102106 -0.737088
-0.49861 -2.1185 -0.49861
0.992947 0.0442763 0.992947
-1.10571 0.316458 -1.10571
-0.1132 0.495926 -0.1132
1.01475 -1.10288 1.01475
-0.133727 -0.0841504 -0.133727
-1.70114 2.78039 -1.70114
-0.195769 -0.261876 -0.195769
1.90388 0.104351 1.90388
-1.72838 -0.118347 -1.72838
0.59536 1.15569 0.59536
-1.03961 0.0977181 -1.03961
0.575495 2.16494 0.575495
1.45434 1.95898 1.45434
