0 0 0
0.236068 0.225152 0.236068
2.91426 -2.66769 2.91426
-0.199211 -0.186302 -0.199211
-0.542076 -0.00665873 -0.542076
-0.525785 -0.163772 -0.525785
-0.495768 -0.065348 -0.495768
1.14084 0.442727 1.14084
0.414926 -1.27692 0.414926
-0.106093 0.714055 -0.106093
-3.66559 -0.321955 -3.66559
-2.56105 1.35015 -2.56105
0.248085 1.10207 0.248085
-1.81821 -0.909329 -1.81821
-1.513 0.893626 -1.513
1.75302 -1.24402 1.75302
-0.52339 1.13883 -0.52339
-1.11447 -0.298521 -1.11447
1.59727 -0.287081 1.59727
-0.855656 -0.331846 -0.855656
-0.188693 -2.11108 -0.188693
-0.0990191 -0.0179133 -0.0990191
-1.25375 -0.567146 -1.25375
-0.118167 -0.767614 -0.118167
0.930258 -0.346002 0.930258
1.65624 0.224637 1.65624
-1.41042 0.109381 -1.41042
-2.56973 0.0316065 -2.56973
-0.589248 0.64198 -0.589248
1.88676 0.929919 1.88676
-0.608042 1.07886 -0.608042
-0.0622449 -0.113877 -0.0622449
-0.461867 -0.367144 -0.461867
-0.178551 -1.45517 -0.178551
-0.735815 1.90293 -0.735815
0.224684 1.04516 0.224684
0.177179 1.08584 0.177179
-1.51365 -1.3047 -1.51365
-0.601805 0.363173 -0.601805
0.696582 -0.0594356 0.696582
0.554657 -1.233 0.554657
0.298887 0.0213147 0.298887
-0.381303 0.341641 -0.381303
0.26493 0.718836 0.26493
0.107237 0.430417 0.107237
0.802841 -0.393389 0.802841
2.19431 -1.57544 2.19431
-1.84993 -0.345301 -1.84993
-0.661439 2.00497 -0.661439
-4.14135 0.328879 -4.14135
-0.365735 -0.179216 -0.365735
0.385452 0.348432 0.385452
0.738512 -0.724711 0.738512
-0.680498 -0.488606 -0.680498
-1.52034 -0.648434 -1.52034
-0.305095 0.0218717 -0.305095
-0.967584 -0.983571 -0.967584
0.283045 -0.131304 0.283045
-0.380925 0.996606 -0.380925
-1.17502 0.532324 -1.17502
0.945305 -0.227214 0.945305
-0.532939 1.37128 -0.532939
-1.95615 -0.259837 -1.95615
3.33723 0.291288 3.33723
-0.78933 0.187636 -0.78933
0.649952 -2.11517 0.649952
0.190356 1.7018 0.190356
-2.09097 0.158457 -2.09097
2.87257 -1.20268 2.87257
0.683731 0.742892 0.683731
0.139796 0.236809 0.139796
-0.392111 -0.000119199 -0.392111
0.420693 -0.616395 0.420693
1.88441 0.509075 1.88441
1.09519 -0.460601 1.09519
-0.313108 -0.55643 -0.313108
-0.736861 0.267641 -0.736861
0.264822 0.216555 0.264822
0.0882858 -1.0635 0.0882858
-1.33583 2.40889 -1.33583
0.684299 0.884966 0.684299
0.0547084 0.73232 0.0547084
0.680019 -0.603915 0.680019
-0.418686 0.733895 -0.418686
1.36222 1.71438 1.36222
1.64106 -0.669216 1.64106
-1.84104 -0.368774 -1.84104
-1.3151 0.921595 -1.3151
-0.752197 -0.937163 -0.752197
1.1956 0.731488 1.1956
-0.957156 -0.511821 -0.957156
1.53274 -1.58659 1.53274
0.118831 0.242473 0.118831
-1.10794 0.174118 -1.10794
-0.530368 0.614347 -0.530368
-0.961233 0.885043 -0.961233
-2.53639 -2.45381 -2.53639
-0.32674 0.933175 -0.32674
1.72178 -0.138887 1.72178
1.09646 -1.06268 1.09646
0.592125 0.177356 0.592125
0.741963 -0.327407 0.741963
0.239087 0.247083 0.239087
0.820999 -0.6809 0.820999
-0.102736 1.32294 -0.102736
-0.283408 0.717775 -0.283408
0.612384 -0.809462 0.612384
0.15419 -0.849909 0.15419
-0.0964418 0.72543 -0.0964418
1.27126 2.08072 1.27126
-1.35723 -0.37382 -1.35723
0.090203 -0.117725 0.090203
0.436169 0.956027 0.436169
0.563582 0.74969 0.563582
0.206311 -0.849906 0.206311
-0.177261 -0.572453 -0.177261
-0.785397 -0.870355 -0.785397
-1.26365 0.231824 -1.26365
0.779505 -0.105495 0.779505
0.088361 -0.528911 0.088361
1.52562 -1.81343 1.52562
0.370138 0.605913 0.370138
-0.499427 1.43882 -0.499427
0.800529 -0.158332 0.800529
0.292564 0.525119 0.292564
-0.45045 0.272644 -0.45045
1.09378 -0.226967 1.09378
0.720359 0.713323 0.720359
-0.583866 -0.381293 -0.583866
-0.515612 -0.481127 -0.515612
0.0338998 -1.41707 0.0338998
0.38454 -0.244967 0.38454
-1.16331 0.888803 -1.16331
-0.624756 1.80102 -0.624756
-0.150599 -0.573424 -0.150599
0.446344 0.135529 0.446344
0.356823 -0.716682 0.356823
-1.52602 0.518456 -1.52602
0.802843 0.768256 0.802843
0.427961 0.694038 0.427961
-0.495899 2.4307 -0.495899
2.58357 0.137699 2.58357
0.0677331 -0.040503 0.0677331
-0.133292 1.37725 -0.133292
-1.53191 0.15915 -1.53191
-0.311626 -0.465152 -0.311626
0.6156 -1.07339 0.6156
1.29223 2.19521 1.29223
-0.265126 -0.573103 -0.265126
-0.0946191 -0.512258 -0.0946191
0.319712 -0.841993 0.319712
0.949043 -1.60193 0.949043
1.14956 1.10066 1.14956
-1.04379 -1.02158 -1.04379
-2.12017 0.412314 -2.12017
-0.0436935 2.11579 -0.0436935
1.72961 -1.10957 1.72961
-0.903591 0.421585 -0.903591
0.474643 -0.848555 0.474643
-0.114044 0.0527668 -0.114044
-0.358242 -1.13899 -0.358242
-0.922281 0.456819 -0.922281
-0.637002 -1.16444 -0.637002
0.226041 -0.702491 0.226041
-0.57261 -0.30254 -0.57261
0.454837 -0.0154463 0.454837
1.04473 -0.949709 1.04473
0.510611 0.619828 0.510611
0.290747 -0.366307 0.290747
-0.337327 -0.46571 -0.337327
-0.0277438 1.32419 -0.0277438
0.100969 -0.683592 0.100969
1.2052 2.37796 1.2052
0.511756 -0.637538 0.511756
0.0932673 -1.41213 0.0932673
-1.14729 -0.393206 -1.14729
-0.0481319 -0.253705 -0.0481319
0.0139853 0.448211 0.0139853
-0.680578 -0.291036 -0.680578
-1.34014 4.32094 -1.34014
-0.700357 -0.0434541 -0.700357
1.15356 2.80432 1.15356
1.25582 0.0146807 1.25582
0.507695 -0.463285 0.507695
0.148329 1.17061 0.148329
-0.312835 0.871494 -0.312835
1.55887 -1.69244 1.55887
1.18227 -0.999276 1.18227
-0.283632 0.10579 -0.283632
-1.16859 0.278132 -1.16859
-0.187672 -0.607667 -0.187672
-0.418629 0.0289408 -0.418629
-0.297495 1.5779 -0.297495
0.408501 0.518464 0.408501
1.21255 -0.521536 1.21255
0.377464 0.477547 0.377464
0.418895 0.494968 0.418895
-0.0252763 -1.30657 -0.0252763
0.751252 0.295217 0.751252
-1.54516 -0.997811 -1.54516
-0.55524 0.427862 -0.55524
-0.426166 0.900162 -0.426166
-0.164198 1.42038 -0.164198
-0.573599 -1.05979 -0.573599
-1.06101 1.07414 -1.06101
-0.351958 -3.43768 -0.351958
2.37391 -1.0508 2.37391
2.57692 -2.07681 2.57692
-0.204644 -0.262851 -0.204644
0.446772 -0.476383 0.446772
0.0905545 -0.726808 0.0905545
1.03577 -0.549686 1.03577
-2.48189 -1.81816 -2.48189
-1.11614 -0.710071 -1.11614
0.0414939 0.380174 0.0414939
0.365965 0.567794 0.365965
-1.07643 -0.210303 -1.07643
0.408782 1.00135 0.408782
0.581515 0.150275 0.581515
-0.794363 0.845008 -0.794363
-0.309512 0.316131 -0.309512
1.07981 0.749219 1.07981
0.0181036 0.607582 0.0181036
-1.24781 0.373315 -1.24781
2.41989 -0.00884651 2.41989
1.09686 0.37482 1.09686
-0.787397 -0.993696 -0.787397
2.13977 -1.02775 2.13977
1.62353 1.83989 1.62353
-1.29188 0.0752093 -1.29188
0.0189204 -0.2299 0.0189204
0.368323 -0.947273 0.368323
-0.165995 0.125809 -0.165995
-2.14471 0.724607 -2.14471
0.77238 0.963983 0.77238
-0.00127564 -5.12886 -0.00127564
-0.722463 -0.390389 -0.722463
-0.477759 0.947587 -0.477759
0.718438 -0.477126 0.718438
0.786 -2.00108 0.786
0.119948 -0.410971 0.119948
-0.606411 -0.739012 -0.606411
-0.295729 -0.368714 -0.295729
0.012847 -0.149007 0.012847
-0.683284 0.234835 -0.683284
0.85016 1.23597 0.85016
-0.399899 -0.0633048 -0.399899
1.1176 -0.944559 1.1176
-1.06229 0.243499 -1.06229
0.103541 -0.32544 0.103541
2.07381 0.430559 2.07381
0.0681919 0.108988 0.0681919
0.621967 0.632323 0.621967
0.351752 -0.828083 0.351752
0.207909 0.158822 0.207909
-1.60047 0.168294 -1.60047
0.562956 -2.23702 0.562956
0.276226 -0.914174 0.276226
0.672145 0.0340674 0.672145
0.0458799 -0.527631 0.0458799
1.09591 0.762756 1.09591
-1.01669 0.830683 -1.01669
-0.745589 -0.880438 -0.745589
-1.03072 2.39653 -1.03072
0.287713 0.481829 0.287713
1.24324 -0.000555784 1.24324
-1.04426 -0.316897 -1.04426
1.66478 1.1754 1.66478
0.112693 0.518552 0.112693
-1.5875 0.654193 -1.5875
1.01369 -0.144233 1.01369
1.49412 0.515836 1.49412
-1.22156 -1.3946 -1.22156
1.25137 -0.313585 1.25137
0.83787 0.639817 0.83787
1.33125 0.552834 1.33125
-2.1495 1.29418 -2.1495
-0.19645 -0.150703 -0.19645
-0.974659 0.500708 -0.974659
0.948859 2.37665 0.948859
-0.386037 0.212445 -0.386037
0.265857 -0.0350035 0.265857
-0.739267 -0.17374 -0.739267
-1.69004 -1.02221 -1.69004
0.61177 -0.711126 0.61177
-0.697996 -1.05559 -0.697996
0.579448 -1.13679 0.579448
0.7581 1.3098 0.7581
0.421118 0.329062 0.421118
2.9781 0.0529334 2.9781
-0.261167 0.20997 -0.261167
-1.59617 -0.231475 -1.59617
-1.50264 2.87467 -1.50264
-0.862293 -0.840368 -0.862293
-0.330518 1.24856 -0.330518
-0.0631534 0.0285409 -0.0631534
-0.089533 -1.14445 -0.089533
0.8299 -0.589079 0.8299
-0.434713 -0.0237808 -0.434713
0.0680657 -0.368895 0.0680657
-0.0221177 -1.45483 -0.0221177
-0.401491 1.14937 -0.401491
0.802022 -1.11761 0.802022
0.875062 0.905794 0.875062
-0.0687106 0.664747 -0.0687106
-0.555607 0.343516 -0.555607
-0.239282 0.573411 -0.239282
-1.52623 0.924125 -1.52623
-0.485883 -0.666727 -0.485883
0.648478 -0.177424 0.648478
0.814436 0.350247 0.814436
0.830305 0.657118 0.830305
0.375718 -0.560638 0.375718
1.0445 -0.0457699 1.0445
1.47709 0.393691 1.47709
0.99268 0.675508 0.99268
0.808118 -0.0513237 0.808118
1.67404 -0.902772 1.67404
0.0568529 1.21792 0.0568529
-0.433652 -0.467684 -0.433652
1.77089 1.3863 1.77089
0.196973 -0.0907043 0.196973
-0.452652 -0.824739 -0.452652
-0.671494 -0.67275 -0.671494
-0.692691 -0.0122737 -0.692691
-0.430872 -0.482254 -0.430872
-1.22051 0.66591 -1.22051
0.328152 1.09314 0.328152
0.656688 -0.507804 0.656688
-0.526405 -1.28046 -0.526405
1.44106 -0.330405 1.44106
-0.0252451 0.0856578 -0.0252451
-0.559766 0.156931 -0.559766
0.162746 0.534732 0.162746
0.277118 -0.18221 0.277118
-0.514995 -1.26054 -0.514995
1.15554 0.998228 1.15554
0.336935 0.671842 0.336935
-0.789639 -0.935398 -0.789639
0.00525745 0.501824 0.00525745
1.14383 0.657894 1.14383
0.712267 0.295706 0.712267
-0.109283 0.0448708 -0.109283
0.691825 -2.00173 0.691825
-1.04079 0.229627 -1.04079
0.142521 0.497457 0.142521
0.656293 0.131693 0.656293
0.192591 -0.766403 0.192591
0.138521 0.13157 0.138521
0.00906205 0.409547 0.00906205
-0.127207 0.190904 -0.127207
-0.712323 0.0818565 -0.712323
0.344096 1.28074 0.344096
-0.163405 -2.07942 -0.163405
-1.45263 -1.27404 -1.45263
1.27788 1.53481 1.27788
-1.21824 0.968195 -1.21824
-1.23468 0.610606 -1.23468
1.20786 0.440244 1.20786
-1.08562 -0.450176 -1.08562
1.87854 1.15064 1.87854
2.06451 0.847734 2.06451
0.0304644 -0.567524 0.0304644
-0.218281 0.488112 -0.218281
-0.744914 0.0636054 -0.744914
-0.975468 -1.85651 -0.975468
-0.514276 0.1539 -0.514276
-0.358356 -0.884039 -0.358356
0.609178 -0.618838 0.609178
-0.993865 -0.00162931 -0.993865
1.19363 0.608586 1.19363
-0.381109 -0.749119 -0.381109
-0.528221 1.07285 -0.528221
0.294063 -0.0555216 0.294063
-1.58185 -1.0791 -1.58185
0.528013 -0.613612 0.528013
-0.943092 -2.94879 -0.943092
-1.32667 -0.0791444 -1.32667
0.187333 -0.884756 0.187333
-0.156784 -0.761106 -0.156784
2.17434 -1.58226 2.17434
0.384987 -0.937556 0.384987
-1.97649 1.11279 -1.97649
1.36224 -0.999672 1.36224
0.932922 -0.88887 0.932922
0.398566 0.12024 0.398566
0.219337 -0.999506 0.219337
1.93645 -1.11946 1.93645
-1.29269 -0.531937 -1.29269
-0.757382 -0.0499529 -0.757382
-0.720286 2.23097 -0.720286
-0.316303 0.813706 -0.316303
-2.02329 0.441833 -2.02329
-1.10012 -0.14342 -1.10012
-1.2234 -0.362541 -1.2234
-0.701907 -0.216252 -0.701907
1.23258 0.935018 1.23258
-0.377843 0.202314 -0.377843
0.737323 -0.26503 0.737323
-0.273598 0.803838 -0.273598
-0.316973 1.09577 -0.316973
-0.0599295 -0.476921 -0.0599295
0.798646 0.601562 0.798646
0.078114 0.0663378 0.078114
1.29185 -0.3506 1.29185
0.402375 -1.36286 0.402375
-0.0371081 0.262378 -0.0371081
-1.77267 1.59686 -1.77267
0.346654 0.721524 0.346654
-0.47414 -0.0559483 -0.47414
1.61686 0.22317 1.61686
0.453496 -0.213765 0.453496
-1.79475 1.36807 -1.79475
1.085 -0.859072 1.085
-0.386909 1.98653 -0.386909
1.37677 0.639933 1.37677
-2.14976 1.06848 -2.14976
-0.963593 1.03543 -0.963593
-1.08328 0.226981 -1.08328
0.325583 0.958512 0.325583
2.12161 1.96535 2.12161
-0.781661 0.738145 -0.781661
0.244713 -0.268792 0.244713
1.1362 -2.42405 1.1362
1.43858 -0.743545 1.43858
0.933345 0.0571491 0.933345
-0.036631 -0.193783 -0.036631
0.361753 -0.895698 0.361753
-0.739119 -1.18037 -0.739119
0.881269 0.631624 0.881269
-0.828502 0.995986 -0.828502
-0.716019 0.589498 -0.716019
0.409755 0.107011 0.409755
-0.0172354 0.00452501 -0.0172354
0.938874 0.486182 0.938874
-1.24412 -0.148206 -1.24412
-0.211501 0.075768 -0.211501
0.0967437 -1.81485 0.0967437
-1.2049 -0.340518 -1.2049
0.999836 0.434274 0.999836
0.610277 -0.298033 0.610277
-1.25942 -0.407036 -1.25942
-0.408298 0.581321 -0.408298
-0.841618 -1.04808 -0.841618
1.44108 0.170417 1.44108
-0.960138 -1.43043 -0.960138
2.63089 0.238479 2.63089
-0.614258 0.513413 -0.614258
-0.792864 0.328962 -0.792864
0.998409 -1.00097 0.998409
-1.36889 0.648713 -1.36889
0.739706 -0.725662 0.739706
-0.798384 1.10327 -0.798384
-0.469167 0.112636 -0.469167
1.29515 2.09196 1.29515
-0.144183 -0.617885 -0.144183
-1.6217 -0.337337 -1.6217
0.467612 0.0867279 0.467612
0.758705 -1.01419 0.758705
0.232689 -0.221299 0.232689
-0.33739 -0.207343 -0.33739
-1.55859 -1.75211 -1.55859
1.87796 2.57412 1.87796
-0.631257 1.42679 -0.631257
-0.532059 -0.607859 -0.532059
0.472786 -0.308409 0.472786
-2.26228 0.303036 -2.26228
0.484321 0.853545 0.484321
0.635133 0.921237 0.635133
0.64207 -2.51734 0.64207
0.802634 0.706479 0.802634
0.454527 0.175655 0.454527
2.01725 0.412765 2.01725
0.541799 0.744283 0.541799
0.276925 0.329945 0.276925
-0.121724 0.100995 -0.121724
-0.951555 -1.05233 -0.951555
0.369555 1.19947 0.369555
-0.691384 -0.305042 -0.691384
0.36861 -0.412402 0.36861
-0.411843 -0.458143 -0.411843
0.475184 -0.344906 0.475184
-0.426152 -1.00219 -0.426152
-1.01615 1.31421 -1.01615
-1.14968 0.876544 -1.14968
0.503175 0.341293 0.503175
0.0967203 2.81113 0.0967203
1.14483 2.01448 1.14483
0.358728 0.21926 0.358728
0.0768792 -0.171608 0.0768792
1.28183 2.34412 1.28183
1.49864 3.04379 1.49864
1.11303 -0.171265 1.11303
0.668377 -0.533655 0.668377
-1.04501 0.71733 -1.04501
0.996512 0.782615 0.996512
-0.237378 -0.472756 -0.237378
0.852291 0.625186 0.852291
-0.0458378 -1.68651 -0.0458378
-0.238907 0.337214 -0.238907
-0.822625 -1.12274 -0.822625
0.135745 0.647107 0.135745
-0.77595 0.706396 -0.77595
-2.21249 -2.74015 -2.21249
0.0581553 0.46776 0.0581553
0.383298 0.246507 0.383298
0.842454 -0.623934 0.842454
-0.525494 -1.68728 -0.525494
1.45776 -0.0586164 1.45776
0.140877 -1.37072 0.140877
-0.248345 0.231157 -0.248345
0.0380392 0.739755 0.0380392
-0.828055 -1.93606 -0.828055
-1.31195 0.291991 -1.31195
-1.5379 1.0198 -1.5379
0.956649 -0.171748 0.956649
0.231747 -0.467896 0.231747
-0.160462 0.867955 -0.160462
-0.615182 0.52649 -0.615182
1.63444 -1.6848 1.63444
1.47888 -0.416696 1.47888
-0.215048 -1.18221 -0.215048
-0.276343 1.18616 -0.276343
-1.27027 0.213542 -1.27027
-0.607613 0.161837 -0.607613
-0.771618 -3.13168 -0.771618
-0.719183 0.772205 -0.719183
-0.868343 2.55066 -0.868343
-0.569144 0.638398 -0.569144
-0.109499 1.2309 -0.109499
-0.182232 -0.211186 -0.182232
-1.52162 -2.09991 -1.52162
-0.402419 -0.530388 -0.402419
0.218021 -1.59863 0.218021
1.19829 0.757323 1.19829
0.490624 -0.49103 0.490624
-0.190462 1.00857 -0.190462
-0.0904594 -0.516703 -0.0904594
-0.697036 2.99211 -0.697036
-0.488035 -0.0785695 -0.488035
0.219166 -1.94926 0.219166
-1.46651 0.433748 -1.46651
-0.986827 -1.32338 -0.986827
-0.629835 0.0678899 -0.629835
-0.291052 -1.07933 -0.291052
0.396302 0.780669 0.396302
-0.510899 -0.329352 -0.510899
-0.674987 1.05669 -0.674987
-0.0653473 -0.105663 -0.0653473
-1.32616 0.820679 -1.32616
0.761757 0.609104 0.761757
-0.443676 -0.272998 -0.443676
-0.348233 0.319884 -0.348233
-0.933184 -0.249628 -0.933184
0.742733 0.961446 0.742733
-0.800076 1.85529 -0.800076
-0.687427 -0.127028 -0.687427
-1.27663 -1.77943 -1.27663
-0.118534 0.237887 -0.118534
0.205429 1.17052 0.205429
-1.50626 1.7833 -1.50626
0.231225 -0.125854 0.231225
0.164145 0.529894 0.164145
-1.33083 -2.3268 -1.33083
0.45555 -1.04887 0.45555
0.287608 0.748522 0.287608
-0.241808 -0.0443459 -0.241808
-0.400338 0.171899 -0.400338
1.91238 -0.780056 1.91238
-0.205919 -1.46117 -0.205919
1.17431 -1.43754 1.17431
0.338281 0.44406 0.338281
1.07717 0.626195 1.07717
-0.939323 0.0597912 -0.939323
0.294306 -0.323154 0.294306
0.0966734 -0.199169 0.0966734
-0.0678661 0.10198 -0.0678661
-0.0493178 0.230622 -0.0493178
-0.816225 -0.204275 -0.816225
1.47406 0.0565023 1.47406
1.21606 -0.235941 1.21606
-0.758352 -0.654609 -0.758352
0.568839 0.451843 0.568839
0.369141 -0.754381 0.369141
1.82276 -1.24136 1.82276
-1.01349 -1.65199 -1.01349
-0.14415 -0.717109 -0.14415
-0.942876 0.630103 -0.942876
0.104308 0.0146873 0.104308
-0.0325556 0.86561 -0.0325556
-1.89498 -1.58991 -1.89498
1.56032 -0.189365 1.56032
-0.855705 1.37051 -0.855705
0.518207 0.770647 0.518207
0.230005 -1.81861 0.230005
1.07239 0.257298 1.07239
0.255761 -0.0561168 0.255761
0.0326706 0.146785 0.0326706
-0.962571 0.327627 -0.962571
-1.99669 -0.278973 -1.99669
0.20797 -0.247447 0.20797
-0.0289279 -0.302836 -0.0289279
-0.61761 1.25103 -0.61761
-1.29962 0.642053 -1.29962
-1.28018 0.304016 -1.28018
0.523803 2.50233 0.523803
-0.728975 -0.184068 -0.728975
0.573983 0.137841 0.573983
0.865564 0.778351 0.865564
1.31782 0.501561 1.31782
-2.03831 1.12205 -2.03831
-0.790456 0.0132346 -0.790456
-0.938453 1.41179 -0.938453
-1.16089 0.46574 -1.16089
-0.0346261 1.6151 -0.0346261
0.661177 -1.32527 0.661177
-0.202767 0.154613 -0.202767
-0.297733 0.238169 -0.297733
0.738812 -0.38987 0.738812
-1.56974 1.70322 -1.56974
-0.306729 -0.151926 -0.306729
0.0385803 0.71226 0.0385803
0.33893 0.545602 0.33893
-0.490053 -0.340548 -0.490053
-0.475145 0.874745 -0.475145
-0.948914 0.577461 -0.948914
1.20801 0.374985 1.20801
0.991436 -0.423383 0.991436
-0.110495 -0.370501 -0.110495
-1.26623 0.0492136 -1.26623
-0.160191 -0.224781 -0.160191
0.176745 0.47879 0.176745
-0.898295 0.290513 -0.898295
0.0353856 -0.182861 0.0353856
-0.571959 -0.700668 -0.571959
-0.51416 -0.301409 -0.51416
0.106901 0.720405 0.106901
-0.552095 0.912996 -0.552095
-1.34898 -0.631729 -1.34898
-0.123194 0.813857 -0.123194
-0.164091 -1.69043 -0.164091
-0.000332307 -0.586085 -0.000332307
2.03554 -1.95008 2.03554
-0.0569093 0.882311 -0.0569093
0.350228 -0.0913784 0.350228
-0.458935 0.12115 -0.458935
0.0907925 -0.475547 0.0907925
0.851598 1.30259 0.851598
-0.634436 -0.491092 -0.634436
-0.929933 -0.941582 -0.929933
1.0693 -1.14933 1.0693
-1.7244 2.7676 -1.7244
-0.948064 -0.769674 -0.948064
-0.293665 -0.148427 -0.293665
0.333325 -0.410791 0.333325
-0.624995 0.0414014 -0.624995
-0.975287 -1.19841 -0.975287
1.74269 0.0969795 1.74269
0.752471 -1.25133 0.752471
-1.41059 0.0508256 -1.41059
-0.185986 1.18075 -0.185986
-0.833856 -0.804228 -0.833856
0.200256 -1.31854 0.200256
0.00403622 -1.3239 0.00403622
-0.0972054 -0.397958 -0.0972054
1.17498 1.20921 1.17498
0.733854 -2.49015 0.733854
0.62945 -0.181037 0.62945
-0.522183 0.234168 -0.522183
-0.789497 0.368511 -0.789497
0.768245 -0.943033 0.768245
0.124498 0.0383376 0.124498
-0.614833 -0.832592 -0.614833
-0.410581 -0.262871 -0.410581
-0.421209 0.30912 -0.421209
0.306511 0.906071 0.306511
-0.245638 1.95652 -0.245638
-0.837496 -0.662497 -0.837496
0.352008 0.324101 0.352008
-1.15949 -1.06117 -1.15949
-0.116127 -0.79265 -0.116127
-0.464762 -0.606958 -0.464762
0.281662 -0.177587 0.281662
0.705062 -1.33488 0.705062
-0.845221 -0.681897 -0.845221
-0.948598 -0.704445 -0.948598
-0.341859 -0.0541303 -0.341859
-0.0238428 -1.29296 -0.0238428
-0.37178 -0.13969 -0.37178
0.889217 1.17506 0.889217
-1.87302 0.739968 -1.87302
0.0133088 1.59333 0.0133088
0.314698 -0.254674 0.314698
-0.429849 0.178816 -0.429849
-0.554428 -0.0753768 -0.554428
0.558179 -0.951602 0.558179
1.48134 0.644393 1.48134
-0.406208 0.199923 -0.406208
1.08512 0.75342 1.08512
1.10669 0.208977 1.10669
0.396194 -0.735562 0.396194
0.104164 -1.40034 0.104164
-0.44993 -1.12287 -0.44993
-0.983881 -1.37138 -0.983881
1.14984 -0.717538 1.14984
-0.904114 -0.958266 -0.904114
1.42699 0.942148 1.42699
0.0481839 -1.13853 0.0481839
-0.294955 -0.23746 -0.294955
-1.26756 0.0140302 -1.26756
-0.497848 -0.872717 -0.497848
-0.473618 -1.01699 -0.473618
0.595082 -0.831375 0.595082
0.585277 1.03008 0.585277
-0.786457 -0.600587 -0.786457
0.667106 1.06724 0.667106
0.37905 -0.0859072 0.37905
0.108184 -1.75772 0.108184
1.01529 0.114393 1.01529
-0.533005 -0.41661 -0.533005
1.43333 0.207633 1.43333
-0.0979612 0.471291 -0.0979612
-1.00455 0.347723 -1.00455
-0.264005 0.497719 -0.264005
1.12406 -0.737203 1.12406
0.575046 0.583923 0.575046
-1.58253 0.47303 -1.58253
0.307971 1.95264 0.307971
1.70498 -0.67249 1.70498
-2.23688 -0.665206 -2.23688
0.896681 -0.079017 0.896681
-2.32103 1.19082 -2.32103
-0.0419475 0.202937 -0.0419475
1.09417 -1.63906 1.09417
-0.444793 0.661782 -0.444793
-0.623639 -1.33617 -0.623639
-0.0810655 0.313098 -0.0810655
-0.0431321 -0.392835 -0.0431321
-0.467593 -0.822207 -0.467593
-0.0805242 0.13877 -0.0805242
0.120119 -0.186877 0.120119
0.605561 0.640769 0.605561
-0.981753 -1.14637 -0.981753
-0.0612918 -0.202611 -0.0612918
0.909948 -1.22113 0.909948
0.306219 -0.672146 0.306219
0.00115418 0.644014 0.00115418
0.468686 1.44026 0.468686
-1.83146 0.265519 -1.83146
-0.514374 0.532584 -0.514374
3.0312 0.588892 3.0312
0.37126 -0.382564 0.37126
0.107961 0.625776 0.107961
1.20531 -2.42758 1.20531
0.145919 -1.77276 0.145919
2.65319 6.0706 2.65319
-0.399226 -1.21341 -0.399226
0.9112 -1.3174 0.9112
0.696139 0.648839 0.696139
-0.22061 -0.662206 -0.22061
-1.67378 -1.77656 -1.67378
-0.990001 0.244811 -0.990001
-0.0777945 0.520764 -0.0777945
2.48097 1.83352 2.48097
1.76888 1.44744 1.76888
-0.282097 0.145496 -0.282097
-0.348224 -0.363371 -0.348224
1.59099 -0.733946 1.59099
0.535078 0.0356092 0.535078
0.997945 0.443178 0.997945
1.76574 -0.119176 1.76574
1.90685 -1.515 1.90685
0.865972 0.0509224 0.865972
-0.0600491 0.196164 -0.0600491
0.23852 -0.0922346 0.23852
0.226155 0.56033 0.226155
-1.45449 -1.3512 -1.45449
0.610902 -0.0578754 0.610902
-1.28625 -1.16806 -1.28625
-0.824742 0.566288 -0.824742
0.138927 -0.4145 0.138927
0.00187262 -0.320977 0.00187262
0.490744 0.783061 0.490744
0.330246 -0.536003 0.330246
-0.464737 0.641943 -0.464737
0.1911 -0.190566 0.1911
0.137837 0.0777784 0.137837
-0.280526 0.31913 -0.280526
0.106318 -1.35547 0.106318
1.2459 1.40592 1.2459
-0.15498 -0.789141 -0.15498
-1.25965 -2.3849 -1.25965
0.0661242 -0.113499 0.0661242
0.0701281 -0.267954 0.0701281
-0.140658 0.332431 -0.140658
0.698492 0.713821 0.698492
-3.44877 1.09933 -3.44877
0.271494 -1.94967 0.271494
-0.325129 -0.222629 -0.325129
0.09462 0.690672 0.09462
-1.70125 0.979251 -1.70125
1.0971 -0.532012 1.0971
0.680899 -0.240501 0.680899
0.0513983 -2.0834 0.0513983
-1.25142 0.451505 -1.25142
-0.637544 0.134655 -0.637544
1.74273 2.17186 1.74273
-0.758237 -1.59134 -0.758237
-1.09483 -0.745369 -1.09483
0.0557709 -0.397235 0.0557709
-0.0536527 0.0588942 -0.0536527
-0.710819 2.71343 -0.710819
-1.15507 -0.558212 -1.15507
-0.674155 0.508822 -0.674155
-0.139463 0.390343 -0.139463
0.580852 -2.45051 0.580852
0.867609 2.0044 0.867609
1.22148 -1.30055 1.22148
0.229262 0.39534 0.229262
1.1084 0.78437 1.1084
-0.504337 0.397078 -0.504337
2.08179 0.114624 2.08179
0.229311 -0.278185 0.229311
-0.560157 0.424044 -0.560157
-0.129143 0.660542 -0.129143
1.96232 2.10768 1.96232
-0.165101 -0.430268 -0.165101
-1.22688 0.338136 -1.22688
-2.58875 0.447709 -2.58875
-2.80815 -0.919839 -2.80815
-1.02633 1.74902 -1.02633
-1.73859 -3.62099 -1.73859
0.00224133 0.932398 0.00224133
0.908 -1.00786 0.908
-0.294557 0.245135 -0.294557
0.205014 0.621271 0.205014
-0.53371 -0.210351 -0.53371
2.1602 0.320363 2.1602
0.519701 0.426632 0.519701
-0.522572 0.175247 -0.522572
-0.141641 -0.84367 -0.141641
2.85232 1.52046 2.85232
0.57177 0.973634 0.57177
-0.147378 -0.972188 -0.147378
-0.436085 -0.54503 -0.436085
-0.863154 -0.690741 -0.863154
0.662795 -0.931776 0.662795
-0.942305 -1.73744 -0.942305
1.77695 2.43555 1.77695
0.486941 -0.0356107 0.486941
0.555164 -0.270063 0.555164
0.0437623 0.90214 0.0437623
-1.40657 0.663622 -1.40657
0.407546 2.35997 0.407546
-1.47982 0.494685 -1.47982
0.2726 0.353161 0.2726
-0.935991 1.25472 -0.935991
0.721475 -0.994153 0.721475
1.07677 0.0528818 1.07677
0.864895 -1.95222 0.864895
-0.615515 0.410092 -0.615515
-0.945903 2.53689 -0.945903
0.57316 -1.07365 0.57316
0.512222 -0.0198339 0.512222
0.180558 0.943825 0.180558
-0.0478313 -0.058221 -0.0478313
0.806716 0.191151 0.806716
0.737633 0.0403448 0.737633
-2.08536 -0.294442 -2.08536
-0.21232 0.353332 -0.21232
0.209842 0.631551 0.209842
-0.522035 -0.00384188 -0.522035
0.901833 0.520537 0.901833
0.995818 -0.418951 0.995818
-3.41394 -1.10251 -3.41394
-1.14664 -0.650212 -1.14664
0.613863 1.846 0.613863
1.15879 -0.150208 1.15879
-0.604127 0.941715 -0.604127
-1.38255 -0.41252 -1.38255
0.295439 0.539589 0.295439
-1.19352 0.92782 -1.19352
0.00154624 -0.234772 0.00154624
-1.61555 1.22427 -1.61555
-0.497398 0.23827 -0.497398
-0.391988 -0.196414 -0.391988
1.27481 -1.5958 1.27481
0.329152 -0.194703 0.329152
-0.290172 0.451923 -0.290172
-0.650195 -0.133432 -0.650195
-0.268103 0.785137 -0.268103
0.0426615 -0.514433 0.0426615
-0.820947 -1.52398 -0.820947
-2.63947 2.06463 -2.63947
1.86432 1.45639 1.86432
1.05156 -0.630685 1.05156
1.06262 0.545145 1.06262
-0.389571 -0.117412 -0.389571
0.0210074 -0.100079 0.0210074
-0.0908378 -0.00820687 -0.0908378
-0.114563 -0.175738 -0.114563
-0.586024 -0.487421 -0.586024
-0.0348144 -1.37437 -0.0348144
1.15533 -0.637247 1.15533
1.49016 1.77862 1.49016
0.182379 -0.682123 0.182379
-0.527228 1.32806 -0.527228
-0.756275 0.218905 -0.756275
-1.92162 -0.467476 -1.92162
0.523692 1.54273 0.523692
-0.191478 -1.17257 -0.191478
0.387378 -0.954668 0.387378
-0.327439 -0.056094 -0.327439
0.0216908 1.25886 0.0216908
-0.193876 -0.785673 -0.193876
1.32719 0.989168 1.32719
0.725387 -0.680788 0.725387
1.58612 -0.343824 1.58612
0.959691 1.86991 0.959691
-1.00753 1.08027 -1.00753
0.22173 0.31008 0.22173
0.141248 0.000666725 0.141248
0.223706 -0.0606069 0.223706
-0.0895851 -0.465303 -0.0895851
0.237815 0.0801154 0.237815
-0.479775 -0.375505 -0.479775
3.37403 1.49291 3.37403
-1.79415 -0.842951 -1.79415
-0.525886 -0.402533 -0.525886
-0.885188 0.0315016 -0.885188
0.0250643 -0.301498 0.0250643
-0.198455 -2.84682 -0.198455
-0.870038 0.0268236 -0.870038
-1.32123 0.66118 -1.32123
0.151294 -0.269021 0.151294
0.991914 -1.81638 0.991914
2.21544 -0.764089 2.21544
0.30909 -0.798803 0.30909
-0.149612 0.734139 -0.149612
0.352854 0.464716 0.352854
-1.433 1.46162 -1.433
0.813115 -0.412126 0.813115
-1.1868 1.04808 -1.1868
0.0553136 0.11328 0.0553136
-0.857535 0.544366 -0.857535
2.80434 0.73185 2.80434
-1.50966 0.68621 -1.50966
0.823675 2.64857 0.823675
0.837693 0.36057 0.837693
0.812964 1.14475 0.812964
2.05563 0.56714 2.05563
0.00700582 0.0377392 0.00700582
-1.50047 -0.918217 -1.50047
-2.35333 2.1675 -2.35333
0.875007 0.423707 0.875007
-1.01897 0.961683 -1.01897
-0.638854 1.2736 -0.638854
2.9361 -1.885 2.9361
0.386955 0.747293 0.386955
0.0463469 -0.376712 0.0463469
-0.449452 0.842382 -0.449452
0.780761 -0.588328 0.780761
-0.271841 -0.440567 -0.271841
1.49486 -0.903291 1.49486
-0.386853 0.173246 -0.386853
0.894961 -0.821847 0.894961
-0.12297 -0.175033 -0.12297
-1.52497 1.08707 -1.52497
1.74351 -0.216598 1.74351
-1.23533 0.381433 -1.23533
0.00544232 0.830198 0.00544232
-0.166678 0.537925 -0.166678
0.585238 -0.0571232 0.585238
1.61729 -0.214008 1.61729
2.49553 0.330975 2.49553
0.28769 0.303335 0.28769
0.194105 -0.423684 0.194105
1.26651 -1.21396 1.26651
-0.765423 -0.359349 -0.765423
-1.12729 -0.415314 -1.12729
0.935589 0.58428 0.935589
0.379385 -0.852767 0.379385
0.298093 0.512022 0.298093
2.16653 0.745109 2.16653
-1.14165 -0.0211076 -1.14165
0.298978 2.32882 0.298978
-1.51781 -3.35212 -1.51781
-0.268919 -0.752348 -0.268919
-0.772115 0.593859 -0.772115
-0.148481 -0.454019 -0.148481
0.677308 0.192807 0.677308
1.64768 -0.81002 1.64768
1.6401 -0.71582 1.6401
-0.159949 -0.211664 -0.159949
-0.648054 0.351482 -0.648054
0.160209 0.234061 0.160209
-1.7903 -1.31428 -1.7903
-0.317971 0.229738 -0.317971
-0.463446 0.267349 -0.463446
-2.33715 -1.29423 -2.33715
