10000 0.490231 0
20000 0.488767 0.00146366
30000 0.490275 0.00172781
40000 0.489859 0.00129042
50000 0.490004 0.00100994
60000 0.490361 0.000898683
70000 0.490549 0.000782433
80000 0.491035 0.000834079
90000 0.490629 0.000840448
100000 0.490904 0.000800435
110000 0.491419 0.000888554
120000 0.491701 0.00085887
130000 0.491848 0.000803659
140000 0.491623 0.00077751
150000 0.491259 0.000810107
160000 0.491366 0.000765257
170000 0.491144 0.000752229
180000 0.491056 0.000714645
190000 0.49128 0.000712094
200000 0.491271 0.000675604
210000 0.491335 0.000645812
220000 0.491418 0.000621279
230000 0.491301 0.000605156
240000 0.491172 0.000593588
250000 0.491038 0.00058489
260000 0.491132 0.000569813
270000 0.491323 0.000580426
280000 0.491436 0.000570663
290000 0.491446 0.000550726
300000 0.491214 0.000580412
310000 0.491267 0.000563854
320000 0.491457 0.000578209
330000 0.491411 0.000562278
340000 0.491452 0.000547023
350000 0.491635 0.000561689
360000 0.491854 0.000588137
370000 0.491773 0.000577711
380000 0.491722 0.000564623
390000 0.491575 0.000569235
400000 0.49164 0.000558637
410000 0.491687 0.000546854
420000 0.491622 0.000537598
430000 0.491575 0.000527114
440000 0.491799 0.000561618
450000 0.491835 0.000550222
460000 0.491645 0.000570626
470000 0.491703 0.000561333
480000 0.491672 0.000550397
490000 0.491742 0.000543578
500000 0.491709 0.000533643
510000 0.491842 0.000539926
520000 0.491866 0.000529975
530000 0.491944 0.000525728
540000 0.49209 0.000536111
550000 0.492096 0.000526303
560000 0.492167 0.000521637
570000 0.492073 0.000520944
580000 0.492212 0.000530451
590000 0.492312 0.000530846
600000 0.492414 0.000531823
610000 0.492411 0.000523036
620000 0.492492 0.000520838
630000 0.492499 0.000512553
640000 0.492518 0.000504843
650000 0.492409 0.000508982
660000 0.492281 0.000517174
670000 0.492344 0.000513293
680000 0.49227 0.000511199
690000 0.492331 0.000507417
700000 0.492298 0.000501169
710000 0.492277 0.000494521
720000 0.492195 0.00049436
730000 0.492226 0.00048848
740000 0.492193 0.000482901
750000 0.492238 0.000478521
760000 0.492241 0.00047219
770000 0.492228 0.000466193
780000 0.492243 0.000460403
790000 0.492228 0.000454782
800000 0.492185 0.000451111
810000 0.492128 0.000449075
820000 0.492144 0.000443863
830000 0.492148 0.000438496
840000 0.492118 0.000434258
850000 0.492147 0.000430063
860000 0.492119 0.0004259
870000 0.492186 0.000426128
880000 0.492106 0.000428666
890000 0.492141 0.000425239
900000 0.492205 0.000425347
910000 0.492224 0.000421097
920000 0.492232 0.000416567
930000 0.492225 0.000412124
940000 0.492197 0.000408688
950000 0.492235 0.00040611
960000 0.492154 0.000409795
970000 0.492108 0.000408163
980000 0.492178 0.000409999
990000 0.492171 0.000405904
1000000 0.492178 0.000401884
