10000 1.58936 0
20000 1.53128 0.0580733
30000 1.53036 0.0335414
40000 1.5249 0.0243385
50000 1.52203 0.0190685
60000 1.52305 0.0156027
70000 1.51639 0.0147735
80000 1.5108 0.0139632
90000 1.50335 0.014391
100000 1.49615 0.0147482
110000 1.4898 0.0147759
120000 1.47862 0.0175212
130000 1.48065 0.0162443
140000 1.48364 0.0153348
150000 1.48088 0.0145408
160000 1.48527 0.0142921
170000 1.48972 0.0141436
180000 1.48699 0.0136115
190000 1.48803 0.0129179
200000 1.48537 0.0125424
210000 1.4895 0.0126259
220000 1.49152 0.0122066
230000 1.49488 0.0121373
240000 1.4974 0.0118923
250000 1.49991 0.0116785
260000 1.50074 0.0112514
270000 1.49841 0.011076
280000 1.49712 0.0107505
290000 1.49843 0.0104564
300000 1.50046 0.0103027
310000 1.50002 0.00997433
320000 1.49951 0.00967112
330000 1.49986 0.00938011
340000 1.49934 0.00911532
350000 1.49953 0.00885305
360000 1.50046 0.00865468
370000 1.5006 0.00841862
380000 1.49954 0.00826238
390000 1.49959 0.00804792
400000 1.50011 0.00786125
410000 1.50041 0.00767295
420000 1.49958 0.00753416
430000 1.50112 0.00751569
440000 1.50161 0.00735965
450000 1.50009 0.00735382
460000 1.49914 0.00725418
470000 1.49896 0.00710042
480000 1.49823 0.00698929
490000 1.49782 0.00685751
500000 1.49752 0.00672579
510000 1.49699 0.00661395
520000 1.49689 0.00648619
530000 1.49695 0.0063629
540000 1.49597 0.00632082
550000 1.49498 0.00628263
560000 1.49411 0.00623083
570000 1.49454 0.0061356
580000 1.49548 0.00610219
590000 1.49564 0.00599992
600000 1.49546 0.0059017
610000 1.49427 0.00592497
620000 1.49228 0.00615867
630000 1.49214 0.00606186
640000 1.49137 0.00601574
650000 1.49228 0.00599229
660000 1.49178 0.00592194
670000 1.49101 0.00588321
680000 1.49 0.00588388
690000 1.4916 0.0060146
700000 1.49297 0.00608347
710000 1.49266 0.00600515
720000 1.49255 0.00592217
730000 1.49198 0.00586793
740000 1.49207 0.00578875
750000 1.49242 0.00572168
760000 1.49288 0.0056645
770000 1.49314 0.0055967
780000 1.494 0.00559007
790000 1.49409 0.00551963
800000 1.49463 0.00547714
810000 1.49479 0.00541143
820000 1.49482 0.00534511
830000 1.49499 0.00528295
840000 1.49586 0.00529164
850000 1.49587 0.00522905
860000 1.49568 0.00517138
870000 1.4954 0.00511975
880000 1.49563 0.00506653
890000 1.49535 0.00501709
900000 1.49587 0.00498844
910000 1.49567 0.00493751
920000 1.49517 0.00490824
930000 1.4948 0.0048694
940000 1.49513 0.00482818
950000 1.49485 0.00478502
960000 1.49541 0.00476754
970000 1.49559 0.00472186
980000 1.49578 0.00467709
990000 1.49539 0.00464556
1000000 1.49486 0.00463017
