10000 0.496739 0
20000 0.496287 0.000452114
30000 0.493603 0.00269662
40000 0.49473 0.00221533
50000 0.494784 0.00171684
60000 0.495852 0.00176184
70000 0.496037 0.0015005
80000 0.495588 0.00137485
90000 0.496829 0.00173471
100000 0.49659 0.0015698
110000 0.497181 0.00153817
120000 0.496885 0.00143509
130000 0.496974 0.00132308
140000 0.497084 0.00122985
150000 0.497144 0.0011465
160000 0.497209 0.00107446
170000 0.497099 0.00101532
180000 0.496987 0.000963781
190000 0.497034 0.000912849
200000 0.496968 0.000868517
210000 0.496977 0.000826181
220000 0.496871 0.000794815
230000 0.49699 0.000768592
240000 0.497046 0.000738004
250000 0.49715 0.000715565
260000 0.496985 0.000706988
270000 0.496778 0.00071132
280000 0.496718 0.000688005
290000 0.496732 0.000664003
300000 0.496963 0.000681718
310000 0.496948 0.000659538
320000 0.496923 0.000639067
330000 0.496976 0.000621626
340000 0.497053 0.000607956
350000 0.497 0.000592686
360000 0.497027 0.000576642
370000 0.496975 0.000563245
380000 0.496968 0.000548265
390000 0.497152 0.000564567
400000 0.497251 0.000559104
410000 0.49703 0.000588236
420000 0.497162 0.000589127
430000 0.497047 0.000586746
440000 0.497013 0.000574276
450000 0.497026 0.000561536
460000 0.497027 0.000549193
470000 0.49698 0.00053946
480000 0.496873 0.000538778
490000 0.49688 0.000527717
500000 0.496975 0.000525755
510000 0.49685 0.000530481
520000 0.496861 0.000520306
530000 0.496838 0.000510889
540000 0.496765 0.000506688
550000 0.496796 0.000498375
560000 0.496753 0.000491315
570000 0.496719 0.000483789
580000 0.496636 0.000482661
590000 0.496633 0.000474415
600000 0.496541 0.000475495
610000 0.496521 0.000468049
620000 0.49655 0.000461342
630000 0.49669 0.000475004
640000 0.496637 0.000470546
650000 0.496656 0.000463627
660000 0.496706 0.000459313
670000 0.496678 0.000453245
680000 0.496762 0.000454277
690000 0.496833 0.000453241
700000 0.496871 0.000448371
710000 0.496884 0.000442203
720000 0.496884 0.000436018
730000 0.496927 0.000432086
740000 0.496951 0.000426878
750000 0.496959 0.000421236
760000 0.496914 0.000418161
770000 0.496908 0.000412733
780000 0.496793 0.000423174
790000 0.496702 0.000427584
800000 0.496792 0.000431629
810000 0.496722 0.000432071
820000 0.496765 0.000428963
830000 0.496797 0.000424997
840000 0.4968 0.000419918
850000 0.496886 0.00042368
860000 0.496914 0.000419675
870000 0.496963 0.000417687
880000 0.496949 0.00041314
890000 0.496967 0.000408879
900000 0.497056 0.00041401
910000 0.497053 0.000409446
920000 0.497102 0.000407819
930000 0.497082 0.000403881
940000 0.49699 0.000409946
950000 0.497083 0.000416049
960000 0.49707 0.000411905
970000 0.497068 0.000407639
980000 0.497054 0.000403701
990000 0.497119 0.000404886
1000000 0.497131 0.000400979
