10000 5.0403 0
20000 5.01886 0.0214427
30000 5.07807 0.0604972
40000 5.08661 0.0436218
50000 5.08584 0.0337981
60000 5.09493 0.0290537
70000 5.10012 0.0250972
80000 5.083 0.027667
90000 5.07283 0.0264361
100000 5.07387 0.023668
110000 5.07814 0.021831
120000 5.08746 0.0220013
130000 5.07594 0.0232864
140000 5.07651 0.0215665
150000 5.05875 0.0268059
160000 5.05061 0.0263639
170000 5.04403 0.0256221
180000 5.04386 0.0241574
190000 5.04112 0.023014
200000 5.0408 0.0218355
210000 5.03785 0.0209781
220000 5.03484 0.0202264
230000 5.0376 0.0195233
240000 5.04152 0.0190989
250000 5.04189 0.0183228
260000 5.04038 0.0176684
270000 5.03595 0.0175699
280000 5.04537 0.0193743
290000 5.04204 0.0189889
300000 5.03786 0.018814
310000 5.03815 0.0181992
320000 5.03735 0.0176397
330000 5.03495 0.0172633
340000 5.0324 0.0169421
350000 5.03098 0.0165119
360000 5.03531 0.0166219
370000 5.03173 0.0165586
380000 5.03107 0.0161306
390000 5.03102 0.0157117
400000 5.02828 0.0155569
410000 5.02838 0.015173
420000 5.02873 0.0148115
430000 5.02443 0.0150889
440000 5.02399 0.0147484
450000 5.01988 0.0149908
460000 5.02155 0.0147554
470000 5.02022 0.0144992
480000 5.02088 0.0142095
490000 5.01968 0.0139679
500000 5.01892 0.0137068
510000 5.01632 0.0136858
520000 5.01552 0.013444
530000 5.01615 0.0132031
540000 5.0177 0.0130488
550000 5.01572 0.0129622
560000 5.01751 0.0128539
570000 5.01933 0.0127573
580000 5.01807 0.0125979
590000 5.01826 0.0123839
600000 5.01849 0.0121779
610000 5.01603 0.0122269
620000 5.01786 0.0121674
630000 5.0191 0.0120364
640000 5.01618 0.0122013
650000 5.01627 0.0120125
660000 5.01573 0.0118417
670000 5.01503 0.0116846
680000 5.016 0.0115529
690000 5.01564 0.01139
700000 5.01516 0.0112366
710000 5.01751 0.0113248
720000 5.01554 0.0113387
730000 5.01586 0.011187
740000 5.01438 0.0111335
750000 5.01572 0.0110645
760000 5.01456 0.0109795
770000 5.01308 0.0109358
780000 5.01221 0.0108301
790000 5.01093 0.0107684
800000 5.01159 0.0106538
810000 5.01147 0.0105222
820000 5.00989 0.0105127
830000 5.01018 0.0103892
840000 5.01235 0.0104919
850000 5.0134 0.0104207
860000 5.01432 0.0103401
870000 5.01363 0.0102437
880000 5.01368 0.0101268
890000 5.01396 0.0100164
900000 5.01462 0.00992619
910000 5.01576 0.00988233
920000 5.01435 0.0098753
930000 5.01458 0.00977133
940000 5.01659 0.00987235
950000 5.01755 0.00981496
960000 5.01705 0.009725
970000 5.01637 0.00964822
980000 5.01636 0.00954927
990000 5.017 0.00947422
1000000 5.01513 0.00956404
