10000 0.507127 0
20000 0.503654 0.00347238
30000 0.503605 0.00200539
40000 0.504123 0.00150986
50000 0.504451 0.00121455
60000 0.505286 0.00129669
70000 0.504623 0.00128082
80000 0.504282 0.00116052
90000 0.50383 0.0011188
100000 0.504204 0.00106824
110000 0.504681 0.00107725
120000 0.504728 0.000984516
130000 0.505221 0.00103111
140000 0.505437 0.000978943
150000 0.50559 0.000924054
160000 0.50577 0.000882916
170000 0.505777 0.000829383
180000 0.505943 0.000799474
190000 0.505876 0.000759194
200000 0.506275 0.000823201
210000 0.506197 0.000786869
220000 0.5062 0.000750255
230000 0.506191 0.000716958
240000 0.506266 0.000690583
250000 0.506154 0.000671885
260000 0.505979 0.000668687
270000 0.506283 0.000711519
280000 0.506226 0.000687993
290000 0.505889 0.000744225
300000 0.505856 0.000719761
310000 0.505895 0.00069725
320000 0.505972 0.000679422
330000 0.505747 0.00069577
340000 0.505681 0.000678169
350000 0.505699 0.000658753
360000 0.505639 0.000643033
370000 0.505533 0.000634369
380000 0.50539 0.000633813
390000 0.505286 0.000626091
400000 0.505371 0.000616186
410000 0.505294 0.00060589
420000 0.50531 0.000591514
430000 0.505281 0.000578337
440000 0.505263 0.000565335
450000 0.505155 0.000562965
460000 0.505115 0.000552029
470000 0.505093 0.000540618
480000 0.505186 0.000537275
490000 0.505154 0.000527175
500000 0.505113 0.000518087
510000 0.50512 0.000507865
520000 0.504984 0.0005162
530000 0.50509 0.000517294
540000 0.505051 0.00050905
550000 0.505135 0.000506665
560000 0.505104 0.000498516
570000 0.505085 0.000490053
580000 0.50515 0.000485901
590000 0.505169 0.000477954
600000 0.50511 0.000473612
610000 0.505111 0.000465786
620000 0.505161 0.00046087
630000 0.505132 0.000454415
640000 0.505103 0.000448163
650000 0.505073 0.000442272
660000 0.505081 0.000435598
670000 0.505103 0.000429622
680000 0.505043 0.000427482
690000 0.505058 0.000421507
700000 0.505097 0.000417228
710000 0.505097 0.00041131
720000 0.505058 0.000407397
730000 0.505054 0.000401801
740000 0.505012 0.000398482
750000 0.505067 0.000396849
760000 0.505085 0.000392026
770000 0.505071 0.000387166
780000 0.505074 0.000382183
790000 0.505004 0.00038364
800000 0.50496 0.000381467
810000 0.505018 0.000381262
820000 0.505056 0.000378453
830000 0.505047 0.000373974
840000 0.505093 0.000372327
850000 0.505108 0.000368258
860000 0.505053 0.00036818
870000 0.505102 0.000367227
880000 0.50513 0.000364122
890000 0.505046 0.000369727
900000 0.505098 0.000369253
910000 0.5051 0.000365183
920000 0.505104 0.000361207
930000 0.5051 0.00035732
940000 0.505112 0.000353711
950000 0.505047 0.000356002
960000 0.505001 0.000355309
970000 0.504966 0.00035332
980000 0.504915 0.000353415
990000 0.50489 0.000350746
1000000 0.504921 0.000348606
