10000 1.57264 0
20000 1.54185 0.0307898
30000 1.55547 0.0223945
40000 1.53572 0.0253164
50000 1.5427 0.0208153
60000 1.54522 0.0171817
70000 1.53296 0.0190037
80000 1.53561 0.0166693
90000 1.52269 0.0195704
100000 1.52031 0.0176655
110000 1.52022 0.0159793
120000 1.51844 0.0146961
130000 1.51607 0.0137236
140000 1.51052 0.0138676
150000 1.50579 0.0137475
160000 1.50344 0.0130728
170000 1.50166 0.0124085
180000 1.50116 0.0117093
190000 1.50193 0.0111023
200000 1.50001 0.0107057
210000 1.50039 0.0101901
220000 1.50198 0.00984457
230000 1.49954 0.00971679
240000 1.50124 0.00945613
250000 1.50211 0.00911241
260000 1.50207 0.00875502
270000 1.50256 0.00843835
280000 1.50233 0.0081344
290000 1.50343 0.00792517
300000 1.50311 0.00766308
310000 1.50248 0.00743897
320000 1.50492 0.00760516
330000 1.50563 0.00740562
340000 1.50554 0.00718508
350000 1.50575 0.00697997
360000 1.50603 0.00678882
370000 1.50597 0.00660299
380000 1.50475 0.00654272
390000 1.50625 0.00654703
400000 1.50417 0.00671014
410000 1.50399 0.00654695
420000 1.50412 0.00639041
430000 1.50272 0.00639532
440000 1.50256 0.00625027
450000 1.50335 0.00616011
460000 1.50256 0.00607531
470000 1.50328 0.00598786
480000 1.50374 0.00587948
490000 1.50423 0.00577902
500000 1.50317 0.00575949
510000 1.50348 0.00565385
520000 1.504 0.00556822
530000 1.50429 0.00546974
540000 1.50305 0.00550795
550000 1.50306 0.00540689
560000 1.50453 0.00551039
570000 1.50378 0.00546545
580000 1.5045 0.00541895
590000 1.50503 0.00535285
600000 1.50575 0.00531198
610000 1.50511 0.00526363
620000 1.50556 0.0051972
630000 1.5049 0.00515545
640000 1.5054 0.0050984
650000 1.50526 0.00502145
660000 1.50407 0.00508469
670000 1.50334 0.00506066
680000 1.50358 0.00499107
690000 1.50322 0.00493098
700000 1.50284 0.00487513
710000 1.50218 0.00485107
720000 1.50178 0.00479951
730000 1.50203 0.00474003
740000 1.50111 0.0047656
750000 1.50079 0.00471246
760000 1.50034 0.00467192
770000 1.50068 0.00462351
780000 1.5009 0.00456896
790000 1.50093 0.00451083
800000 1.50079 0.0044561
810000 1.50015 0.004447
820000 1.50056 0.00441144
830000 1.50039 0.00436121
840000 1.50057 0.00431255
850000 1.50065 0.00426225
860000 1.49984 0.00429028
870000 1.50005 0.00424596
880000 1.50013 0.00419816
890000 1.50049 0.00416679
900000 1.50059 0.00412146
910000 1.50053 0.00407634
920000 1.50053 0.0040318
930000 1.50144 0.00409195
940000 1.50102 0.00406971
950000 1.5011 0.0040274
960000 1.50076 0.00400025
970000 1.50071 0.00395908
980000 1.50064 0.00391911
990000 1.50067 0.00387946
1000000 1.50045 0.00384684
