10000 0.507916 0
20000 0.506657 0.00125869
30000 0.506825 0.000745697
40000 0.507362 0.000753119
50000 0.50731 0.000585669
60000 0.506929 0.000611915
70000 0.506687 0.000570795
80000 0.507579 0.00102002
90000 0.507382 0.000920924
100000 0.506476 0.00122448
110000 0.505647 0.00138376
120000 0.505425 0.00128254
130000 0.50518 0.0012048
140000 0.505521 0.0011663
150000 0.504913 0.00124449
160000 0.505365 0.00124898
170000 0.505179 0.00118793
180000 0.504825 0.00117456
190000 0.504911 0.00111432
200000 0.504653 0.00108824
210000 0.504515 0.00104424
220000 0.504806 0.00103744
230000 0.504609 0.00101079
240000 0.504681 0.00097045
250000 0.505074 0.00101038
260000 0.504989 0.000974483
270000 0.504892 0.000942702
280000 0.504849 0.000909399
290000 0.504799 0.000878912
300000 0.504868 0.000851879
310000 0.504855 0.000824036
320000 0.50493 0.000801333
330000 0.50491 0.000776921
340000 0.504927 0.000753913
350000 0.504912 0.000732201
360000 0.50484 0.000715216
370000 0.504881 0.00069679
380000 0.504843 0.00067923
390000 0.504851 0.000661627
400000 0.504862 0.000644968
410000 0.504684 0.000653811
420000 0.504662 0.000638425
430000 0.504731 0.00062726
440000 0.504909 0.000637947
450000 0.504908 0.000623609
460000 0.50481 0.000617692
470000 0.504819 0.000604469
480000 0.504701 0.00060334
490000 0.504745 0.000592543
500000 0.504772 0.000581199
510000 0.504801 0.000570409
520000 0.504859 0.000562412
530000 0.504873 0.000551869
540000 0.504776 0.000550143
550000 0.504739 0.000541319
560000 0.504788 0.00053381
570000 0.504795 0.000524404
580000 0.504758 0.000516605
590000 0.504671 0.000515122
600000 0.504612 0.000509866
610000 0.504655 0.000503254
620000 0.504651 0.000495091
630000 0.504605 0.0004893
640000 0.504662 0.000484983
650000 0.504708 0.00047968
660000 0.504749 0.000474086
670000 0.504636 0.000480466
680000 0.504607 0.000474195
690000 0.504663 0.000470617
700000 0.504574 0.000472394
710000 0.504632 0.000469366
720000 0.50475 0.000477486
730000 0.504857 0.000482897
740000 0.504829 0.000477116
750000 0.504771 0.000474303
760000 0.504772 0.000468023
770000 0.504707 0.000466561
780000 0.504709 0.000460546
790000 0.504653 0.000458101
800000 0.504649 0.000452353
810000 0.504552 0.000457269
820000 0.504513 0.000453331
830000 0.504543 0.00044889
840000 0.504589 0.000445877
850000 0.504593 0.000440619
860000 0.504628 0.000436813
870000 0.50456 0.000436963
880000 0.504582 0.000432499
890000 0.504582 0.000427612
900000 0.504576 0.000422878
910000 0.504518 0.000422264
920000 0.504433 0.00042611
930000 0.504428 0.000421535
940000 0.504349 0.000424528
950000 0.504343 0.00042007
960000 0.504367 0.000416334
970000 0.504417 0.000415061
980000 0.504491 0.000417457
990000 0.504425 0.000418408
1000000 0.504383 0.000416412
