10000 4.99133 0
20000 5.01676 0.025431
30000 5.02454 0.0166152
40000 5.04118 0.0203646
50000 5.05134 0.0187673
60000 5.0527 0.015383
70000 5.02748 0.0283705
80000 5.03073 0.0247831
90000 5.03277 0.0219519
100000 5.03939 0.0207221
110000 5.03854 0.0187633
120000 5.05732 0.0254161
130000 5.06399 0.0243141
140000 5.05534 0.0241169
150000 5.05674 0.0224952
160000 5.05258 0.0214487
170000 5.05778 0.0208059
180000 5.06355 0.0204485
190000 5.05326 0.021911
200000 5.04731 0.0216197
210000 5.05155 0.0209967
220000 5.04602 0.0207692
230000 5.04071 0.0205443
240000 5.03405 0.0207653
250000 5.03984 0.0207408
260000 5.03978 0.0199272
270000 5.04017 0.0191789
280000 5.03514 0.0191535
290000 5.02967 0.0192748
300000 5.03057 0.0186434
310000 5.02817 0.0181908
320000 5.02469 0.0179551
330000 5.01901 0.0183059
340000 5.01902 0.0177594
350000 5.01621 0.0174734
360000 5.0143 0.0170878
370000 5.01516 0.0166421
380000 5.01444 0.0162145
390000 5.01197 0.0159841
400000 5.01064 0.0156364
410000 5.01043 0.0152518
420000 5.01035 0.0148844
430000 5.00785 0.0147481
440000 5.00852 0.0144247
450000 5.00737 0.0141479
460000 5.00557 0.0139526
470000 5.00318 0.0138607
480000 5.0013 0.0136979
490000 5.00119 0.0134159
500000 4.99863 0.0133916
510000 5.00078 0.0133001
520000 4.9965 0.0137266
530000 4.99555 0.0134983
540000 4.99305 0.0134799
550000 4.99298 0.0132327
560000 4.99244 0.0130056
570000 4.99269 0.0127778
580000 4.99448 0.012683
590000 4.99442 0.0124663
600000 4.99214 0.012467
610000 4.99108 0.0123067
620000 4.98786 0.012527
630000 4.9887 0.0123555
640000 4.98676 0.0123153
650000 4.98757 0.0121515
660000 4.99025 0.0122624
670000 4.9924 0.0122679
680000 4.9923 0.0120866
690000 4.99211 0.0119117
700000 4.993 0.0117738
710000 4.9919 0.0116586
720000 4.99163 0.0114987
730000 4.99348 0.0114901
740000 4.99278 0.0113552
750000 4.99352 0.0112268
760000 4.99417 0.0110971
770000 4.99551 0.0110337
780000 4.99743 0.0110605
790000 4.99766 0.0109219
800000 4.99725 0.0107922
810000 4.99779 0.0106715
820000 4.99705 0.0105665
830000 4.99721 0.0104397
840000 4.99793 0.0103393
850000 4.99728 0.010237
860000 4.99716 0.010118
870000 4.99556 0.0101283
880000 4.99637 0.0100448
890000 4.99595 0.00994022
900000 4.99579 0.00983044
910000 4.99742 0.00985739
920000 4.99856 0.00981599
930000 4.99936 0.00974277
940000 4.99886 0.00965146
950000 4.99936 0.00956262
960000 5.00127 0.00965359
970000 5.00119 0.00955394
980000 5.00088 0.00946076
990000 5.00049 0.00937305
1000000 5.001 0.00929263
