1 74.0634 1
2 74.0102 1
3 74.0102 0.463847
4 74.0102 0.245368
5 73.4495 1
6 72.3635 1
7 72.3509 1
8 71.7427 1
9 72.0559 0.534527
10 73.1404 0.114301
11 73.5927 0.404664
12 73.5927 0.390195
13 73.8299 0.622318
14 73.8299 0.235108
15 74.8816 0.122039
16 73.925 1
17 73.925 0.0869284
18 74.0127 0.839223
19 73.3198 1
20 72.7012 1
21 72.0321 1
22 71.2916 1
23 71.0553 1
24 70.9513 1
25 70.9513 0.705697
26 70.4036 1
27 71.4042 0.13517
28 72.2377 0.188817
29 71.6354 1
30 71.6354 0.605934
31 71.1783 1
32 70.5049 1
33 69.3518 1
34 69.3518 0.229474
35 69.2528 1
36 68.2669 1
37 68.2669 0.220916
38 67.1016 1
39 66.2708 1
40 66.2708 0.0854991
41 66.5682 0.551685
42 66.5271 1
43 66.5271 0.204574
44 66.5271 0.337608
45 65.2469 1
46 65.2469 0.599625
47 65.0762 1
48 65.0762 0.124842
49 64.7486 1
50 65.0216 0.579251
51 65.1513 0.771452
52 64.3288 1
53 63.5712 1
54 63.6084 0.928406
55 62.5915 1
56 62.0038 1
57 60.8593 1
58 59.8968 1
59 58.8545 1
60 58.8545 0.262538
61 58.8668 0.97588
62 58.8668 0.0831277
63 58.8668 0.68944
64 58.4689 1
65 58.141 1
66 58.3927 0.604421
67 57.4386 1
68 57.2564 1
69 56.9047 1
70 56.2047 1
71 56.1757 1
72 56.7181 0.337933
73 57.0084 0.559621
74 57.0084 0.267643
75 55.8409 1
76 55.465 1
77 55.465 0.057263
78 55.1574 1
79 55.1574 0.170022
80 55.1574 0.15169
81 55.9758 0.194602
82 55.9651 1
83 55.0646 1
84 55.0646 0.160886
85 54.6935 1
86 53.6829 1
87 53.6829 0.397147
88 53.6805 1
89 53.3109 1
90 53.3109 0.363371
91 52.8643 1
92 52.8741 0.980682
93 52.7322 1
94 53.7775 0.123609
95 53.7775 0.432491
96 53.6692 1
97 52.6269 1
98 52.6269 0.325711
99 51.8165 1
100 51.5665 1
101 51.0199 1
102 50.4729 1
103 50.4729 0.272062
104 50.4729 0.341784
105 50.6229 0.740781
106 50.6229 0.488618
107 50.6229 0.105618
108 50.6229 0.196891
109 50.6623 0.924337
110 49.4839 1
111 49.0324 1
112 49.0324 0.633678
113 48.8867 1
114 48.8867 0.135677
115 49.2496 0.483868
116 49.2496 0.103503
117 48.6938 1
118 48.0007 1
119 47.9578 1
120 48.0297 0.866103
121 48.0297 0.751425
122 48.0297 0.2497
123 47.6446 1
124 46.7108 1
125 47.005 0.555214
126 46.6652 1
127 46.1964 1
128 45.9421 1
129 45.9421 0.204764
130 45.9421 0.158966
131 45.9421 0.444837
132 45.9421 0.60397
133 46.0208 0.854446
134 45.1384 1
135 45.7526 0.292746
136 45.7526 0.117107
137 44.3972 1
138 45.5133 0.107308
139 44.4372 1
140 43.2838 1
141 42.748 1
142 42.748 0.421705
143 42.8157 0.873327
144 42.8157 0.378651
145 44.0694 0.0814755
146 44.41 0.506054
147 44.6014 0.681928
148 44.7474 0.746792
149 44.8362 0.837242
150 44.2512 1
151 43.368 1
152 42.597 1
153 41.5984 1
154 41.5984 0.17015
155 41.3156 1
156 40.1228 1
157 40.1228 0.392746
158 40.1228 0.282018
159 40.1228 0.275466
160 40.2753 0.737141
161 39.3282 1
162 39.3282 0.388523
163 39.3282 0.333868
164 39.3282 0.637029
165 39.0609 1
166 39.1878 0.775825
167 38.7565 1
168 38.7565 0.750786
169 39.8644 0.109064
170 40.2659 0.447991
171 40.2659 0.071503
172 40.8139 0.334202
173 40.3589 1
174 40.3589 0.166894
175 40.2262 1
176 40.7025 0.385683
177 40.5384 1
178 40.0482 1
179 40.0482 0.148688
180 40.0482 0.297591
181 39.4967 1
182 39.4967 0.573049
183 38.4551 1
184 38.4551 0.288635
185 38.4551 0.567568
186 38.5496 0.827854
187 37.626 1
188 37.5709 1
189 38.1738 0.299495
190 38.1738 0.279034
191 38.1994 0.950066
192 37.2099 1
193 36.8126 1
194 36.922 0.803476
195 36.7535 1
196 35.7715 1
197 34.5194 1
198 34.4094 1
199 34.4094 0.340119
200 34.4094 0.524049
201 34.4094 0.335717
202 33.7973 1
203 33.7973 0.253703
204 33.7973 0.164737
205 33.7973 0.19311
206 33.4063 1
207 33.2577 1
208 33.1359 1
209 33.3076 0.709412
210 33.3076 0.0620135
211 33.1716 1
212 33.1716 0.384245
213 33.1716 0.172488
214 33.1716 0.267128
215 33.1716 0.209786
216 33.1716 0.330244
217 33.6006 0.424076
218 33.6006 0.410679
219 33.6006 0.129648
220 33.7398 0.756868
221 33.7398 0.104943
222 32.7318 1
223 31.4983 1
224 30.7068 1
225 30.1541 1
226 30.0189 1
227 29.214 1
228 28.1987 1
229 28.2352 0.929622
230 27.7865 1
231 27.7865 0.23535
232 28.1428 0.490321
233 28.1428 0.142434
234 28.1428 0.595252
235 28.3023 0.726954
236 28.3023 0.191463
237 27.9651 1
238 27.9651 0.130335
239 27.0657 1
240 27.0657 0.238054
241 27.0657 0.195489
242 27.0912 0.95028
243 27.0912 0.358635
244 27.0912 0.281398
245 27.5748 0.380159
246 26.7067 1
247 26.2904 1
248 25.8485 1
249 24.448 1
250 24.448 0.193808
251 24.448 0.335914
252 24.2983 1
253 24.3493 0.902995
254 23.9541 1
255 24.5643 0.295113
256 23.9196 1
257 23.4121 1
258 23.3796 1
259 23.9529 0.317682
260 23.6993 1
261 23.6993 0.246434
262 24.4731 0.212744
263 24.4731 0.153278
264 24.4731 0.138948
265 25.8562 0.0629044
266 25.8562 0.120712
267 25.5455 1
268 24.3642 1
269 23.5002 1
270 23.6718 0.709435
271 23.8846 0.653382
272 23.8846 0.121424
273 23.866 1
274 22.9927 1
275 22.4309 1
276 22.7676 0.510025
277 22.7676 0.139412
278 21.6394 1
279 21.3254 1
280 20.087 1
281 19.1027 1
282 18.44 1
283 18.44 0.0972283
284 18.44 0.348882
285 18.44 0.386093
286 18.44 0.193117
287 18.44 0.628389
288 18.7157 0.576124
289 19.6623 0.15058
290 19.6643 0.995967
291 19.7939 0.771686
292 20.0251 0.629823
293 18.9278 1
294 18.6785 1
295 18.6785 0.185324
296 18.6785 0.179432
297 18.6785 0.136445
298 18.6785 0.459181
299 18.6785 0.118031
300 19.8087 0.10432
301 18.9645 1
302 18.9645 0.109403
303 18.2022 1
304 18.33 0.774419
305 18.33 0.545461
306 18.3067 1
307 18.3914 0.844126
308 17.4771 1
309 16.3496 1
310 16.3496 0.17296
311 16.1031 1
312 15.7976 1
313 15.8729 0.860261
314 15.8729 0.459933
315 16.7658 0.167673
316 16.7658 0.308262
317 16.7658 0.173252
318 15.9074 1
319 15.4639 1
320 15.4639 0.41947
321 15.4639 0.184347
322 14.3982 1
323 12.6813 1
324 12.2944 1
325 12.2944 0.135302
326 12.128 1
327 12.284 0.731986
328 11.8465 1
329 11.8465 0.121724
330 11.8465 0.174576
331 11.8465 0.329889
332 11.714 1
333 12.4416 0.233365
334 12.4416 0.374928
335 12.8744 0.420787
336 12.0507 1
337 12.0507 0.431686
338 12.0507 0.253152
339 12.0371 1
340 11.5634 1
341 11.5948 0.939098
342 11.5948 0.602081
343 10.7763 1
344 11.2223 0.40981
345 10.6954 1
346 10.5995 1
347 10.5995 0.131387
348 10.4983 1
349 9.20519 1
350 9.05943 1
351 9.05943 0.319189
352 8.92471 1
353 8.37061 1
354 7.91096 1
355 7.19281 1
356 5.90923 1
357 4.86286 1
358 4.63746 1
359 4.63746 0.145859
360 4.63746 0.137856
361 3.80544 1
362 3.80544 0.357691
363 4.28307 0.384708
364 4.28307 0.141787
365 4.70451 0.430474
366 4.53606 1
367 4.53606 0.0716215
368 4.53231 1
369 4.78266 0.606106
370 5.61602 0.188868
371 5.61602 0.336257
372 5.07727 1
373 4.34006 1
374 3.72141 1
375 3.98216 0.593628
376 3.98216 0.218174
377 3.98216 0.214516
378 3.98216 0.284196
379 3.98216 0.0670901
380 4.63084 0.273255
381 5.35219 0.236285
382 5.30383 1
383 4.56427 1
384 4.56427 0.119331
385 5.41667 0.181809
386 5.41667 0.081939
387 5.03418 1
388 5.06939 0.932002
389 4.42859 1
390 4.42859 0.0519125
391 4.42859 0.545634
392 4.25935 1
393 3.55277 1
394 3.55277 0.165646
395 2.86625 1
396 2.86625 0.175946
397 1.96356 1
398 1.66711 1
399 1.66711 0.106716
400 0.726354 1
401 0.624792 1
402 0.624792 0.441738
403 0.624792 0.408809
404 0.624792 0.194527
405 0.624792 0.199017
406 1.59043 0.144964
407 1.61135 0.959017
408 2.11117 0.368012
409 1.22774 1
410 1.21453 1
411 1.21453 0.275634
412 1.21453 0.480553
413 1.21453 0.359093
414 1.92247 0.242713
415 2.84367 0.158437
416 2.94215 0.821216
417 2.27209 1
418 1.97545 1
419 1.97545 0.785422
420 1.97545 0.0785431
421 1.97545 0.228714
422 1.6501 1
423 1.87286 0.640485
424 1.83154 1
425 1.83154 0.485302
426 1.83154 0.582734
427 1.83154 0.0985139
428 1.79926 1
429 1.79926 0.162122
430 1.24354 1
431 1.4662 0.640616
432 0.498386 1
433 0.983846 0.378735
434 0.983846 0.0482477
435 0.556637 1
436 0.556637 0.417114
437 0.556637 0.475033
438 1.15474 0.302341
439 1.80582 0.271943
440 2.88699 0.115056
441 2.88699 0.754466
442 2.88699 0.0486377
443 2.88699 0.459574
444 2.17481 1
445 2.2397 0.878282
446 2.2397 0.23736
447 2.2397 0.164027
448 2.34803 0.805204
449 1.19278 1
450 0.985176 1
451 0.985176 0.254075
452 1.60747 0.288062
453 1.25165 1
454 1.37647 0.779079
455 1.14723 1
456 1.84191 0.249238
457 1.76224 1
458 1.42661 1
459 1.42661 0.186389
460 1.0058 1
461 1.0058 0.0361027
462 1.0058 0.18124
463 1.0058 0.178156
464 0.968681 1
465 0.480019 1
466 0.480019 0.162398
467 0.480019 0.287283
468 0.927368 0.408731
469 0.95215 0.951644
470 1.05966 0.806526
471 1.03551 1
472 1.03551 0.691942
473 0.724677 1
474 0.338908 1
475 0.338908 0.0682629
476 0.338908 0.0593764
477 1.63462 0.0749139
478 2.91083 0.0778923
479 2.91083 0.645635
480 2.91083 0.508201
481 3.79265 0.17142
482 3.05796 1
483 3.05796 0.0942758
484 3.05796 0.229606
485 2.71287 1
486 2.43001 1
487 2.67998 0.606567
488 2.67998 0.331095
489 3.61481 0.154174
490 3.60732 1
491 3.57261 1
492 3.56279 1
493 4.9314 0.0647505
494 4.64321 1
495 3.78612 1
496 3.52619 1
497 3.52619 0.136626
498 3.52619 0.640983
499 4.09402 0.32121
500 2.70709 1
501 2.71244 0.989356
502 2.41657 1
503 1.96222 1
504 1.12127 1
505 1.53971 0.433059
506 1.53971 0.145166
507 1.53971 0.497137
508 1.53971 0.0927057
509 1.28021 1
510 1.67667 0.452524
511 1.67667 0.0609864
512 1.67667 0.184444
513 1.67667 0.0903421
514 2.16381 0.377467
515 1.66492 1
516 1.45092 1
517 0.900651 1
518 0.900651 0.198001
519 0.900651 0.182276
520 0.900651 0.112193
521 1.47885 0.314619
522 1.47885 0.167415
523 1.97268 0.372446
524 2.16902 0.675244
525 2.16902 0.279282
526 2.16902 0.646258
527 2.00124 1
528 2.00124 0.224288
529 2.00124 0.494285
530 2.00706 0.988441
531 2.2155 0.659096
532 2.67891 0.395811
533 2.88904 0.656872
534 1.94831 1
535 1.3132 1
536 1.3132 0.081095
537 2.29142 0.14136
538 2.29142 0.294681
539 1.9124 1
540 2.12661 0.651531
541 1.9678 1
542 1.81866 1
543 1.09076 1
544 1.2067 0.793042
545 0.897414 1
546 0.897414 0.216675
547 0.356086 1
548 0.356086 0.147992
549 0.356086 0.0600556
550 0.356086 0.053339
551 0.356086 0.106872
552 0.356086 0.276475
553 0.356086 0.192735
554 0.356086 0.191172
555 0.356086 0.182594
556 0.356086 0.320094
557 0.356086 0.259673
558 0.356086 0.0308125
559 0.356086 0.0521211
560 0.356086 0.264812
561 0.356086 0.2765
562 1.03177 0.258888
563 1.03177 0.306288
564 1.03177 0.588667
565 0.956552 1
566 0.95836 0.996392
567 0.95836 0.207908
568 0.95836 0.0481819
569 0.95836 0.131717
570 0.95836 0.506589
571 0.95836 0.183096
572 1.56304 0.298389
573 0.886403 1
574 0.638034 1
575 0.638034 0.340128
576 0.457261 1
577 0.457261 0.388316
578 0.457261 0.133448
579 0.457261 0.246799
580 0.457261 0.220308
581 0.457261 0.0953373
582 0.457261 0.615472
583 0.457261 0.0848913
584 0.457261 0.155499
585 0.457261 0.226281
586 0.457261 0.065577
587 0.457261 0.136612
588 0.457261 0.49058
589 0.501149 0.915968
590 0.501149 0.0820051
591 0.501149 0.161579
592 0.501149 0.0493767
593 0.501149 0.279015
594 0.501149 0.152868
595 0.501149 0.14451
596 0.501149 0.292007
597 0.501149 0.0937421
598 0.501149 0.189973
599 0.846549 0.501174
600 0.846549 0.0597009
601 0.875741 0.943289
602 0.875741 0.0940447
603 1.15065 0.577056
604 1.15065 0.377616
605 1.67984 0.347016
606 1.67984 0.338307
607 1.83388 0.734854
608 1.66204 1
609 1.66204 0.513715
610 2.49826 0.187788
611 2.86911 0.476302
612 2.52216 1
613 1.942 1
614 2.47026 0.347666
615 1.28526 1
616 1.28526 0.0708463
617 1.43007 0.748553
618 1.43007 0.0783648
619 0.829555 1
620 1.36295 0.344108
621 1.36295 0.128941
622 1.36295 0.687493
623 1.77077 0.442359
624 1.77077 0.126273
625 1.77077 0.0905793
626 0.990277 1
627 0.990277 0.43119
628 0.990277 0.293848
629 0.990277 0.0461997
630 0.601756 1
631 0.732903 0.769285
632 0.732903 0.531984
633 0.732903 0.164575
634 1.07482 0.504675
635 0.347422 1
636 0.347422 0.326104
637 0.347422 0.044163
638 0.347422 0.207341
639 0.347422 0.145455
640 0.347422 0.142405
641 0.347422 0.026888
642 0.347422 0.392821
643 0.347422 0.243892
644 0.775836 0.424507
645 0.775836 0.396482
646 0.775836 0.193767
647 0.775836 0.0766547
648 0.775836 0.254344
649 0.775836 0.13888
650 1.65901 0.170957
651 2.29144 0.282274
652 2.29144 0.232906
653 2.29144 0.109243
654 2.29144 0.0828896
655 2.41498 0.78108
656 2.41498 0.0699072
657 2.41498 0.752296
658 2.41498 0.323249
659 2.41498 0.131019
660 2.41498 0.36445
661 1.32596 1
662 1.32596 0.418829
663 1.28532 1
664 0.983572 1
665 1.07846 0.827153
666 0.826748 1
667 0.826748 0.069136
668 0.826748 0.147192
669 0.849355 0.955793
670 0.849355 0.0528782
671 1.04103 0.681581
672 1.04103 0.304782
673 1.04103 0.429645
674 1.01993 1
675 0.560358 1
676 0.560358 0.361672
677 1.82372 0.079921
678 1.82372 0.538678
679 1.82372 0.309651
680 1.18555 1
681 1.02803 1
682 1.02803 0.117131
683 1.1429 0.794745
684 1.1429 0.313448
685 1.8252 0.255483
686 1.8252 0.446073
687 1.94885 0.7809
688 1.94885 0.412845
689 1.94885 0.106126
690 1.94885 0.0426538
691 1.94885 0.0433628
692 1.94885 0.156924
693 1.94885 0.110722
694 1.94885 0.699566
695 1.94885 0.226839
696 1.90804 1
697 1.90804 0.0955068
698 1.90804 0.60852
699 1.90804 0.102177
700 2.10166 0.678921
701 1.97546 1
702 2.07902 0.812936
703 1.07683 1
704 1.07683 0.101373
705 0.793038 1
706 1.24293 0.406658
707 1.24293 0.39377
708 0.790591 1
709 0.790591 0.551472
710 0.783061 1
711 0.783061 0.837591
712 0.783061 0.119276
713 0.783061 0.206338
714 0.783061 0.182355
715 0.783061 0.195706
716 0.473198 1
717 0.473198 0.132282
718 1.45698 0.139797
719 0.774038 1
720 0.774038 0.295853
721 0.774038 0.231914
722 0.774038 0.441356
723 0.911056 0.760304
724 0.911056 0.11171
725 0.911056 0.200957
726 0.911056 0.35859
727 0.911056 0.484332
728 0.911056 0.345541
729 0.911056 0.186936
730 0.911056 0.0414494
731 0.556396 1
732 0.556396 0.0740159
733 0.530864 1
734 0.530864 0.0997537
735 0.530864 0.118512
736 0.530864 0.26746
737 0.745926 0.650429
738 0.745926 0.132959
739 0.853087 0.807088
740 0.853087 0.236195
741 0.926877 0.862793
742 0.926877 0.32327
743 1.37174 0.410771
744 1.37174 0.359454
745 1.37174 0.366142
746 1.99985 0.284729
747 1.99985 0.0368169
748 2.09659 0.824079
749 3.14402 0.123087
750 2.55742 1
751 2.55742 0.106497
752 2.20501 1
753 1.51014 1
754 1.51014 0.572393
755 2.0241 0.357749
756 1.33288 1
757 1.33288 0.20938
758 1.33288 0.0908353
759 1.33288 0.467371
760 1.19001 1
761 1.81912 0.284157
762 2.01591 0.674634
763 1.82568 1
764 2.34119 0.356644
765 2.34119 0.309561
766 1.26502 1
767 1.26502 0.941689
768 1.26502 0.0669957
769 1.61151 0.500083
770 1.60543 1
771 2.20045 0.304206
772 0.977208 1
773 0.627522 1
774 1.37888 0.222524
775 1.37888 0.218644
776 1.27976 1
777 1.27976 0.126349
778 1.27976 0.081562
779 1.27976 0.0794965
780 1.27976 0.0576902
781 1.72034 0.414297
782 1.72034 0.156622
783 2.32561 0.298037
784 2.34714 0.957858
785 1.52023 1
786 1.52023 0.15845
787 2.31119 0.205582
788 2.08415 1
789 2.08415 0.168258
790 2.61462 0.346133
791 2.61462 0.113045
792 2.55328 1
793 2.17988 1
794 1.5642 1
795 1.5642 0.797469
796 1.51568 1
797 1.51568 0.208517
798 1.24008 1
799 1.43849 0.672461
800 1.43849 0.15337
801 1.35458 1
802 1.35458 0.301528
803 0.800799 1
804 0.800799 0.47962
805 0.800799 0.427513
806 0.800799 0.163384
807 0.800799 0.141443
808 0.800799 0.0820729
809 0.495335 1
810 0.495335 0.0933067
811 1.73037 0.0845782
812 0.950667 1
813 0.950667 0.149275
814 0.950667 0.655271
815 0.950667 0.211588
816 0.635869 1
817 0.635869 0.397514
818 0.635869 0.140795
819 1.77346 0.102778
820 0.919735 1
821 0.381448 1
822 0.381448 0.0336736
823 0.381448 0.166395
824 0.368561 1
825 0.368561 0.0859349
826 1.26428 0.166719
827 0.857668 1
828 0.857668 0.540378
829 1.24152 0.46408
830 1.0982 1
831 1.09367 1
832 1.09367 0.199731
833 1.1219 0.945095
834 1.10564 1
835 1.10564 0.164144
836 0.630482 1
837 2.05306 0.058125
838 2.05306 0.214153
839 3.00455 0.149123
840 2.31303 1
841 2.4996 0.688567
842 2.4996 0.17384
843 2.4996 0.308435
844 2.4996 0.432293
845 1.92806 1
846 1.4027 1
847 1.74048 0.508872
848 1.72706 1
849 0.664333 1
850 0.664333 0.251706
851 0.664333 0.600395
852 0.664333 0.101257
853 0.664333 0.183007
854 0.664333 0.0656632
855 0.664333 0.251143
856 1.26017 0.303713
857 0.725525 1
858 0.725525 0.0551394
859 0.725525 0.358592
860 0.375164 1
861 0.375164 0.080383
862 1.09843 0.235386
863 2.19212 0.112209
864 2.40347 0.655274
865 2.40347 0.184307
866 2.40347 0.0882068
867 2.40347 0.353448
868 2.01074 1
869 2.01074 0.496758
870 2.26275 0.604101
871 2.26275 0.185028
872 2.4172 0.734255
873 3.10162 0.254405
874 2.46361 1
875 2.90312 0.415184
876 3.12015 0.647878
877 2.49383 1
878 1.93728 1
879 2.09318 0.732124
880 1.24482 1
881 1.24482 0.671193
882 1.24482 0.168292
883 1.41487 0.711698
884 0.787442 1
885 1.7772 0.138136
886 3.34516 0.0434601
887 3.12098 1
888 4.32144 0.0906357
889 4.04768 1
890 3.51294 1
891 2.23393 1
892 2.23393 0.120567
893 2.28212 0.908112
894 2.04645 1
895 2.04645 0.421576
896 1.2524 1
897 1.2524 0.172777
898 1.32785 0.859929
899 1.32785 0.0709545
900 1.32785 0.0878889
901 1.00817 1
902 1.00817 0.138552
903 1.00817 0.171984
904 1.55597 0.334338
905 1.55597 0.201771
906 1.55597 0.19214
907 0.948513 1
908 0.948513 0.144425
909 1.61235 0.265092
910 1.61235 0.0498955
911 1.61235 0.143592
912 1.61235 0.228842
913 1.80364 0.682109
914 2.21058 0.443128
915 2.25672 0.911851
916 1.73467 1
917 1.73467 0.152188
918 1.73467 0.348849
919 1.8861 0.738703
920 1.8861 0.200384
921 1.03497 1
922 1.03497 0.142062
923 1.03497 0.715101
924 0.716423 1
925 0.716423 0.0888726
926 0.716423 0.0952418
927 1.1503 0.419896
928 0.915878 1
929 0.915878 0.116077
930 1.82922 0.160945
931 1.82922 0.604039
932 1.12067 1
933 1.14067 0.960785
934 1.32371 0.693447
935 0.745885 1
936 0.745885 0.139401
937 0.745885 0.090641
938 1.30015 0.330041
939 1.40299 0.814106
940 1.15772 1
941 1.27298 0.794113
942 1.05068 1
943 1.05068 0.623928
944 0.963363 1
945 0.395522 1
946 0.395522 0.220145
947 1.29745 0.164662
948 1.26052 1
949 1.26052 0.383203
950 1.2251 1
951 1.2251 0.223619
952 1.2251 0.118854
953 0.768826 1
954 0.768826 0.251255
955 0.768826 0.0933514
956 0.768826 0.0281083
957 0.768826 0.272979
958 0.570392 1
959 0.570392 0.53826
960 0.326929 1
961 0.326929 0.0310402
962 0.326929 0.21298
963 0.326929 0.138713
964 0.326929 0.696424
965 0.326929 0.0836426
966 0.326929 0.16062
967 0.326929 0.0927917
968 0.326929 0.120201
969 0.326929 0.281234
970 0.326929 0.228581
971 0.326929 0.206301
972 0.326929 0.324271
973 0.326929 0.0691377
974 0.46441 0.759601
975 1.24596 0.209486
976 1.71148 0.394145
977 1.94124 0.631584
978 1.87227 1
979 2.19635 0.523006
980 1.73054 1
981 1.73054 0.649186
982 1.95692 0.635868
983 1.95692 0.186005
984 1.44804 1
985 1.44804 0.277156
986 1.123 1
987 1.123 0.232537
988 1.123 0.183809
989 1.123 0.0363774
990 1.123 0.531848
991 1.123 0.0793581
992 1.123 0.0423319
993 1.123 0.267731
994 1.20288 0.852364
995 1.20288 0.061282
996 1.20288 0.0856653
997 1.20288 0.169175
998 1.8486 0.27487
999 1.8486 0.174696
1000 1.46091 1
