1 1.02371 0.578444
2 1.28861 0.588714
3 0.860716 1
4 0.860716 0.533816
5 0.773247 1
6 0.773247 0.0604995
7 0.773247 0.349065
8 0.773247 0.469154
9 1.63611 0.178044
10 2.20019 0.323625
11 2.05342 1
12 2.05342 0.238138
13 2.05342 0.0819812
14 2.05342 0.0556036
15 3.25315 0.090766
16 1.84968 1
17 1.84968 0.126462
18 1.71547 1
19 1.45062 1
20 1.71971 0.583807
21 1.22947 1
22 2.3724 0.101687
23 2.3724 0.0988722
24 2.3724 0.0593432
25 2.14064 1
26 2.14064 0.108927
27 2.82081 0.256575
28 3.23987 0.432524
29 3.24678 0.986275
30 3.24678 0.313893
31 2.33051 1
32 2.33051 0.176164
33 1.56908 1
34 1.21077 1
35 1.78658 0.316124
36 1.78658 0.0617913
37 1.05667 1
38 1.03142 1
39 1.03142 0.143206
40 0.823636 1
41 0.613522 1
42 1.10719 0.372564
43 1.10719 0.463667
44 1.10719 0.333852
45 1.10719 0.349268
46 1.10719 0.198034
47 1.10719 0.136041
48 1.10719 0.230488
49 1.10719 0.196198
50 0.873919 1
51 1.05703 0.693353
52 1.50167 0.41095
53 1.50167 0.0867908
54 1.58683 0.843402
55 2.05419 0.392692
56 1.90963 1
57 1.90963 0.0581166
58 2.47477 0.322944
59 2.47477 0.0507402
60 2.47477 0.72166
61 2.47477 0.340841
62 2.44595 1
63 1.54982 1
64 2.18239 0.282202
65 2.18239 0.251383
66 2.77027 0.30858
67 3.06684 0.552596
68 3.06274 1
69 3.27021 0.660381
70 3.27021 0.292688
71 3.27021 0.113192
72 2.48122 1
73 2.44068 1
74 1.8579 1
75 1.8579 0.09886
76 1.8579 0.245964
77 1.8579 0.16545
78 2.19974 0.504757
79 2.19974 0.508299
80 1.19317 1
81 0.628328 1
82 0.628328 0.092577
83 0.628328 0.173969
84 0.628328 0.093059
85 0.628328 0.146809
86 0.940126 0.536014
87 0.940126 0.259571
88 0.940126 0.584785
89 0.940126 0.304418
90 0.635135 1
91 0.635135 0.122429
92 0.363005 1
93 0.363005 0.17941
94 1.22638 0.177861
95 1.22638 0.197975
96 1.22638 0.151863
97 1.1833 1
98 1.18369 0.999214
99 1.18369 0.141891
100 1.18369 0.868634
101 1.86235 0.257351
102 1.86235 0.47836
103 2.05562 0.679408
104 2.15679 0.816812
105 1.8659 1
106 1.8659 0.0478052
107 2.62393 0.219576
108 2.62393 0.210737
109 2.6561 0.937694
110 1.81179 1
111 1.01434 1
112 1.01434 0.140867
113 1.01434 0.416198
114 1.01434 0.0801663
115 1.35621 0.504726
116 1.35621 0.095727
117 1.35621 0.406206
118 0.981205 1
119 1.3872 0.44397
120 1.58504 0.673229
121 0.837086 1
122 0.837086 0.270281
123 0.735662 1
124 0.735662 0.432852
125 0.735662 0.0918312
126 0.291348 1
127 0.291348 0.100986
128 0.343944 0.900152
129 0.343944 0.206993
130 0.343944 0.145905
131 0.284224 1
132 0.284224 0.108573
133 0.713658 0.423642
134 0.713658 0.18783
135 0.713658 0.0702346
136 0.713658 0.103399
137 0.713658 0.110495
138 1.98487 0.0786755
139 2.4451 0.398338
140 2.43437 1
141 2.43437 0.528049
142 1.35791 1
143 0.954199 1
144 0.954199 0.118079
145 1.15884 0.664132
146 1.84068 0.255715
147 1.84068 0.167332
148 1.9375 0.823959
149 1.95779 0.960235
150 1.19745 1
151 0.792636 1
152 0.841492 0.906911
153 0.841492 0.179168
154 0.841492 0.13951
155 0.841492 0.212511
156 0.841492 0.121146
157 0.764823 1
158 0.827238 0.882648
159 0.827238 0.248114
160 0.847806 0.959698
161 0.847806 0.314407
162 0.847806 0.492618
163 0.847806 0.31464
164 0.847806 0.668188
165 0.847806 0.14774
166 0.847806 0.23377
167 0.847806 0.559043
168 0.847806 0.134227
169 2.28002 0.0570153
170 2.42778 0.744149
171 2.42778 0.12222
172 3.53242 0.10978
173 3.06062 1
174 3.06062 0.200289
175 2.44483 1
176 2.62171 0.702039
177 2.50307 1
178 2.01039 1
179 2.01039 0.0867155
180 2.01039 0.073551
181 2.34602 0.511061
182 2.34602 0.184301
183 1.31276 1
184 1.31276 0.114581
185 1.31276 0.290008
186 1.18772 1
187 1.28987 0.81523
188 1.28987 0.50882
189 1.12912 1
190 1.12912 0.319209
191 1.86667 0.228756
192 1.20388 1
193 1.20388 0.408001
194 1.20388 0.336221
195 1.20388 0.560275
196 1.20388 0.0979574
197 1.20388 0.0595872
198 1.20388 0.697595
199 1.1857 1
200 1.1857 0.88168
201 1.1857 0.644349
202 1.1857 0.919331
203 0.507981 1
204 0.507981 0.0890176
205 0.507981 0.166877
206 0.507981 0.411697
207 0.507981 0.0728345
208 0.507981 0.554841
209 0.507981 0.13667
210 0.507981 0.0433413
211 1.50184 0.137007
212 1.50184 0.0891909
213 1.34183 1
214 1.34183 0.458635
215 1.34183 0.235411
216 1.34183 0.262875
217 1.74396 0.447417
218 2.02319 0.572093
219 2.02319 0.145074
220 2.31592 0.556845
221 2.31592 0.164021
222 1.67025 1
223 1.6993 0.94354
224 1.6993 0.045251
225 0.707408 1
226 0.707408 0.227371
227 0.707408 0.116847
228 0.707408 0.0695124
229 0.707408 0.737516
230 0.707408 0.0937222
231 0.707408 0.420117
232 0.707408 0.272059
233 0.707408 0.194359
234 0.707408 0.658096
235 1.41278 0.243962
236 1.05648 1
237 1.05648 0.255195
238 1.05648 0.381614
239 1.3821 0.521396
240 0.491417 1
241 0.491417 0.110401
242 0.491417 0.179456
243 0.491417 0.207684
244 0.491417 0.0977477
245 1.56925 0.115825
246 1.56925 0.288064
247 1.57603 0.986544
248 0.776457 1
249 0.776457 0.107202
250 0.776457 0.357525
251 0.776457 0.438478
252 0.776457 0.124501
253 0.431922 1
254 0.431922 0.0897045
255 1.04682 0.292352
256 0.846741 1
257 0.750275 1
258 0.750275 0.109945
259 1.24576 0.371213
260 1.24576 0.726571
261 1.24576 0.138459
262 1.24576 0.0790135
263 1.35875 0.797749
264 1.35875 0.193581
265 2.28398 0.157165
266 2.28398 0.0817885
267 2.23366 1
268 2.2605 0.947737
269 0.914051 1
270 0.54018 1
271 0.671335 0.769273
272 0.671335 0.229937
273 0.671335 0.413036
274 0.671335 0.0738758
275 0.455988 1
276 0.455988 0.246653
277 0.455988 0.191331
278 0.455988 0.0881605
279 0.455988 0.202294
280 0.455988 0.113922
281 0.455988 0.058591
282 0.455988 0.161734
283 0.455988 0.104169
284 0.455988 0.487374
285 0.455988 0.410742
286 0.455988 0.0936967
287 0.240686 1
288 0.857067 0.291487
289 1.22282 0.481179
290 1.22282 0.217297
291 1.34608 0.781526
292 1.34608 0.217556
293 1.41101 0.878223
294 1.41101 0.0451495
295 1.41101 0.239639
296 1.41101 0.553311
297 1.41101 0.0886899
298 1.41101 0.686444
299 1.41101 0.123219
300 2.45872 0.123017
301 1.36794 1
302 1.36794 0.0650836
303 1.01789 1
304 1.02344 0.988964
305 1.02344 0.337109
306 0.789235 1
307 0.789235 0.171259
308 0.789235 0.115399
309 2.20369 0.0590774
310 1.52076 1
311 1.52076 0.111084
312 2.4453 0.157383
313 2.4453 0.246701
314 2.00803 1
315 2.11603 0.805736
316 2.11603 0.258372
317 1.99239 1
318 1.96854 1
319 1.96854 0.0723752
320 1.69909 1
321 1.69909 0.172881
322 0.588744 1
323 0.588744 0.160858
324 0.924768 0.510661
325 0.924768 0.420473
326 1.5095 0.310531
327 1.22424 1
328 1.22424 0.106461
329 1.22424 0.286871
330 1.28186 0.891146
331 1.28186 0.0787848
332 1.81923 0.341392
333 1.94482 0.777871
334 1.94482 0.414791
335 1.94482 0.200785
336 1.37857 1
337 1.37857 0.601971
338 1.37857 0.563414
339 1.60689 0.633405
340 0.768122 1
341 1.68543 0.159674
342 1.68543 0.0679822
343 2.14198 0.401278
344 2.14198 0.168011
345 1.31703 1
346 1.38751 0.868524
347 1.38751 0.50275
348 1.38751 0.127609
349 1.38751 0.161605
350 1.85061 0.39605
351 1.57201 1
352 1.01402 1
353 1.01402 0.11924
354 1.01402 0.255939
355 1.01402 0.0432878
356 1.01402 0.110956
357 1.01402 0.0551276
358 1.19669 0.69395
359 1.19669 0.720691
360 1.00643 1
361 0.826137 1
362 0.826137 0.372304
363 1.58369 0.219786
364 1.58369 0.0759455
365 1.58369 0.0936629
366 1.09992 1
367 1.09992 0.172707
368 1.09992 0.115132
369 1.09992 0.148295
370 2.09674 0.136197
371 2.09674 0.177258
372 1.68699 1
373 1.68699 0.273653
374 1.58815 1
375 1.58815 0.162353
376 1.58815 0.265737
377 1.58815 0.322201
378 1.58815 0.102476
379 1.58815 0.0706885
380 2.95022 0.0656035
381 3.54266 0.305779
382 3.69571 0.736311
383 2.94217 1
384 2.94217 0.0829809
385 3.44347 0.366922
386 3.44347 0.123689
387 3.44347 0.813421
388 3.44347 0.744293
389 2.79887 1
390 2.79887 0.0629878
391 2.79887 0.655297
392 2.90708 0.8054
393 2.43735 1
394 2.84369 0.443662
395 2.30888 1
396 2.30888 0.131902
397 1.56044 1
398 1.80863 0.608727
399 1.80863 0.112542
400 0.998542 1
401 1.28986 0.558429
402 1.28986 0.279921
403 1.28986 0.229383
404 1.40933 0.787453
405 1.40933 0.221569
406 2.22151 0.197037
407 1.93044 1
408 1.97993 0.905753
409 1.67893 1
410 0.92693 1
411 0.92693 0.210727
412 0.803619 1
413 0.803619 0.379547
414 0.803619 0.145527
415 1.74647 0.151722
416 1.63748 1
417 0.974394 1
418 0.974394 0.399445
419 0.974394 0.660384
420 0.974394 0.101136
421 0.974394 0.152482
422 0.270137 1
423 0.558159 0.562118
424 1.02072 0.396487
425 0.703604 1
426 0.703604 0.24788
427 0.703604 0.0736406
428 0.703604 0.604486
429 0.703604 0.120833
430 0.738383 0.932806
431 0.738383 0.158154
432 1.10111 0.484105
433 1.26164 0.725381
434 1.26164 0.432632
435 1.55115 0.560448
436 1.72388 0.70789
437 1.53407 1
438 0.415718 1
439 1.12049 0.244254
440 2.20592 0.114079
441 2.15801 1
442 2.15801 0.0691222
443 2.15801 0.289673
444 1.47263 1
445 1.43164 1
446 1.43164 0.120948
447 1.43164 0.235807
448 1.43164 0.401914
449 1.00239 1
450 1.00239 0.344801
451 0.600221 1
452 1.6729 0.117027
453 1.57959 1
454 2.19092 0.294446
455 2.31438 0.781209
456 2.36445 0.904712
457 1.67706 1
458 1.37638 1
459 1.37638 0.0709383
460 1.46641 0.83522
461 1.46641 0.12444
462 1.34214 1
463 1.34214 0.262091
464 1.10149 1
465 0.693309 1
466 0.693309 0.254861
467 0.693309 0.524329
468 0.693309 0.332219
469 0.693309 0.0906782
470 1.02224 0.517961
471 1.01876 1
472 0.508644 1
473 0.651224 0.751893
474 0.651224 0.301024
475 0.651224 0.318088
476 0.651224 0.0938744
477 2.12672 0.0522878
478 2.80741 0.256308
479 2.80741 0.332885
480 2.9147 0.806874
481 3.84159 0.156644
482 3.04529 1
483 3.04529 0.115226
484 3.53563 0.375062
485 3.18969 1
486 2.94197 1
487 3.18932 0.609751
488 3.18932 0.308947
489 3.92996 0.227347
490 3.83637 1
491 3.68976 1
492 3.98398 0.555198
493 5.35621 0.0642818
494 5.14682 1
495 4.29618 1
496 3.90979 1
497 3.90979 0.148345
498 3.90979 0.769574
499 4.57827 0.262639
500 3.37059 1
501 3.47379 0.813507
502 3.19013 1
503 2.79497 1
504 1.73083 1
505 1.62492 1
506 1.62492 0.158858
507 1.62492 0.254817
508 1.62492 0.133084
509 1.92737 0.546129
510 2.17767 0.606168
511 2.17767 0.0635453
512 2.59859 0.430913
513 2.59859 0.145513
514 3.21075 0.293958
515 2.6883 1
516 2.17249 1
517 1.87928 1
518 1.87928 0.24767
519 2.61132 0.231291
520 2.61132 0.112292
521 3.13085 0.353791
522 3.13085 0.180687
523 3.63513 0.364741
524 3.64605 0.978401
525 3.64605 0.142339
526 3.64605 0.431569
527 3.01981 1
528 3.43634 0.434723
529 3.43634 0.282953
530 3.76162 0.521746
531 4.04793 0.564048
532 4.42293 0.472369
533 4.49688 0.86251
534 3.66871 1
535 2.93657 1
536 2.93657 0.122601
537 3.86525 0.156083
538 3.86525 0.456782
539 2.953 1
540 2.84283 1
541 2.84283 0.409981
542 2.97229 0.771887
543 2.15546 1
544 1.42986 1
545 1.42986 0.811822
546 1.42986 0.188592
547 1.1901 1
548 1.1901 0.175945
549 1.1901 0.0766545
550 1.1901 0.0783446
551 1.1901 0.06605
552 1.37493 0.690967
553 1.37493 0.211069
554 1.37493 0.245236
555 1.31589 1
556 1.31589 0.285832
557 1.31589 0.346557
558 1.31589 0.0485584
559 2.15963 0.184986
560 1.12417 1
561 1.12417 0.558088
562 1.35065 0.635746
563 1.24694 1
564 1.24694 0.390901
565 1.40324 0.731542
566 0.672935 1
567 0.672935 0.130982
568 0.672935 0.0677723
569 0.672935 0.0751551
570 0.672935 0.48713
571 0.672935 0.212395
572 0.672935 0.192033
573 1.07688 0.445799
574 1.62335 0.335228
575 1.96056 0.509457
576 1.83418 1
577 1.83418 0.352825
578 1.83418 0.310508
579 0.800288 1
580 0.800288 0.268181
581 0.800288 0.151783
582 0.265858 1
583 0.265858 0.0662632
584 0.265858 0.136725
585 0.265858 0.0828809
586 0.265858 0.148094
587 0.265858 0.0563154
588 0.265858 0.0959704
589 0.95069 0.254192
590 0.95069 0.0705285
591 0.95069 0.159439
592 0.95069 0.0360822
593 1.25045 0.549076
594 1.25045 0.178428
595 1.22968 1
596 1.22968 0.245515
597 1.22968 0.0834365
598 1.22968 0.545261
599 1.55863 0.517943
600 1.55863 0.0934216
601 0.596115 1
602 0.596115 0.0251022
603 0.596115 0.0665554
604 0.596115 0.537904
605 1.15751 0.325369
606 1.15751 0.424347
607 1.15751 0.309592
608 1.04938 1
609 1.04938 0.243096
610 1.04938 0.142797
611 1.76379 0.239591
612 1.76379 0.798277
613 0.719906 1
614 0.719906 0.214181
615 1.22915 0.361139
616 1.22915 0.376496
617 1.22915 0.0674
618 1.22915 0.0672657
619 0.33086 1
620 0.665152 0.512433
621 0.665152 0.0752236
622 0.665152 0.48201
623 1.49682 0.189506
624 1.49682 0.162969
625 1.49682 0.0947149
626 1.12743 1
627 1.17386 0.911315
628 1.17386 0.437403
629 1.17386 0.0446183
630 0.705407 1
631 0.705407 0.494421
632 0.705407 0.405071
633 1.18059 0.386601
634 1.48464 0.544386
635 0.533037 1
636 0.742072 0.658316
637 0.742072 0.0693038
638 0.742072 0.260579
639 0.742072 0.430484
640 0.742072 0.307603
641 0.742072 0.0317375
642 0.618304 1
643 0.618304 0.362352
644 0.618304 0.164863
645 0.618304 0.135446
646 0.618304 0.0808057
647 0.618304 0.0843586
648 0.618304 0.127598
649 0.618304 0.189254
650 1.4154 0.203074
651 2.23406 0.194499
652 2.23406 0.180045
653 2.23406 0.0874085
654 2.23406 0.086298
655 2.42279 0.685605
656 2.42279 0.0561803
657 2.42279 0.832059
658 2.42279 0.494819
659 2.42279 0.112095
660 2.42279 0.410611
661 1.38611 1
662 1.38611 0.392505
663 1.0866 1
664 1.18547 0.820591
665 1.10974 1
666 0.448889 1
667 0.448889 0.0586784
668 0.448889 0.106665
669 0.448889 0.287207
670 0.448889 0.233823
671 0.448889 0.0532294
672 0.448889 0.0799256
673 0.448889 0.0883909
674 1.4161 0.144506
675 0.976974 1
676 1.10765 0.770004
677 1.54942 0.413323
678 1.54942 0.449789
679 1.54942 0.204376
680 0.816828 1
681 0.5655 1
682 0.5655 0.0843666
683 0.788874 0.639704
684 0.788874 0.312623
685 1.45398 0.264423
686 1.45398 0.201603
687 1.31691 1
688 1.31691 0.213393
689 1.31691 0.117287
690 1.31691 0.0483339
691 1.31691 0.0470853
692 1.31691 0.194778
693 1.31691 0.137131
694 1.31691 0.785963
695 1.31691 0.303321
696 1.31691 0.354134
697 1.31691 0.0940094
698 1.0981 1
699 1.0981 0.0709553
700 1.32093 0.640405
701 1.0983 1
702 1.0983 0.353108
703 0.88089 1
704 0.88089 0.152432
705 1.0907 0.657302
706 1.27799 0.687571
707 1.27799 0.108017
708 1.73078 0.404309
709 1.73078 0.550372
710 1.34748 1
711 1.32491 1
712 1.32491 0.31439
713 1.06271 1
714 1.47823 0.435599
715 1.47823 0.123771
716 0.954485 1
717 0.310116 1
718 1.15869 0.183206
719 0.495439 1
720 0.495439 0.260297
721 0.495439 0.113967
722 0.495439 0.409833
723 0.495439 0.390323
724 0.495439 0.0964593
725 0.495439 0.188198
726 0.495439 0.151538
727 0.495439 0.218279
728 0.495439 0.26174
729 0.495439 0.163953
730 0.495439 0.0376242
731 0.505274 0.980522
732 0.505274 0.0643672
733 0.719512 0.651501
734 0.719512 0.172941
735 0.719512 0.133096
736 0.719512 0.423903
737 0.679022 1
738 0.679022 0.0887397
739 0.528074 1
740 0.528074 0.198784
741 0.528074 0.281187
742 0.528074 0.0887509
743 0.80236 0.577775
744 0.80236 0.22352
745 0.863211 0.885413
746 1.46336 0.301105
747 1.46336 0.021952
748 1.36303 1
749 2.24743 0.170536
750 1.90694 1
751 1.90694 0.0657253
752 1.87278 1
753 1.6223 1
754 1.6223 0.573843
755 1.53797 1
756 1.57597 0.926826
757 1.57597 0.212042
758 1.57597 0.258698
759 1.29454 1
760 0.919055 1
761 0.919055 0.221752
762 1.24926 0.516642
763 1.79451 0.33605
764 2.32293 0.347549
765 2.23068 1
766 1.3016 1
767 1.25872 1
768 1.25872 0.09631
769 1.25872 0.248625
770 1.16628 1
771 1.81359 0.274001
772 1.09357 1
773 0.986596 1
774 0.986596 0.139556
775 0.986596 0.213898
776 1.06599 0.853174
777 1.06599 0.0910726
778 1.06599 0.0702768
779 1.06599 0.0956098
780 1.06599 0.0670645
781 1.5732 0.362614
782 1.5732 0.217249
783 2.08958 0.356025
784 2.08958 0.768173
785 1.77359 1
786 1.77359 0.316232
787 1.57654 1
788 2.47035 0.167358
789 2.47035 0.190211
790 2.47035 0.229567
791 2.47035 0.171321
792 1.69238 1
793 1.69238 0.598996
794 1.17836 1
795 0.796978 1
796 1.19631 0.449932
797 1.19631 0.0876945
798 0.928037 1
799 0.647694 1
800 0.647694 0.0549643
801 0.647694 0.251264
802 0.647694 0.183891
803 0.729622 0.848864
804 0.729622 0.760845
805 0.729622 0.109439
806 0.729622 0.0473888
807 0.729622 0.10378
808 0.729622 0.114396
809 0.729622 0.651819
810 1.3411 0.294359
811 2.46649 0.105318
812 1.40118 1
813 1.40118 0.348332
814 1.40118 0.330837
815 0.984222 1
816 1.08094 0.82412
817 1.44811 0.479822
818 1.44811 0.106669
819 1.10611 1
820 1.10611 0.695813
821 0.462307 1
822 0.462307 0.0541553
823 0.462307 0.1366
824 0.840601 0.469265
825 0.840601 0.12421
826 1.57665 0.229446
827 0.681361 1
828 0.681361 0.223632
829 1.1461 0.394757
830 1.22914 0.846986
831 1.08776 1
832 1.08776 0.208849
833 0.896174 1
834 0.763059 1
835 0.763059 0.195827
836 0.620982 1
837 1.73127 0.108547
838 1.73127 0.265456
839 2.76295 0.127026
840 2.08533 1
841 2.28836 0.666273
842 2.28836 0.167849
843 2.28836 0.235991
844 2.28836 0.372393
845 1.68378 1
846 1.25589 1
847 1.35993 0.812139
848 1.32312 1
849 0.697846 1
850 0.697846 0.202268
851 0.697846 0.24837
852 1.37906 0.256037
853 1.37906 0.252935
854 1.37906 0.126096
855 1.37906 0.443585
856 1.55211 0.707442
857 1.58701 0.932581
858 1.58701 0.0624139
859 1.58701 0.287826
860 0.988563 1
861 0.988563 0.0983584
862 1.64844 0.267199
863 1.64844 0.0672195
864 1.89249 0.613793
865 1.89249 0.195139
866 1.89249 0.0974955
867 1.89249 0.365667
868 1.59688 1
869 1.59688 0.46457
870 1.80261 0.662675
871 1.80261 0.184859
872 1.94455 0.752866
873 2.71199 0.215482
874 2.0999 1
875 2.58484 0.379133
876 2.7102 0.778239
877 2.31934 1
878 2.0331 1
879 2.25485 0.641781
880 1.18963 1
881 1.18963 0.511254
882 1.18963 0.171034
883 1.48961 0.548824
884 1.34035 1
885 2.34077 0.13522
886 3.89472 0.0446949
887 3.66856 1
888 4.85724 0.0927961
889 4.60306 1
890 3.96386 1
891 2.67023 1
892 2.67023 0.16025
893 2.66828 1
894 2.36034 1
895 2.36034 0.504481
896 1.68624 1
897 1.68624 0.328115
898 1.76733 0.850287
899 1.76733 0.0626835
900 1.76733 0.149988
901 1.01219 1
902 1.01219 0.148333
903 1.01219 0.254855
904 1.30871 0.552639
905 1.30871 0.172273
906 1.30871 0.326827
907 1.03113 1
908 1.52862 0.369734
909 2.19377 0.264399
910 2.19377 0.0362375
911 2.56439 0.476519
912 2.56439 0.305921
913 2.70598 0.753378
914 3.24932 0.337335
915 3.24371 1
916 2.64451 1
917 2.64451 0.197131
918 2.64451 0.272786
919 2.97949 0.511728
920 2.97949 0.228988
921 2.14777 1
922 2.14777 0.181059
923 2.12819 1
924 1.06895 1
925 1.06895 0.106699
926 1.9525 0.170829
927 1.9525 0.301558
928 1.92982 1
929 1.92982 0.382009
930 1.89366 1
931 1.89366 0.445117
932 0.805143 1
933 0.803652 1
934 0.803652 0.641287
935 0.803652 0.153165
936 1.08843 0.565775
937 1.08843 0.0803651
938 1.08843 0.143432
939 1.08843 0.297882
940 0.928013 1
941 1.21031 0.568586
942 1.21031 0.495696
943 1.11352 1
944 1.45769 0.502408
945 1.05682 1
946 1.05682 0.510135
947 2.03911 0.140214
948 1.68302 1
949 1.13975 1
950 1.44451 0.543615
951 2.14581 0.245957
952 2.14581 0.0711392
953 1.74927 1
954 1.74927 0.12949
955 1.74927 0.111223
956 1.74927 0.0309119
957 1.74927 0.217712
958 1.06548 1
959 1.06548 0.423911
960 1.06548 0.565381
961 1.06548 0.187107
962 1.06548 0.258565
963 0.67021 1
964 0.586084 1
965 0.586084 0.0478109
966 0.586084 0.429337
967 0.994154 0.442135
968 0.994154 0.121231
969 0.994154 0.317942
970 0.994154 0.142528
971 0.994154 0.165208
972 1.27468 0.570614
973 1.27272 1
974 1.29978 0.947329
975 1.43209 0.76749
976 1.84607 0.43694
977 1.65265 1
978 1.3151 1
979 2.07205 0.220049
980 1.70701 1
981 1.34476 1
982 1.45421 0.803389
983 1.45421 0.362907
984 1.84309 0.459436
985 1.84309 0.33921
986 1.49603 1
987 1.49603 0.110815
988 1.49603 0.0862196
989 1.49603 0.0417725
990 1.49603 0.586357
991 1.49603 0.0902085
992 1.49603 0.0651357
993 1.49603 0.0729204
994 1.26242 1
995 1.26242 0.080035
996 1.78529 0.351433
997 1.78529 0.139313
998 2.00846 0.639975
999 2.00846 0.161445
1000 1.41209 1
