1.2
1.20001
1.20002
1.20003
1.20005
1.20007
1.2001
1.20013
1.20017
1.20021
1.20025
1.2003
1.20035
1.20041
1.20047
1.20054
1.20061
1.20068
1.20076
1.20085
1.20094
1.20103
1.20113
1.20123
1.20134
1.20146
1.20158
1.20171
1.20184
1.20198
1.20212
1.20227
1.20243
1.20259
1.20276
1.20293
1.20311
1.2033
1.2035
1.2037
1.20391
1.20413
1.20435
1.20458
1.20483
1.20508
1.20534
1.20561
1.20589
1.20617
1.20647
1.20678
1.20711
1.20744
1.20778
1.20814
1.20851
1.2089
1.2093
1.20971
1.21014
1.21059
1.21105
1.21153
1.21203
1.21255
1.2131
1.21366
1.21424
1.21485
1.21549
1.21615
1.21684
1.21756
1.21832
1.2191
1.21992
1.22078
1.22168
1.22262
1.2236
1.22463
1.22571
1.22684
1.22802
1.22926
1.23057
1.23194
1.23337
1.23487
1.23645
1.2381
1.23982
1.24163
1.24351
1.24546
1.24748
1.24956
1.2517
1.25386
1.25604
1.25819
1.26026
1.26221
1.26395
1.26538
1.2664
1.26687
1.26666
1.26568
1.26387
1.26129
1.25815
1.25485
1.25196
1.25007
1.24968
1.25102
1.25401
1.25828
1.26329
1.26842
1.2731
1.2769
1.2796
1.28125
1.2822
1.28305
1.28449
1.28708
1.29107
1.29624
1.30205
1.30779
1.31284
1.31677
1.31935
1.32058
1.32062
1.31974
1.31825
1.31648
1.31469
1.31304
1.31158
1.31029
1.30909
1.30793
1.30672
1.30541
1.30392
1.30233
1.30084
1.29985
1.2998
1.30108
1.30383
1.30795
1.31312
1.3189
1.32485
1.33052
1.33555
1.33968
1.34274
1.34466
1.34552
1.34546
1.34472
1.34358
1.34235
1.34133
1.34078
1.34088
1.34168
1.34315
1.34515
1.34749
1.34996
1.35236
1.35452
1.35634
1.35778
1.35885
1.35964
1.36022
1.36071
1.36115
1.36158
1.36201
1.36241
1.36278
1.36313
1.36347
1.36385
1.3643
1.36483
1.36543
1.36608
1.36674
1.36738
1.36799
1.36858
1.36918
1.36983
1.37058
1.37146
1.3725
1.37372
1.3751
1.3766
1.37819
1.3798
1.38137
1.38283
1.3841
1.38514
1.38588
1.38628
1.38631
1.38595
1.38523
1.38419
1.38293
1.38158
1.38026
1.3791
1.37815
1.37738
1.37668
1.37587
1.37475
1.37316
1.37102
1.3684
1.3655
1.36273
1.36063
1.35978
1.36063
1.36331
1.36759
1.37293
1.37861
1.38389
1.38815
1.3909
1.39176
1.39056
1.38735
1.38255
1.37712
1.37244
1.36991
1.37041
1.37381
1.37913
1.38505
1.3904
1.39429
1.3962
1.39581
1.39302
1.38788
1.38064
1.37187
1.36248
1.35369
1.34688
1.34324
1.34343
1.34733
1.35409
1.36248
1.37119
1.37921
1.38594
1.39113
1.39481
1.39721
1.39861
1.39933
1.39962
1.39971
1.39976
1.39984
1.39999
1.40022
1.40051
1.40083
1.40118
1.40155
1.40191
1.40229
1.40267
1.40307
1.40345
1.40381
1.4041
1.40427
1.40424
1.40388
1.40306
1.40161
1.39937
1.39618
1.39202
1.38699
1.38151
1.37626
1.37206
1.3696
1.36917
1.37046
1.37284
1.37556
1.37806
1.38002
1.38135
1.38212
1.38248
1.38261
1.38267
1.38279
1.38304
1.38342
1.38388
1.38436
1.38474
1.38495
1.38496
1.38477
1.38446
1.38414
1.3839
1.38385
1.38402
1.38438
1.38484
1.3853
1.38565
1.38581
1.38574
1.38544
1.38495
1.38434
1.38371
1.38312
1.38264
1.38231
1.38216
1.38215
1.38227
1.38248
1.38275
1.38305
1.38338
1.38374
1.38413
1.38457
1.38504
1.38555
1.38606
1.38653
1.3869
1.38707
1.38695
1.38642
1.38534
1.38357
1.38096
1.37741
1.37284
1.36734
1.36115
1.35477
1.34894
1.34455
1.34242
1.34306
1.34647
1.35215
1.35926
1.36689
1.37428
1.38088
1.38641
1.39072
1.39381
1.39571
1.39644
1.39605
1.39455
1.392
1.38852
1.38432
1.37976
1.37528
1.37132
1.36822
1.36609
1.36481
1.36417
1.36395
1.364
1.3643
1.36489
1.3658
1.36699
1.3684
1.3699
1.37138
1.37275
1.37397
1.37503
1.37597
1.37681
1.37759
1.37832
1.37902
1.37969
1.38033
1.38092
1.38146
1.38195
1.38238
1.38275
1.38306
1.38333
1.38356
1.38374
1.3839
1.38403
1.38414
1.38422
1.38428
1.3843
1.38428
1.38421
1.38408
1.38386
1.38355
1.38312
1.38256
1.38185
1.38098
1.37995
1.37878
1.3775
1.37616
1.37483
1.3736
1.37256
1.37177
1.37125
1.37101
1.37097
1.37105
1.37115
1.37117
1.37104
1.37071
1.3702
1.36954
1.36881
1.36811
1.36755
1.36723
1.36723
1.36759
1.3683
1.36933
1.37058
1.37194
1.37327
1.37446
1.37544
1.37614
1.37656
1.37672
1.37669
1.37653
1.3763
1.37601
1.37567
1.37523
1.37464
1.37383
1.37278
1.37149
1.37004
1.36852
1.36705
1.36577
1.36479
1.36417
1.36393
1.36402
1.36433
1.36474
1.36512
1.36539
1.36553
1.36561
1.36576
1.36614
1.36685
1.36791
1.36924
1.37072
1.3722
1.37354
1.37465
1.37545
1.37589
1.37595
1.37563
1.37498
1.37412
1.37316
1.37229
1.37162
1.37127
1.37128
1.37168
1.37248
1.37373
1.37548
1.37775
1.3805
1.3836
1.38684
1.39001
1.39291
1.39536
1.39726
1.39854
1.39917
1.39912
1.39842
1.3971
1.39525
1.393
1.39052
1.38799
1.38562
1.38356
1.38191
1.38074
1.38006
1.37985
1.38004
1.38051
1.38104
1.3814
1.38132
1.38061
1.37918
1.37708
1.37452
1.37182
1.36936
1.36748
1.36639
1.36611
1.3665
1.36728
1.36816
1.3689
1.36939
1.36964
1.3698
1.37007
1.37064
1.3716
1.37294
1.37453
1.37621
1.37791
1.37965
1.3815
1.38354
1.3858
1.38818
1.39052
1.39265
1.39439
1.39564
1.39634
1.39648
1.39607
1.39512
1.39368
1.39175
1.38938
1.38661
1.38351
1.3802
1.37688
1.37378
1.37119
1.36937
1.36851
1.36869
1.36982
1.37169
1.37404
1.37661
1.37918
1.38161
1.3838
1.38571
1.38734
1.3887
1.38981
1.3907
1.39138
1.39187
1.39218
1.39231
1.39228
1.39207
1.39173
1.39129
1.39081
1.3904
1.39016
1.39023
1.39069
1.39162
1.39301
1.39476
1.39673
1.39872
1.40049
1.40179
1.40238
1.40199
1.40037
1.39733
1.39278
1.38685
1.37994
1.37274
1.36611
1.36091
1.35798
1.35801
1.36132
1.36747
1.37523
1.38301
1.38946
1.39376
1.39556
1.39476
1.39142
1.38572
1.37817
1.36993
1.36292
1.35935
1.3606
1.3663
1.37457
1.38319
1.39058
1.39607
1.39964
1.40158
1.40224
1.40199
1.4011
1.39978
1.39822
1.39657
1.39499
1.39365
1.39274
1.39241
1.39274
1.39371
1.39519
1.39695
1.39878
1.40043
1.40175
1.40261
1.40293
1.40263
1.40162
1.39979
1.39704
1.39327
1.3885
1.38292
1.37699
1.37148
1.36728
1.3652
1.36557
1.36813
1.37218
1.37684
1.38137
1.3853
1.38841
1.39069
1.39224
1.39321
1.39377
1.39403
1.39411
1.39405
1.39386
1.39352
1.39299
1.39223
1.39124
1.39008
1.38886
1.38774
1.38689
1.38645
1.38647
1.38693
1.38775
1.3888
1.39001
1.39131
1.3926
1.39381
1.3948
1.39541
1.39551
1.39499
1.39384
1.39214
1.39008
1.38792
1.38597
1.38449
1.38364
1.38347
1.38394
1.3849
1.38623
1.38774
1.38926
1.39064
1.39176
1.39255
1.39301
1.39319
1.39318
1.3931
1.39305
1.39314
1.39345
1.39403
1.39488
1.39595
1.39712
1.39825
1.3992
1.39985
1.4001
1.39989
1.39923
1.39814
1.3967
1.39506
1.39336
1.3918
1.39055
1.38976
1.38947
1.38968
1.39034
1.39135
1.39262
1.39407
1.39563
1.39722
1.39876
1.40018
1.4014
1.40235
1.40297
1.40322
1.40306
1.40249
1.40149
1.40007
1.39826
1.3961
1.39364
1.39098
1.3882
1.38541
1.38274
1.38028
1.37814
1.37635
1.37495
1.3739
1.37315
1.37266
1.37242
1.37243
1.37279
1.37356
1.37479
1.37647
1.37848
1.38065
1.38279
1.38474
1.38638
1.38765
1.38854
1.3891
1.38938
1.38945
1.38939
1.38924
1.38908
1.38892
1.38881
1.38875
1.38874
1.38876
1.3888
1.38882
1.38878
1.38866
1.38842
1.38801
1.38741
1.38661
1.38559
1.38438
1.38302
1.38161
1.38027
1.37913
1.37835
1.37806
1.37831
1.3791
1.38032
1.38177
1.38321
1.38433
1.3848
1.38428
1.38246
1.37906
1.37396
1.36729
1.35957
1.35183
1.34549
1.34203
1.34238
1.3464
1.35279
1.35965
1.36521
1.3683
1.36851
1.36617
1.36221
1.35798
1.35491
1.35401
1.35551
1.35886
1.36308
1.36725
1.37075
1.37341
1.37539
1.37705
1.37876
1.38078
1.38317
1.38583
1.3886
1.39132
1.39386
1.39614
1.39813
1.39985
1.40129
1.40246
1.40334
1.40392
1.40415
1.40398
1.40331
1.40206
1.40013
1.39747
1.39406
1.39001
1.38558
1.38111
1.37693
1.37322
1.36983
1.36629
1.36205
1.35684
1.35106
1.34599
1.34341
1.34472
1.35002
1.35806
1.36701
1.37536
1.38225
1.38742
1.39098
1.39316
1.39429
1.39463
1.39446
1.394
1.39349
1.39314
1.39311
1.39352
1.39439
1.39565
1.39716
1.39873
1.4002
1.40142
1.4023
1.40279
1.40284
1.40244
1.40159
1.40024
1.39837
1.39592
1.39282
1.38904
1.38455
1.37943
1.37384
1.36808
1.36255
1.35766
1.3538
1.35114
1.34971
1.34935
1.34985
1.35092
1.35231
1.35375
1.35506
1.35609
1.35682
1.3573
1.35766
1.35808
1.3587
1.35964
1.36092
1.36253
1.36435
1.36627
1.36816
1.36992
1.37146
1.37276
1.37379
1.37456
1.37509
1.37541
1.37555
1.37556
1.37544
1.37524
1.37496
1.37463
1.37423
1.37378
1.37326
1.37265
1.37192
1.37103
1.36995
1.36861
1.36698
1.36502
1.19792
1.19546
1.19281
1.19009
1.18745
1.18509
1.18319
1.1819
1.18131
1.18139
1.18206
1.18319
1.1846
1.18615
1.18769
1.18915
1.19046
1.19159
1.19252
1.19325
1.19376
1.19406
1.19415
1.1941
1.19395
1.19383
1.19381
1.19398
1.19436
1.1949
1.19554
1.19619
1.19678
1.19729
1.19771
1.19809
1.19846
1.19887
1.19938
1.20007
1.20101
1.20228
1.20389
1.20573
1.20764
1.2094
1.21076
1.21156
1.21166
1.21102
1.20964
1.20755
1.20485
1.20162
1.198
1.19417
1.19042
1.18713
1.18474
1.18373
1.18438
1.18676
1.19061
1.19547
1.20084
1.20626
1.21141
1.21609
1.22022
1.22374
1.22664
1.22894
1.23063
1.23173
1.23222
1.23212
1.23142
1.23015
1.22836
1.22615
1.22369
1.22121
1.21895
1.21717
1.21602
1.21556
1.21568
1.21618
1.21683
1.21742
1.21788
1.21828
1.21884
1.21983
1.22148
1.22384
1.22676
1.22996
1.23309
1.2359
1.23821
1.23998
1.24126
1.24215
1.24278
1.24327
1.24374
1.24425
1.24485
1.24556
1.24635
1.24718
1.24798
1.24867
1.24917
1.2494
1.24926
1.24867
1.24755
1.24583
1.24347
1.24048
1.23693
1.233
1.22896
1.22524
1.22231
1.22064
1.22055
1.22212
1.22515
1.22923
1.23383
1.2385
1.24293
1.24697
1.25059
1.25387
1.25686
1.25965
1.26225
1.26467
1.26685
1.26875
1.27032
1.27151
1.27227
1.27257
1.27239
1.27173
1.27056
1.26893
1.26687
1.26447
1.26187
1.25923
1.25674
1.25459
1.2529
1.25168
1.25084
1.25019
1.24951
1.2486
1.24743
1.2462
1.24531
1.24525
1.24642
1.24886
1.25231
1.25626
1.26017
1.26366
1.2665
1.26861
1.27002
1.27076
1.27088
1.27038
1.26928
1.26759
1.26535
1.26269
1.25978
1.25687
1.25419
1.25191
1.25003
1.24841
1.2468
1.24498
1.24282
1.24033
1.23771
1.23522
1.23318
1.23181
1.23128
1.23167
1.233
1.23526
1.23839
1.24226
1.24664
1.25123
1.25572
1.25984
1.26337
1.2662
1.26829
1.26966
1.27038
1.27051
1.27013
1.26932
1.26812
1.26661
1.26482
1.26279
1.26056
1.25816
1.25563
1.25299
1.25029
1.24762
1.24509
1.24288
1.24118
1.24019
1.24003
1.24072
1.2421
1.24394
1.24592
1.24773
1.2491
1.24984
1.24983
1.24903
1.24752
1.24545
1.24316
1.24104
1.23957
1.2391
1.23981
1.24161
1.2442
1.24717
1.25011
1.25272
1.2548
1.25626
1.25704
1.25713
1.25654
1.25526
1.25333
1.25082
1.24787
1.2447
1.24169
1.23928
1.23795
1.23806
1.23975
1.24287
1.24705
1.25181
1.25663
1.26103
1.26462
1.26701
1.26789
1.26698
1.26412
1.25932
1.25292
1.24562
1.23834
1.232
1.22703
1.2233
1.22028
1.21748
1.21479
1.21251
1.21118
1.21125
1.21289
1.21598
1.22013
1.22489
1.22977
1.23439
1.23845
1.2418
1.24444
1.24642
1.24787
1.24889
1.2496
1.25007
1.25035
1.25047
1.25044
1.25028
1.24999
1.24958
1.24906
1.24844
1.24773
1.24695
1.2461
1.24518
1.2442
1.24315
1.24203
1.24081
1.23948
1.23801
1.23639
1.2346
1.23264
1.23053
1.2283
1.22604
1.22386
1.2219
1.22028
1.21911
1.21847
1.21834
1.21864
1.21924
1.22
1.22075
1.22137
1.22176
1.22186
1.22165
1.22118
1.22052
1.21978
1.2191
1.21864
1.21848
1.21871
1.21931
1.22024
1.22139
1.22267
1.22398
1.22525
1.2264
1.22739
1.22817
1.22871
1.22901
1.22905
1.22888
1.22852
1.22806
1.22757
1.22714
1.22685
1.22674
1.22685
1.22715
1.22761
1.22815
1.2287
1.22917
1.22945
1.22944
1.22902
1.22808
1.22655
1.2244
1.2217
1.21861
1.21544
1.21258
1.21046
1.20946
1.20976
1.21136
1.21405
1.21748
1.22125
1.22502
1.22852
1.23156
1.23408
1.23605
1.23752
1.23856
1.23925
1.23966
1.23987
1.23991
1.23979
1.23947
1.23889
1.23793
1.23649
1.23446
1.23181
1.22865
1.22522
1.22196
1.21933
1.2177
1.21718
1.21753
1.21833
1.21908
1.21939
1.21913
1.21838
1.2175
1.21702
1.21746
1.21915
1.22207
1.22581
1.22979
1.23341
1.23624
1.23803
1.23872
1.23841
1.23733
1.23581
1.2343
1.23328
1.23315
1.23414
1.23627
1.23929
1.24288
1.24664
1.25029
1.25362
1.25653
1.25899
1.26099
1.26255
1.2637
1.26443
1.26474
1.26461
1.264
1.26285
1.26105
1.2585
1.25503
1.25047
1.24465
1.23749
1.22917
1.22025
1.21173
1.20471
1.19983
1.1968
1.19475
1.19322
1.19311
1.1962
1.20348
1.21401
1.22552
1.23601
1.24457
1.25119
1.25631
1.26041
1.26386
1.26686
1.26949
1.27175
1.27361
1.27501
1.27591
1.27625
1.27601
1.27521
1.27387
1.27209
1.27001
1.26784
1.2658
1.26416
1.26312
1.26282
1.26328
1.2644
1.26599
1.26783
1.26971
1.27146
1.27296
1.27416
1.27502
1.27555
1.27575
1.27561
1.27512
1.27423
1.27292
1.27117
1.26898
1.26643
1.26364
1.2608
1.25815
1.25591
1.25428
1.25335
1.25315
1.25359
1.2545
1.2557
1.25701
1.25824
1.25926
1.25994
1.26025
1.26017
1.2598
1.25929
1.25883
1.25863
1.25886
1.25961
1.26086
1.26249
1.26432
1.26615
1.2678
1.26913
1.27005
1.27051
1.27052
1.27009
1.26928
1.26813
1.26671
1.2651
1.26336
1.26156
1.25974
1.25794
1.25615
1.25433
1.2524
1.25024
1.24771
1.24471
1.24115
1.23709
1.23268
1.22829
1.22444
1.22171
1.22065
1.22156
1.22439
1.22871
1.23389
1.23921
1.24408
1.24809
1.25104
1.2529
1.25374
1.25372
1.25305
1.25195
1.25063
1.24928
1.24801
1.24687
1.24583
1.24477
1.24357
1.24207
1.24014
1.23773
1.23486
1.23169
1.2285
1.22567
1.22362
1.22272
1.22317
1.22497
1.22789
1.23155
1.23555
1.23951
1.24316
1.24636
1.24901
1.25109
1.25261
1.25359
1.25403
1.25395
1.25336
1.25226
1.25066
1.24862
1.24621
1.24353
1.24073
1.23801
1.23557
1.23361
1.23231
1.23177
1.23203
1.23303
1.23467
1.23679
1.23921
1.24177
1.24432
1.24672
1.24888
1.25071
1.25214
1.25306
1.25338
1.25295
1.25163
1.24923
1.24561
1.2407
1.23459
1.22759
1.22028
1.21346
1.20796
1.20446
1.20334
1.20458
1.20793
1.21295
1.21907
1.22564
1.23199
1.23754
1.24191
1.2449
1.24652
1.24692
1.2464
1.24536
1.24424
1.24346
1.24328
1.24376
1.24475
1.24596
1.24713
1.24813
1.24894
1.24968
1.25052
1.2516
1.25297
1.25459
1.25634
1.25807
1.25965
1.26101
1.26211
1.26296
1.26361
1.26409
1.26447
1.26479
1.26508
1.26538
1.26568
1.26598
1.26626
1.26649
1.26659
1.2665
1.26609
1.2652
1.26365
1.26117
1.25752
1.25248
1.24597
1.23825
1.22996
1.22218
1.21601
1.21222
1.21096
1.21187
1.21451
1.21857
1.22379
1.22985
1.23627
1.24245
1.24781
1.25188
1.25433
1.25497
1.25378
1.25084
1.24652
1.24147
1.2367
1.23338
1.23242
1.23406
1.2378
1.24269
1.24772
1.25219
1.25571
1.25814
1.2595
1.25985
1.25935
1.25818
1.25663
1.25507
1.2539
1.25348
1.25399
1.25542
1.25754
1.25997
1.26235
1.26436
1.26575
1.26636
1.26608
1.26481
1.26248
1.25902
1.25447
1.24903
1.24312
1.23738
1.23255
1.22919
1.22741
1.2269
1.22705
1.22732
1.22736
1.22713
1.22675
1.22643
1.22636
1.22672
1.22762
1.22912
1.23125
1.23395
1.23709
1.24046
1.24382
1.24697
1.24977
1.25213
1.25404
1.25556
1.25674
1.25764
1.25832
1.2588
1.25911
1.25923
1.25912
1.25876
1.25807
1.25702
1.25554
1.25363
1.25133
1.24873
1.24602
1.24345
1.2413
1.23977
1.23897
1.2388
1.23903
1.23933
1.23937
1.23888
1.23767
1.2357
1.23304
1.22992
1.22671
1.22386
1.22182
1.2209
1.22118
1.22251
1.22454
1.22689
1.22921
1.23124
1.23286
1.23405
1.23488
1.23545
1.23592
1.2364
1.23698
1.23768
1.23848
1.23929
1.24003
1.24065
1.24114
1.24157
1.24204
1.24264
1.24345
1.24449
1.24571
1.247
1.24823
1.24928
1.25004
1.25043
1.25043
1.25001
1.2492
1.24804
1.24658
1.2449
1.24307
1.24118
1.23932
1.23755
1.23592
1.23446
1.23316
1.23199
1.2309
1.22984
1.22876
1.22766
1.2266
1.22566
1.22496
1.22463
1.22473
1.22524
1.22607
1.22709
1.22815
1.22915
1.23006
1.23087
1.23165
1.23247
1.23338
1.23444
1.23566
1.23702
1.23848
1.24002
1.2416
1.24318
1.24476
1.24634
1.24792
1.24949
1.25104
1.25256
1.25401
1.25538
1.25663
1.25774
1.25869
1.25947
1.26007
1.26049
1.26072
1.26076
1.26059
1.26023
1.25965
1.25887
1.25786
1.25664
1.25521
1.25358
1.25176
1.24975
1.24757
1.24526
1.24291
1.2407
1.2389
1.23786
1.23789
1.2391
1.24137
1.24435
1.24759
1.25069
1.25341
1.25564
1.25737
1.25866
1.25956
1.26009
1.26028
1.2601
1.25953
1.25849
1.25692
1.25469
1.25168
1.2479
1.24357
1.23938
1.23642
1.2359
1.23843
1.24363
1.25025
1.25684
1.26226
1.26593
1.26771
1.26775
1.26629
1.26369
1.26031
1.25655
1.25282
1.2495
1.24693
1.2453
1.24468
1.24496
1.24594
1.24732
1.24884
1.25028
1.25153
1.25261
1.2536
1.25465
1.25591
1.25745
1.25925
1.2612
1.26313
1.26487
1.26626
1.26721
1.26769
1.2677
1.26732
1.26662
1.26571
1.26471
1.26373
1.26289
1.26229
1.26201
1.26207
1.26243
1.263
1.26362
1.26409
1.26419
1.26369
1.26236
1.26003
1.25663
1.25227
1.24735
1.24265
1.23923
1.23804
1.23959
1.24359
1.2492
1.25539
1.20543
1.21041
1.21442
1.21743
1.21951
1.22075
1.22126
1.22112
1.22042
1.21925
1.21768
1.21579
1.21366
1.21137
1.20901
1.20666
1.20442
1.20235
1.20051
1.19896
1.19772
1.19679
1.19617
1.19585
1.19581
1.19608
1.19664
1.19751
1.19869
1.20016
1.20186
1.20372
1.20562
1.20744
1.20906
1.21034
1.21119
1.2115
1.21123
1.21035
1.20888
1.20694
1.2047
1.20246
1.20053
1.19924
1.19878
1.19917
1.20025
1.20176
1.20336
1.20479
1.20587
1.20649
1.20661
1.20627
1.20551
1.20439
1.20299
1.20141
1.19972
1.19802
1.1964
1.19493
1.19367
1.19265
1.19186
1.1913
1.19092
1.19069
1.19055
1.19047
1.19044
1.19042
1.19042
1.19042
1.19044
1.19047
1.19054
1.19065
1.19082
1.19106
1.19135
1.19168
1.19203
1.19236
1.19264
1.19284
1.19293
1.19292
1.1928
1.19258
1.19227
1.19191
1.1915
1.19107
1.19062
1.19018
1.18976
1.18937
1.18905
1.18883
1.18875
1.18886
1.18919
1.18978
1.19065
1.19179
1.19315
1.19468
1.1963
1.19793
1.19948
1.20089
1.2021
1.20307
1.20378
1.20421
1.20437
1.20425
1.20389
1.20329
1.2025
1.20157
1.20055
1.19949
1.19844
1.19744
1.1965
1.19559
1.19468
1.19372
1.19268
1.19157
1.19047
1.18948
1.18874
1.18839
1.18849
1.18906
1.19001
1.19125
1.19262
1.19402
1.19533
1.19649
1.19746
1.1982
1.1987
1.19893
1.19884
1.19838
1.19752
1.19619
1.19442
1.19233
1.19019
1.18843
1.18759
1.18811
1.19019
1.19366
1.19806
1.20282
1.20745
1.21161
1.21513
1.21797
1.22018
1.22181
1.22295
1.22364
1.22391
1.22374
1.22311
1.22193
1.22009
1.21742
1.21372
1.20877
1.20231
1.19418
1.18429
1.1728
1.16022
1.14745
1.13575
1.12652
1.12097
1.11977
1.12291
1.12976
1.1394
1.15086
1.16325
1.17576
1.18767
1.19834
1.20739
1.21462
1.22008
1.22394
1.22643
1.22779
1.22823
1.22792
1.22698
1.22549
1.22348
1.22098
1.21803
1.21466
1.211
1.2072
1.20354
1.20028
1.19771
1.19598
1.19505
1.19471
1.19458
1.19421
1.19318
1.19119
1.18816
1.18423
1.17991
1.17595
1.17326
1.17262
1.17441
1.17842
1.18399
1.19021
1.19626
1.20156
1.20579
1.20888
1.21092
1.21206
1.21251
1.21249
1.21221
1.21185
1.21156
1.21144
1.21154
1.21182
1.21219
1.21257
1.21282
1.21286
1.21262
1.2121
1.21131
1.2103
1.20912
1.20779
1.20631
1.20469
1.20296
1.20129
1.19993
1.19923
1.19947
1.20074
1.20289
1.20559
1.20845
1.21117
1.21357
1.21562
1.21734
1.21875
1.21982
1.22049
1.22069
1.22039
1.21964
1.21858
1.21742
1.21637
1.21557
1.21505
1.21469
1.21423
1.21335
1.21169
1.20887
1.20459
1.19866
1.19121
1.18298
1.1754
1.17031
1.16891
1.17091
1.17468
1.17837
1.18117
1.1835
1.18647
1.19086
1.19654
1.20262
1.20813
1.21244
1.21546
1.21745
1.21879
1.21982
1.22079
1.22178
1.22278
1.22372
1.22453
1.22516
1.22559
1.22581
1.22585
1.22573
1.22548
1.22512
1.22468
1.22416
1.22356
1.22291
1.2222
1.22145
1.22066
1.21986
1.21907
1.21831
1.21761
1.21697
1.21638
1.21582
1.21521
1.21446
1.21345
1.21209
1.21035
1.20828
1.20615
1.20436
1.20343
1.20377
1.20556
1.20858
1.21233
1.21622
1.21972
1.22248
1.22435
1.2253
1.22543
1.22488
1.22381
1.22244
1.22093
1.21948
1.21821
1.21721
1.21654
1.21619
1.21618
1.21654
1.21735
1.21867
1.22057
1.22299
1.22581
1.22879
1.2317
1.23429
1.23637
1.23784
1.23863
1.23873
1.23811
1.23678
1.23472
1.23199
1.22865
1.22488
1.22094
1.21722
1.21415
1.21217
1.2116
1.21258
1.215
1.21852
1.22264
1.22685
1.23069
1.23381
1.23602
1.23725
1.23758
1.23714
1.2362
1.23502
1.2339
1.23308
1.2327
1.2328
1.23331
1.23408
1.23497
1.2358
1.23648
1.23695
1.23721
1.23732
1.23739
1.23755
1.23792
1.23856
1.23945
1.24047
1.24143
1.24208
1.24216
1.24141
1.2396
1.23654
1.23211
1.22632
1.21933
1.21163
1.20402
1.19757
1.19337
1.19217
1.19404
1.19832
1.20395
1.20979
1.21497
1.21897
1.22159
1.22287
1.22298
1.22219
1.22076
1.21896
1.21703
1.21514
1.21342
1.21192
1.21064
1.20959
1.20872
1.20802
1.20748
1.20708
1.20679
1.20657
1.20637
1.20613
1.20579
1.20531
1.20465
1.2038
1.20276
1.20151
1.20002
1.19827
1.19618
1.19373
1.19098
1.18813
1.18551
1.18357
1.18274
1.18324
1.185
1.18767
1.1908
1.19396
1.19684
1.19929
1.20128
1.20286
1.20409
1.20505
1.2058
1.2064
1.20688
1.20726
1.20752
1.20767
1.20768
1.20752
1.20715
1.20655
1.20568
1.20453
1.20312
1.20149
1.19971
1.19787
1.19609
1.19444
1.19301
1.19182
1.19089
1.19022
1.1898
1.18963
1.18968
1.18991
1.19025
1.19061
1.19093
1.19114
1.19119
1.19106
1.19078
1.19041
1.19009
1.19005
1.19047
1.19153
1.19324
1.19546
1.19792
1.20028
1.20226
1.20364
1.20433
1.20433
1.20374
1.20273
1.20153
1.20039
1.19955
1.19923
1.19954
1.20047
1.2019
1.20366
1.20551
1.20727
1.20877
1.2099
1.21061
1.21086
1.21063
1.20994
1.20882
1.20735
1.20565
1.20389
1.20229
1.2011
1.2005
1.20067
1.20163
1.20332
1.20558
1.2082
1.21095
1.21362
1.21607
1.21816
1.21983
1.22103
1.22173
1.22189
1.22147
1.22041
1.21864
1.21611
1.21281
1.20887
1.20463
1.20066
1.19775
1.19663
1.19764
1.20059
1.20477
1.20931
1.21343
1.21661
1.21862
1.21937
1.21893
1.21739
1.21492
1.21171
1.20802
1.20416
1.20047
1.19734
1.19509
1.19401
1.19425
1.19585
1.19869
1.20251
1.20701
1.21184
1.21668
1.22125
1.22536
1.22887
1.23169
1.2338
1.23519
1.2359
1.23596
1.23542
1.23434
1.23278
1.2308
1.22849
1.22593
1.22323
1.22049
1.21782
1.21535
1.21317
1.21139
1.21008
1.20932
1.20912
1.2095
1.21044
1.21187
1.2137
1.21581
1.2181
1.22041
1.22263
1.22466
1.22639
1.22776
1.22871
1.2292
1.22921
1.22869
1.22763
1.22597
1.22367
1.22066
1.21688
1.21234
1.20719
1.2018
1.19681
1.19308
1.19135
1.19198
1.19468
1.19872
1.2032
1.2074
1.21087
1.21345
1.21514
1.21605
1.2163
1.21603
1.21537
1.21442
1.21329
1.21205
1.21076
1.20949
1.20828
1.20716
1.20618
1.20536
1.20472
1.20426
1.20398
1.20389
1.20396
1.20417
1.20448
1.20487
1.20529
1.2057
1.20606
1.20636
1.20655
1.20665
1.20664
1.20655
1.20639
1.2062
1.20601
1.20586
1.20576
1.20573
1.20577
1.20587
1.20601
1.20615
1.20628
1.20638
1.20646
1.20654
1.20664
1.2068
1.20705
1.20738
1.20779
1.20824
1.20869
1.20907
1.20932
1.20938
1.2092
1.20871
1.20785
1.20656
1.20476
1.2024
1.19943
1.19583
1.19167
1.18712
1.18249
1.17817
1.1746
1.17211
1.1708
1.17055
1.17108
1.17214
1.17358
1.17536
1.17746
1.17981
1.18228
1.18475
1.18714
1.18947
1.19181
1.19429
1.19696
1.19979
1.2027
1.20552
1.20808
1.21023
1.21188
1.21297
1.21352
1.21355
1.21312
1.21229
1.2111
1.20961
1.20785
1.20588
1.20379
1.20171
1.19984
1.19836
1.19746
1.19725
1.19774
1.19886
1.20046
1.2024
1.20451
1.20669
1.20884
1.21089
1.2128
1.21453
1.21606
1.21739
1.21849
1.21939
1.22008
1.22058
1.22091
1.22107
1.22109
1.22096
1.22071
1.22034
1.21989
1.21936
1.2188
1.21824
1.21774
1.21737
1.21718
1.21726
1.21765
1.21841
1.21952
1.22096
1.22263
1.22441
1.22613
1.2276
1.2286
1.22894
1.22843
1.2269
1.22424
1.22042
1.2155
1.20967
1.20324
1.19666
1.19045
1.18515
1.18135
1.17953
1.17999
1.18273
1.18733
1.19309
1.19919
1.20495
1.20987
1.21373
1.21643
1.218
1.21849
1.218
1.21662
1.21446
1.21164
1.20834
1.20479
1.2013
1.19823
1.19595
1.19475
1.19477
1.19595
1.19805
1.20073
1.20365
1.20651
1.20911
1.21129
1.21297
1.21408
1.21461
1.21455
1.21395
1.21285
1.21134
1.20948
1.20734
1.20497
1.2024
1.19961
1.19662
1.19346
1.19025
1.1872
1.18461
1.18282
1.18215
1.18278
1.18471
1.18777
1.19163
1.19589
1.20016
1.20411
1.20751
1.21026
1.21234
1.2138
1.21469
1.21512
1.21515
1.21483
1.21417
1.21317
1.21178
1.20995
1.20764
1.20487
1.20173
1.19843
1.19534
1.19284
1.19126
1.19068
1.19097
1.19184
1.19304
1.19447
1.19624
1.19852
1.20143
1.20487
1.20856
1.21209
1.21509
1.21723
1.21828
1.21813
1.2167
1.214
1.21018
1.20553
1.20053
1.19583
1.19209
1.18973
1.18876
1.1888
1.18921
1.18934
1.18874
1.1872
1.18479
1.18181
1.1787
1.176
1.17417
1.1735
1.17406
1.1757
1.17817
1.18121
1.18454
1.188
1.19143
1.19475
1.19788
1.20081
1.20353
1.20608
1.20847
1.2107
1.21275
1.21453
1.21591
1.21673
1.2168
1.21593
1.21398
1.21087
1.20661
1.20143
1.19576
1.19027
1.18577
1.18304
1.18253
1.18425
1.18773
1.19218
1.19678
1.20087
1.20404
1.20611
1.20706
1.20697
1.20594
1.20411
1.20164
1.19873
1.19563
1.1926
1.18988
1.18765
1.18593
1.1846
1.18345
1.18222
1.1807
1.17878
1.17646
1.17384
1.17108
1.16838
1.16587
1.16367
1.1618
1.16025
1.15901
1.15813
1.15769
1.15788
1.15887
1.16079
1.16363
1.16725
1.17133
1.17552
1.17944
1.18281
1.18541
