1.38823
1.34832
1.28183
1.19068
1.0783
0.950365
0.81517
0.683422
0.566963
0.476361
0.418331
0.394076
0.399412
0.426507
0.466156
0.509725
0.550343
0.583335
0.606167
0.618129
0.619916
0.613255
0.600519
0.584377
0.567539
0.552462
0.541265
0.535731
0.537292
0.546956
0.565142
0.591449
0.62443
0.661611
0.699835
0.735805
0.766688
0.790459
0.806124
0.813751
0.814418
0.809919
0.802364
0.793852
0.785957
0.77952
0.774618
0.770781
0.76729
0.763509
0.758975
0.753431
0.746776
0.739081
0.730606
0.721787
0.713358
0.706295
0.701715
0.700572
0.70341
0.709976
0.719241
0.729741
0.74009
0.749464
0.757688
0.764987
0.771597
0.777394
0.781987
0.784867
0.785752
0.784635
0.781805
0.777623
0.772421
0.76628
0.759067
0.750696
0.741508
0.732379
0.724593
0.719411
0.717294
0.717514
0.718429
0.718081
0.714871
0.707937
0.697293
0.68383
0.66915
0.655226
0.643915
0.63658
0.63396
0.636147
0.642724
0.652904
0.665509
0.679003
0.691489
0.701005
0.705853
0.704935
0.698048
0.68596
0.670323
0.653465
0.638056
0.626833
0.622127
0.625415
0.637194
0.656819
0.682717
0.712615
0.743915
0.773991
0.800502
0.821673
0.836422
0.84447
0.846325
0.843124
0.836417
0.827943
0.819147
0.810797
0.802779
0.79429
0.784457
0.772919
0.760102
0.746951
0.734341
0.722645
0.711848
0.701885
0.692788
0.684634
0.677431
0.671164
0.665828
0.661752
0.659566
0.660076
0.663883
0.671108
0.681281
0.693542
0.706919
0.720577
0.733873
0.746216
0.756967
0.765208
0.769756
0.769412
0.763383
0.751879
0.736455
0.719823
0.705108
0.69457
0.688601
0.685838
0.684452
0.683454
0.683106
0.684415
0.688347
0.69515
0.704212
0.714394
0.724593
0.733957
0.741938
0.748097
0.752102
0.753858
0.753625
0.752015
0.750024
0.748709
0.748892
0.750833
0.754168
0.757984
0.761208
0.762984
0.762885
0.761018
0.75779
0.753523
0.748462
0.742895
0.737288
0.732208
0.728226
0.725647
0.72454
0.724682
0.725578
0.726563
0.727075
0.726799
0.725777
0.72429
0.722809
0.721981
0.722282
0.723865
0.726582
0.729917
0.733201
0.735883
0.737727
0.738829
0.739603
0.740427
0.741209
0.741275
0.739516
0.734981
0.727414
0.717377
0.706337
0.69625
0.68899
0.685801
0.68695
0.691673
0.69842
0.705335
0.710593
0.712887
0.711523
0.706499
0.69841
0.688328
0.677712
0.668266
0.661891
0.660333
0.664782
0.675473
0.691479
0.710967
0.731642
0.751326
0.768362
0.781733
0.790943
0.795987
0.797175
0.794947
0.789845
0.782532
0.773656
0.763946
0.754034
0.744482
0.735541
0.727218
0.71943
0.712265
0.706286
0.702642
0.702688
0.707363
0.716439
0.728263
0.74014
0.749264
0.753668
0.752831
0.74779
0.740719
0.73412
0.729847
0.728664
0.730027
0.732568
0.734748
0.735432
0.734252
0.731622
0.728374
0.725317
0.722784
0.720548
0.718094
0.715068
0.71164
0.708602
0.707148
0.708334
0.712454
0.71861
0.725078
0.730054
0.732202
0.730948
0.726469
0.719509
0.711025
0.701925
0.692901
0.684457
0.677017
0.671038
0.666999
0.665377
0.66664
0.67106
0.678522
0.688568
0.700527
0.713636
0.727118
0.74004
0.751338
0.759775
0.764201
0.76399
0.759414
0.751813
0.743124
0.735207
0.729316
0.725875
0.724813
0.72582
0.728484
0.732385
0.737099
0.742172
0.747056
0.751128
0.753616
0.753672
0.750489
0.743708
0.733586
0.721138
0.707986
0.695966
0.686671
0.681112
0.679499
0.681288
0.685339
0.690234
0.694638
0.697779
0.699658
0.70075
0.701621
0.70257
0.703636
0.704917
0.706832
0.710058
0.715152
0.722236
0.730755
0.739532
0.747175
0.752542
0.754977
0.75433
0.7508
0.744742
0.73674
0.727965
0.720382
0.716182
0.716525
0.720844
0.727365
0.734314
0.740695
0.746274
0.751313
0.756208
0.761319
0.76662
0.771568
0.775287
0.776826
0.775543
0.771169
0.763564
0.75273
0.738901
0.722782
0.705766
0.689794
0.676902
0.668696
0.665937
0.668622
0.676201
0.687646
0.701694
0.716707
0.730745
0.741936
0.749043
0.751863
0.751191
0.748235
0.74388
0.738475
0.732092
0.724989
0.717659
0.710774
0.705001
0.70088
0.698801
0.699034
0.701613
0.7062
0.712073
0.718234
0.72361
0.727301
0.728873
0.728299
0.725955
0.722522
0.718699
0.714875
0.711225
0.707687
0.704196
0.700791
0.697691
0.695195
0.693563
0.692991
0.693512
0.695052
0.697531
0.700864
0.70502
0.710025
0.715946
0.722783
0.73037
0.738155
0.745203
0.75027
0.752104
0.749638
0.742352
0.730549
0.715363
0.698806
0.683385
0.671677
0.665822
0.667083
0.675485
0.689842
0.708117
0.727914
0.747123
0.76436
0.779124
0.791519
0.801732
0.809693
0.815015
0.817109
0.815623
0.810596
0.802363
0.791447
0.778519
0.764238
0.749287
0.734268
0.719808
0.706446
0.694629
0.684884
0.677944
0.674865
0.676775
0.684152
0.696197
0.710568
0.724058
0.733625
0.737335
0.734705
0.726594
0.714739
0.701385
0.688886
0.679343
0.674433
0.675279
0.682131
0.694184
0.709524
0.725485
0.739166
0.748025
0.750519
0.746496
0.737613
0.727079
0.718572
0.714467
0.714798
0.718138
0.723038
0.728619
0.734487
0.740259
0.745421
0.749413
0.751921
0.752632
0.751147
0.746878
0.739467
0.729437
0.718446
0.709128
0.704063
0.704871
0.711574
0.722604
0.735396
0.74725
0.755848
0.75969
0.758099
0.751204
0.739953
0.726093
0.712062
0.700605
0.694157
0.694053
0.699999
0.710304
0.722707
0.735099
0.746027
0.754705
0.760962
0.765055
0.76756
0.76911
0.770138
0.770672
0.770394
0.768858
0.765696
0.760719
0.75387
0.745121
0.734364
0.721638
0.707458
0.693179
0.680965
0.673242
0.671619
0.676074
0.684913
0.695418
0.704799
0.710756
0.71183
0.707495
0.69831
0.686013
0.67332
0.663336
0.658609
0.660475
0.668848
0.682656
0.700486
0.720906
0.742486
0.763725
0.783
0.798661
0.809357
0.814271
0.813302
0.807199
0.797317
0.78528
0.772616
0.760536
0.749787
0.740697
0.732972
0.725876
0.718412
0.70964
0.69915
0.687268
0.675084
0.664196
0.656232
0.652361
0.653054
0.658144
0.667062
0.679253
0.694151
0.711067
0.72893
0.746079
0.760539
0.770318
0.773881
0.770467
0.760319
0.744719
0.725692
0.705653
0.687047
0.671978
0.662005
0.65795
0.659884
0.667257
0.678961
0.693728
0.710379
0.727877
0.745353
0.762021
0.776992
0.789349
0.7983
0.803378
0.804625
0.802601
0.798273
0.79273
0.786986
0.781689
0.776787
0.771488
0.764556
0.754706
0.741057
0.723484
0.702767
0.680601
0.659456
0.642086
0.630833
0.626905
0.630056
0.638848
0.651293
0.665491
0.67997
0.693904
0.707117
0.719887
0.732589
0.745344
0.757661
0.768455
0.776407
0.780439
0.780183
0.776053
0.76913
0.760882
0.752651
0.745501
0.740211
0.737351
0.73726
0.740119
0.745774
0.753411
0.761476
0.767913
0.77083
0.769093
0.762437
0.751576
0.738052
0.723893
0.711225
0.701724
0.696385
0.695406
0.69827
0.703944
0.711104
0.718337
0.724424
0.728386
0.72952
0.727426
0.721962
0.713372
0.702448
0.690728
0.680508
0.674076
0.672745
0.676475
0.684285
0.694801
0.706499
0.717809
0.727361
0.734278
0.738213
0.739284
0.737938
0.734788
0.73061
0.726143
0.722004
0.718761
0.716921
0.716959
0.719076
0.723067
0.728235
0.733454
0.737508
0.739444
0.738851
0.735942
0.731478
0.726609
0.72257
0.72037
0.720644
0.723504
0.728464
0.734552
0.740418
0.744626
0.746072
0.744204
0.739128
0.73148
0.722165
0.712263
0.703106
0.696385
0.693998
0.697536
0.707711
0.723999
0.74464
0.766965
0.788022
0.805126
0.816029
0.819111
0.813423
0.798883
0.776493
0.748317
0.717186
0.686319
0.658701
0.63691
0.623052
0.618454
0.623315
0.636469
0.655608
0.67788
0.700378
0.720528
0.736362
0.746682
0.751132
0.75022
0.74507
0.737321
0.728981
0.722135
0.71856
0.719165
0.7238
0.731516
0.741096
0.751592
0.762323
0.772953
0.78325
0.792908
0.801354
0.807688
0.810873
0.809957
0.804365
0.794169
0.78002
0.763019
0.744582
0.726197
0.709326
0.695101
0.683933
0.675539
0.669357
0.665156
0.663387
0.665007
0.670902
0.681179
0.694795
0.709695
0.723358
0.733551
0.73893
0.739339
0.735524
0.728694
0.720027
0.71043
0.700475
0.690652
0.681522
0.673796
0.668349
0.666095
0.667712
0.673334
0.68249
0.694169
0.706982
0.719542
0.730874
0.740542
0.748647
0.755441
0.761039
0.76528
0.767781
0.768258
0.766749
0.763673
0.759905
0.756358
0.75362
0.751633
0.749625
0.746332
0.740561
0.731702
0.720026
0.706761
0.693812
0.683223
0.676543
0.674445
0.676837
0.683185
0.692973
0.705724
0.720986
0.738079
0.755859
0.772659
0.78644
0.79527
0.797804
0.793863
0.784634
0.77243
0.759933
0.749319
0.741695
0.737279
0.735879
0.737266
0.741282
0.747662
0.755611
0.763614
0.769836
0.772644
0.770993
0.7646
0.753719
0.738943
0.721351
0.702574
0.68474
0.670044
0.660241
0.656192
0.657837
0.664457
0.674954
0.688092
0.702617
0.717248
0.730773
0.742053
0.749957
0.753363
0.751565
0.74464
0.733542
0.719974
0.706073
0.69393
0.685081
0.68047
0.680563
0.685372
0.6945
0.706993
0.721395
0.735926
0.748942
0.759172
0.766016
0.769636
0.770797
0.770388
0.768988
0.766781
0.763784
0.760053
0.755804
0.751261
0.746552
0.741526
0.735993
0.729811
0.723116
0.716353
0.710158
0.705177
0.701856
0.700296
0.700196
0.700862
0.701302
0.700468
0.69765
0.692725
0.686318
0.679601
0.67387
0.670045
0.668387
0.668565
0.670113
0.672711
0.676278
0.680861
0.68635
0.69239
0.698389
0.703683
0.707837
0.710924
0.713695
0.717351
0.723003
0.731253
0.741911
0.754002
0.766104
0.776677
0.784386
0.788224
0.787569
0.782217
0.772517
0.759366
0.744363
0.72963
0.717534
0.710191
0.708957
0.714156
0.724856
0.738979
0.753695
1.40791
1.39246
1.3518
1.28853
1.20933
1.12452
1.04595
0.983489
0.942555
0.923909
0.925094
0.942089
0.970751
1.00732
1.04813
1.08902
1.12539
1.1529
1.1684
1.17052
1.15946
1.13673
1.10512
1.06845
1.03128
0.998188
0.972777
0.957057
0.951177
0.953855
0.962975
0.975984
0.99018
1.00305
1.01272
1.01845
1.02073
1.02116
1.02201
1.02552
1.03328
1.04579
1.06222
1.08052
1.09795
1.11187
1.12038
1.12267
1.11865
1.10856
1.09289
1.07272
1.05019
1.02837
1.01062
0.999291
0.994865
0.996137
1.00134
1.00914
1.01887
1.03015
1.0426
1.05579
1.06947
1.08359
1.0978
1.11122
1.12257
1.13062
1.13458
1.13444
1.13116
1.12608
1.1204
1.1147
1.10932
1.10487
1.10213
1.10162
1.10291
1.1043
1.10313
1.09701
1.08516
1.06889
1.05067
1.03268
1.01638
1.0028
0.992879
0.987306
0.986361
0.989986
0.997879
1.00935
1.02296
1.03685
1.04926
1.05905
1.06591
1.07009
1.07214
1.07295
1.07403
1.07741
1.08467
1.09532
1.10647
1.11391
1.11424
1.10623
1.09146
1.0736
1.05662
1.04286
1.03285
1.02704
1.02702
1.03399
1.04632
1.06013
1.07213
1.08128
1.08794
1.09269
1.09514
1.09395
1.08773
1.07641
1.06194
1.04763
1.03655
1.03037
1.02951
1.0336
1.04177
1.05302
1.06629
1.08067
1.09526
1.10904
1.12063
1.12869
1.13244
1.1321
1.12872
1.12338
1.11632
1.10684
1.09396
1.07736
1.05802
1.03787
1.01904
1.00306
0.990446
0.980696
0.973017
0.967482
0.966114
0.97226
0.988114
1.01245
1.04114
1.06981
1.09559
1.11701
1.13344
1.14485
1.15161
1.15408
1.15264
1.14781
1.14026
1.13079
1.12005
1.1086
1.09708
1.08651
1.0777
1.07048
1.06341
1.05478
1.04408
1.03234
1.02156
1.01328
1.0079
1.00518
1.00525
1.00884
1.01656
1.02767
1.03991
1.05005
1.055
1.0528
1.04353
1.02982
1.01642
1.00854
1.00956
1.01949
1.03543
1.05366
1.07132
1.08701
1.10067
1.11294
1.12449
1.13565
1.14627
1.15545
1.16143
1.16204
1.1557
1.14249
1.12464
1.1061
1.09125
1.08303
1.0818
1.08568
1.09201
1.09847
1.10294
1.10278
1.09506
1.07758
1.05047
1.01669
0.981627
0.951809
0.933025
0.928385
0.937476
0.957103
0.983001
1.01146
1.04001
1.06718
1.0919
1.11325
1.13035
1.14258
1.14975
1.15199
1.14959
1.14268
1.13133
1.11577
1.09684
1.07616
1.05584
1.03806
1.02449
1.01585
1.01179
1.0113
1.01309
1.01612
1.01969
1.02351
1.02758
1.03214
1.03739
1.04319
1.04891
1.05387
1.05781
1.06089
1.06319
1.06438
1.06377
1.06092
1.05636
1.05164
1.04899
1.05024
1.05577
1.06404
1.07205
1.07668
1.07578
1.06909
1.0579
1.04447
1.03142
1.0212
1.01558
1.01509
1.01897
1.02515
1.03094
1.0341
1.03392
1.03179
1.03104
1.03611
1.05093
1.07683
1.1113
1.14849
1.18178
1.20609
1.21865
1.21863
1.20646
1.18359
1.15236
1.11602
1.07881
1.0455
1.02068
1.00795
1.00884
1.02217
1.04394
1.06864
1.09113
1.10801
1.1178
1.12019
1.11559
1.10489
1.08952
1.07148
1.05298
1.03597
1.02226
1.01344
1.01079
1.01487
1.02488
1.03889
1.05439
1.06905
1.08106
1.0889
1.09107
1.08618
1.07344
1.05301
1.02637
0.996182
0.966116
0.940447
0.923427
0.918472
0.927368
0.949907
0.983642
1.02422
1.06635
1.10501
1.13622
1.15743
1.16754
1.1668
1.15694
1.14128
1.12443
1.11069
1.10204
1.09722
1.09298
1.0865
1.07702
1.06621
1.05705
1.05195
1.05119
1.0529
1.05448
1.05444
1.05343
1.05375
1.05805
1.06756
1.08171
1.09876
1.11689
1.13452
1.1503
1.16263
1.16972
1.16981
1.16165
1.14474
1.11955
1.08768
1.05225
1.01759
0.988169
0.9669
0.954174
0.948345
0.947516
0.951041
0.959549
0.973691
0.992977
1.01559
1.03929
1.06238
1.08401
1.10368
1.12076
1.13428
1.14317
1.14647
1.1435
1.13423
1.11985
1.10285
1.08665
1.07431
1.06703
1.06363
1.06156
1.05855
1.05407
1.04932
1.046
1.04498
1.04576
1.04735
1.04914
1.05105
1.05283
1.05348
1.05181
1.04727
1.04065
1.03426
1.03158
1.03592
1.04848
1.06731
1.08894
1.11101
1.13311
1.1554
1.17677
1.1942
1.20354
1.20124
1.18612
1.16039
1.12952
1.10006
1.07696
1.06182
1.05341
1.04949
1.04813
1.04787
1.04726
1.04473
1.03872
1.02823
1.01369
0.99708
0.981648
0.970909
0.967781
0.974128
0.99021
1.01435
1.04295
1.07135
1.09535
1.11216
1.12067
1.12116
1.11485
1.10371
1.09041
1.0781
1.06988
1.0678
1.07177
1.07918
1.0862
1.08974
1.08829
1.08174
1.07056
1.05578
1.03899
1.02244
1.00887
1.00102
1.00108
1.01017
1.0281
1.05314
1.08229
1.11177
1.13775
1.15709
1.16804
1.17054
1.1659
1.15599
1.14245
1.12652
1.109
1.09053
1.07204
1.05483
1.04001
1.02782
1.0178
1.00952
1.00329
1.00039
1.00282
1.01286
1.03213
1.06016
1.09369
1.12739
1.1559
1.17572
1.18549
1.18546
1.17653
1.16013
1.13794
1.11169
1.08301
1.05332
1.02407
0.996847
0.973458
0.95582
0.945654
0.943962
0.950786
0.965342
0.986032
1.0107
1.0367
1.06122
1.08165
1.09601
1.10339
1.10416
1.09993
1.09328
1.08725
1.0844
1.086
1.09177
1.10055
1.1112
1.12245
1.1313
1.13284
1.12305
1.10173
1.0732
1.04509
1.02588
1.02164
1.03329
1.05648
1.0837
1.10709
1.12052
1.12071
1.10737
1.08317
1.05263
1.02065
0.991255
0.96709
0.949742
0.940527
0.940639
0.950386
0.967984
0.989374
1.00958
1.02495
1.03485
1.04207
1.05153
1.06709
1.0885
1.1113
1.12997
1.1411
1.1443
1.1408
1.13161
1.11734
1.09949
1.08122
1.06669
1.05938
1.06084
1.07017
1.08431
1.09908
1.11049
1.11599
1.11501
1.10873
1.09917
1.08823
1.07695
1.06547
1.0533
1.03989
1.02494
1.00875
0.992158
0.976448
0.962767
0.951808
0.943929
0.939648
0.939766
0.945133
0.956162
0.972608
0.993583
1.01776
1.04363
1.06984
1.09522
1.11884
1.13988
1.15745
1.17065
1.17868
1.18133
1.17905
1.1729
1.16392
1.15265
1.13928
1.1243
1.10871
1.09385
1.08083
1.07022
1.06204
1.05609
1.05223
1.05066
1.05216
1.05763
1.06721
1.07929
1.09049
1.09678
1.09509
1.08453
1.06715
1.04778
1.03227
1.02524
1.02845
1.04116
1.0611
1.08496
1.10839
1.1265
1.1352
1.13273
1.1203
1.10162
1.08141
1.06395
1.05291
1.05145
1.06137
1.08121
1.10573
1.12793
1.14206
1.1459
1.14105
1.13086
1.1176
1.10121
1.08024
1.05372
1.02231
0.988468
0.956454
0.931858
0.920204
0.924521
0.943368
0.971344
1.00175
1.02945
1.05205
1.06983
1.08457
1.09844
1.11284
1.1276
1.14126
1.15196
1.15823
1.15926
1.1546
1.14397
1.12757
1.10636
1.08239
1.05892
1.04009
1.03004
1.03137
1.04381
1.06403
1.0865
1.10502
1.1144
1.11215
1.09933
1.07985
1.059
1.04173
1.03115
1.02793
1.03076
1.03762
1.04718
1.05893
1.07259
1.0875
1.10287
1.11824
1.13322
1.14687
1.15744
1.16292
1.16177
1.15313
1.13694
1.11408
1.08664
1.05796
1.03166
1.01065
0.996444
0.98917
0.987756
0.99022
0.994291
0.998023
1.00038
1.00163
1.0033
1.00758
1.01624
1.02973
1.0469
1.06577
1.08468
1.10269
1.11961
1.13529
1.14877
1.15802
1.15999
1.15167
1.13097
1.09752
1.05329
1.00271
0.952419
0.91035
0.883998
0.878277
0.894064
0.928368
0.975737
1.02993
1.08493
1.13541
1.17703
1.20706
1.22487
1.23199
1.2315
1.22605
1.21643
1.20165
1.18056
1.15333
1.122
1.0903
1.06311
1.04534
1.0404
1.04867
1.06694
1.08951
1.11032
1.12486
1.13107
1.12909
1.12037
1.10683
1.09035
1.07251
1.05439
1.03645
1.0187
1.00087
0.982991
0.965695
0.950346
0.938612
0.931802
0.930345
0.933709
0.940817
0.950704
0.963116
0.978866
0.999504
1.02593
1.05724
1.0904
1.12115
1.14574
1.16214
1.17043
1.17236
1.17061
1.16801
1.16681
1.16814
1.17148
1.17483
1.17574
1.17265
1.1658
1.15705
1.14827
1.13993
1.13082
1.11905
1.10374
1.08542
1.06557
1.0458
1.0272
1.01037
0.99556
0.982856
0.972085
0.962906
0.95534
0.950515
0.950832
0.959316
0.977895
1.00561
1.03842
1.07069
1.09741
1.11573
1.12532
1.12781
1.12581
1.12193
1.11805
1.11514
1.11337
1.11254
1.11212
1.11127
1.10882
1.10365
1.09519
1.08389
1.07078
1.05658
1.04123
1.02428
1.00605
0.98848
0.974604
0.967473
0.968646
0.977604
0.991943
1.00833
1.0239
1.03712
1.04817
1.05846
1.06948
1.08168
1.09393
1.10392
1.10949
1.11021
1.10803
1.10657
1.10943
1.11815
1.13147
1.14591
1.15737
1.16273
1.16072
1.15183
1.13799
1.12194
1.10659
1.09408
1.08506
1.07852
1.07277
1.06626
1.05781
1.04663
1.03227
1.01507
0.996554
0.979651
0.968276
0.966318
0.976293
0.998365
1.03001
1.06642
1.10172
1.13034
1.14805
1.1524
1.14282
1.12065
1.08893
1.05195
1.01415
0.979271
0.950285
0.929974
0.920978
0.925073
0.942147
0.969887
1.00435
1.0412
1.07647
1.10695
1.13021
1.14481
1.15095
1.15062
1.14719
1.14395
1.14242
1.14144
1.1383
1.13091
1.11947
1.10658
1.09557
1.08853
1.0854
1.08445
1.08339
1.08046
1.07518
1.06878
1.06387
1.0634
1.06927
1.08141
1.09789
1.11548
1.13057
1.13971
1.14007
1.12996
1.10924
1.07955
1.04421
1.00771
0.974862
0.949762
0.935124
0.931852
0.93919
0.954892
0.975849
1.41981
1.42618
1.41727
1.39403
1.35844
1.3139
1.26589
1.22206
1.19069
1.1778
1.18542
1.21169
1.25213
1.30011
1.34749
1.38715
1.41523
1.43105
1.43588
1.43156
1.42003
1.40303
1.38189
1.35749
1.33031
1.30073
1.26952
1.23879
1.21239
1.19502
1.18968
1.19531
1.20665
1.21702
1.22159
1.21859
1.20883
1.19484
1.18006
1.16802
1.16164
1.1625
1.17002
1.18187
1.19631
1.21515
1.24276
1.27952
1.31867
1.35162
1.37373
1.38466
1.38609
1.37992
1.36765
1.35002
1.32698
1.2983
1.26485
1.23024
1.20087
1.18246
1.17563
1.17543
1.17513
1.17028
1.16032
1.14809
1.13805
1.13411
1.13839
1.15102
1.1703
1.19295
1.21517
1.23404
1.24816
1.25742
1.26277
1.26602
1.26957
1.27628
1.28884
1.30895
1.33657
1.36966
1.40454
1.43678
1.46248
1.47907
1.48576
1.48267
1.47004
1.44806
1.41792
1.38318
1.34974
1.32381
1.30914
1.30555
1.30953
1.31677
1.32357
1.32673
1.3233
1.31179
1.29413
1.27519
1.26034
1.25221
1.24998
1.25134
1.25477
1.26021
1.26783
1.27708
1.28644
1.29393
1.29789
1.29734
1.29207
1.28247
1.26926
1.25362
1.23685
1.21972
1.20188
1.18215
1.15976
1.13576
1.11351
1.09763
1.09229
1.09966
1.11936
1.14866
1.18332
1.21878
1.25107
1.27723
1.29562
1.30591
1.3094
1.30937
1.31069
1.31798
1.33266
1.35211
1.37216
1.38932
1.40141
1.4076
1.4083
1.40439
1.39654
1.38497
1.37013
1.35325
1.33663
1.32357
1.31774
1.32122
1.3322
1.34454
1.35131
1.34896
1.3389
1.32576
1.3142
1.3063
1.30105
1.29616
1.29004
1.28253
1.27466
1.26779
1.26282
1.25998
1.25959
1.26238
1.26894
1.27856
1.28929
1.29931
1.30782
1.31461
1.31918
1.32094
1.32037
1.31935
1.3197
1.32091
1.31965
1.31169
1.29531
1.27297
1.25049
1.23385
1.2265
1.22849
1.23735
1.24953
1.26161
1.27106
1.27628
1.27659
1.27206
1.26352
1.25253
1.24119
1.23151
1.22458
1.22087
1.22116
1.22729
1.24138
1.26423
1.29454
1.32915
1.36412
1.39519
1.41835
1.43031
1.42928
1.4161
1.39501
1.37273
1.35564
1.34679
1.34536
1.34785
1.35005
1.34839
1.34071
1.32652
1.30704
1.28523
1.2662
1.25615
1.25907
1.27363
1.29385
1.3128
1.32541
1.3291
1.32324
1.30876
1.28813
1.26462
1.24086
1.21813
1.19764
1.1815
1.17219
1.17144
1.17984
1.19698
1.22156
1.25161
1.28483
1.31858
1.34984
1.37527
1.39175
1.39707
1.39126
1.37742
1.36075
1.3453
1.33068
1.31402
1.29401
1.27198
1.25043
1.23188
1.21902
1.21463
1.22035
1.23495
1.25383
1.27115
1.28296
1.28874
1.29126
1.2948
1.30318
1.31834
1.33956
1.36356
1.38603
1.40377
1.41611
1.42428
1.42906
1.42928
1.42251
1.40736
1.38476
1.35712
1.32628
1.29279
1.25703
1.22094
1.18862
1.16502
1.15391
1.15656
1.17142
1.19453
1.22065
1.24525
1.26627
1.28428
1.30138
1.31948
1.33895
1.35772
1.37166
1.37626
1.36879
1.34976
1.32293
1.29431
1.27023
1.25508
1.25
1.2535
1.26325
1.277
1.29169
1.30301
1.30669
1.30119
1.28906
1.27644
1.26956
1.27099
1.27826
1.2863
1.29074
1.28981
1.28429
1.27612
1.26696
1.25755
1.24859
1.2415
1.23798
1.23895
1.24428
1.25297
1.26367
1.27512
1.28631
1.29695
1.30742
1.31852
1.33086
1.34396
1.35604
1.36491
1.36928
1.3697
1.36837
1.36781
1.36914
1.37079
1.36886
1.35924
1.34028
1.31442
1.28774
1.26755
1.25919
1.26405
1.2796
1.30079
1.32199
1.33809
1.3452
1.34147
1.3281
1.30916
1.29
1.27472
1.26486
1.25927
1.25523
1.24954
1.24005
1.22709
1.21369
1.20436
1.20296
1.21112
1.22778
1.24988
1.27323
1.29358
1.30738
1.31244
1.30883
1.29918
1.28805
1.28066
1.28089
1.28938
1.30228
1.31195
1.31046
1.29464
1.26962
1.24877
1.24747
1.27313
1.32001
1.37446
1.42307
1.45684
1.47116
1.46543
1.44255
1.40827
1.36974
1.33357
1.30414
1.28288
1.26833
1.25725
1.24655
1.23498
1.22381
1.21644
1.2172
1.22971
1.25489
1.2892
1.32483
1.35296
1.36779
1.36834
1.35783
1.34147
1.32424
1.30977
1.30041
1.29782
1.30265
1.31355
1.32732
1.34039
1.35021
1.35562
1.35601
1.35038
1.33725
1.31536
1.28526
1.25024
1.21562
1.18733
1.17119
1.1722
1.19092
1.22116
1.25412
1.28406
1.30896
1.32803
1.34037
1.34578
1.34551
1.34173
1.33624
1.32992
1.32335
1.31768
1.31494
1.31683
1.32283
1.33061
1.33821
1.34547
1.353
1.36059
1.36646
1.36796
1.36294
1.35081
1.3327
1.31045
1.28547
1.25857
1.23103
1.20603
1.18885
1.18478
1.19648
1.22253
1.25787
1.29581
1.32945
1.35265
1.36152
1.35537
1.3363
1.30774
1.27446
1.24377
1.22514
1.22536
1.24316
1.27028
1.29757
1.31893
1.33173
1.33648
1.33652
1.33647
1.33975
1.34684
1.3551
1.35989
1.35658
1.3424
1.31767
1.2862
1.25452
1.23034
1.22034
1.22719
1.24781
1.27509
1.30195
1.32379
1.33872
1.34624
1.34654
1.34051
1.32941
1.31408
1.2947
1.27158
1.24672
1.22446
1.21036
1.20886
1.22134
1.24579
1.27765
1.31128
1.34146
1.36447
1.37859
1.38379
1.38131
1.37293
1.36038
1.34462
1.32547
1.30176
1.2723
1.2375
1.20125
1.17136
1.15732
1.16482
1.19128
1.22732
1.26276
1.29104
1.31002
1.32076
1.32594
1.32842
1.32953
1.32815
1.32224
1.31116
1.29682
1.28297
1.27332
1.27013
1.27344
1.28187
1.29378
1.30788
1.32274
1.33629
1.34564
1.3479
1.34093
1.32422
1.29952
1.27099
1.24488
1.22852
1.22771
1.24375
1.27211
1.3051
1.33564
1.3592
1.3736
1.37816
1.37278
1.35773
1.33437
1.30631
1.27887
1.25695
1.24318
1.23793
1.2402
1.24778
1.25728
1.26511
1.26966
1.27276
1.2786
1.29068
1.30936
1.33196
1.35465
1.37409
1.38771
1.39349
1.38962
1.37509
1.35106
1.32197
1.29457
1.27396
1.25979
1.24686
1.22965
1.2068
1.18202
1.16218
1.15408
1.16167
1.18458
1.21841
1.25628
1.2909
1.31664
1.33099
1.33488
1.33132
1.32305
1.31116
1.29644
1.28176
1.27257
1.27389
1.28613
1.30436
1.32222
1.33656
1.34913
1.36369
1.38107
1.39731
1.40674
1.4062
1.39676
1.38298
1.37063
1.36389
1.36387
1.36886
1.37584
1.38141
1.38232
1.37589
1.36119
1.34012
1.31724
1.29801
1.28574
1.27928
1.27367
1.26375
1.2476
1.22648
1.20325
1.18222
1.17006
1.17323
1.19319
1.22467
1.25912
1.28945
1.31186
1.32506
1.32936
1.32618
1.31767
1.30621
1.29519
1.28953
1.29224
1.30179
1.31523
1.33086
1.34704
1.36106
1.37029
1.37433
1.37528
1.3757
1.37625
1.37528
1.37114
1.3645
1.35807
1.35409
1.3525
1.35166
1.35046
1.34891
1.34627
1.33899
1.32124
1.28817
1.24043
1.18667
1.14146
1.11784
1.12102
1.14804
1.19184
1.24484
1.30066
1.35441
1.40273
1.4433
1.47424
1.49398
1.50117
1.4949
1.47504
1.44207
1.3973
1.3438
1.28687
1.2335
1.19042
1.16206
1.15016
1.15446
1.1739
1.20683
1.25015
1.29816
1.34327
1.37874
1.40083
1.40827
1.40053
1.37759
1.3412
1.29601
1.2493
1.20945
1.18332
1.17333
1.17626
1.18586
1.19687
1.20688
1.21492
1.21998
1.22178
1.22223
1.22531
1.23495
1.25303
1.27844
1.30767
1.33635
1.36079
1.37892
1.39062
1.39728
1.40074
1.4022
1.40202
1.40053
1.39849
1.39623
1.39286
1.38614
1.37365
1.35436
1.32942
1.30159
1.27431
1.25095
1.23425
1.22577
1.2252
1.23075
1.2404
1.25335
1.27022
1.29193
1.31751
1.34317
1.36323
1.37234
1.36738
1.34849
1.31913
1.28524
1.25387
1.23166
1.22291
1.22802
1.24328
1.26278
1.28084
1.29351
1.299
1.29705
1.28858
1.2758
1.26231
1.25224
1.24837
1.25098
1.25837
1.26837
1.27916
1.28917
1.29613
1.29673
1.28706
1.26426
1.22828
1.18338
1.13778
1.10144
1.08286
1.08583
1.10823
1.14336
1.183
1.22043
1.25254
1.27985
1.30446
1.32762
1.34852
1.36513
1.37553
1.37903
1.3763
1.36879
1.35822
1.3466
1.33646
1.3305
1.32993
1.33249
1.33367
1.32981
1.31994
1.30524
1.2882
1.27198
1.26017
1.256
1.26097
1.27338
1.28901
1.30349
1.31404
1.32037
1.32429
1.32838
1.33431
1.34207
1.34964
1.35329
1.34877
1.3338
1.31054
1.28586
1.2679
1.26167
1.26734
1.28164
1.30031
1.32009
1.33925
1.35707
1.37282
1.3849
1.39091
1.38869
1.37807
1.36156
1.34339
1.32744
1.31542
1.30647
1.29784
1.28655
1.27141
1.25434
1.23954
1.23098
1.23009
1.23545
1.244
1.25244
1.25791
1.25823
1.25389
1.25084
1.25844
1.28091
1.31392
1.34938
1.38005
1.40157
1.41285
1.41512
1.41029
1.40003
1.38581
1.36916
1.35196
1.33642
1.32465
1.3183
1.31793
1.32255
1.33015
1.33909
1.34917
1.36116
1.37434
1.38502
1.38807
1.3802
1.36192
1.33648
1.30768
1.27828
1.2499
1.22405
1.20245
1.18645
1.17644
1.17175
1.17122
1.17366
1.1782
1.18407
1.19054
1.1969
1.20284
1.2087
1.21553
1.22459
1.23658
1.25079
1.26525
1.27765
1.28672
1.29308
1.2986
1.30482
1.31165
1.31746
1.32028
1.31895
1.31351
1.30438
1.29175
1.27596
1.25879
1.24437
1.23777
1.24158
1.2532
1.26611
1.27459
1.27701
1.27605
1.27676
1.28422
1.30158
1.32906
1.36398
1.40155
1.43605
1.46197
1.41094
1.4091
1.39336
1.36577
1.33064
1.29386
1.26149
1.23798
1.22507
1.22164
1.22478
1.231
1.23719
1.24153
1.24412
1.24672
1.25144
1.25893
1.26729
1.2727
1.27136
1.26125
1.24319
1.22118
1.20173
1.19192
1.19578
1.21103
1.22976
1.2431
1.24589
1.23799
1.22258
1.20382
1.18536
1.17019
1.16066
1.15836
1.16402
1.1775
1.19822
1.22504
1.25545
1.28532
1.3108
1.33036
1.34494
1.35629
1.36547
1.37185
1.37377
1.37009
1.36242
1.35506
1.35207
1.35327
1.35387
1.34791
1.33234
1.30873
1.28228
1.25938
1.24481
1.2397
1.2412
1.24422
1.24459
1.24137
1.23702
1.23475
1.23577
1.23822
1.23874
1.23498
1.22722
1.21792
1.21001
1.20521
1.20363
1.20427
1.2058
1.2072
1.20823
1.20964
1.21305
1.21997
1.23067
1.24361
1.25598
1.26516
1.2701
1.27176
1.27253
1.2745
1.27762
1.2793
1.27611
1.26606
1.2499
1.23094
1.21374
1.20253
1.20039
1.20875
1.22701
1.25227
1.27995
1.3055
1.32598
1.34063
1.3501
1.35512
1.35569
1.35146
1.34292
1.33176
1.31957
1.30649
1.29146
1.27309
1.2511
1.22708
1.20505
1.19082
1.18942
1.20211
1.22562
1.25426
1.28213
1.30421
1.317
1.31855
1.30879
1.28946
1.26409
1.23732
1.2141
1.19839
1.19227
1.19576
1.207
1.2229
1.24016
1.25636
1.27033
1.28181
1.29083
1.29748
1.30197
1.30443
1.30422
1.29919
1.2867
1.26671
1.24435
1.22808
1.22359
1.22961
1.23972
1.24711
1.24785
1.24156
1.23032
1.21708
1.2042
1.1934
1.18682
1.18819
1.2026
1.2336
1.27889
1.32959
1.37456
1.40523
1.4177
1.41223
1.39189
1.36126
1.32553
1.28947
1.25559
1.22347
1.19196
1.1625
1.13968
1.12763
1.127
1.13587
1.1517
1.17149
1.19137
1.20727
1.21639
1.2186
1.2165
1.21414
1.21547
1.22285
1.23618
1.25283
1.2691
1.28248
1.29313
1.30315
1.31438
1.32644
1.33659
1.34146
1.33859
1.32707
1.30726
1.28069
1.25031
1.22005
1.19359
1.17333
1.16077
1.1574
1.16503
1.18486
1.21583
1.25393
1.29287
1.32599
1.34815
1.35668
1.35107
1.33217
1.30208
1.26481
1.22671
1.19414
1.16963
1.1513
1.13639
1.12445
1.11735
1.11786
1.12769
1.1459
1.16869
1.19177
1.21248
1.22986
1.24337
1.25234
1.25632
1.25541
1.25081
1.24584
1.2458
1.25401
1.26779
1.2811
1.28988
1.29302
1.29067
1.2836
1.27301
1.26032
1.247
1.23461
1.22491
1.22009
1.22297
1.2362
1.26047
1.2929
1.32734
1.3566
1.37536
1.38203
1.37881
1.36992
1.35942
1.34958
1.34061
1.33136
1.32047
1.30711
1.29141
1.27427
1.25739
1.24361
1.23682
1.24087
1.25693
1.28142
1.30676
1.32499
1.33093
1.32321
1.30344
1.27507
1.24299
1.21359
1.19304
1.18361
1.18168
1.1805
1.17475
1.1628
1.14646
1.13014
1.11984
1.12165
1.13905
1.17084
1.21135
1.25299
1.28917
1.31597
1.3329
1.34217
1.34707
1.3502
1.35235
1.35287
1.35056
1.34472
1.33536
1.32282
1.30739
1.28921
1.26863
1.24681
1.22585
1.20869
1.19802
1.1952
1.19976
1.2096
1.22174
1.23337
1.24275
1.24931
1.25323
1.25491
1.25456
1.25233
1.24854
1.24384
1.23917
1.23561
1.23475
1.23871
1.24882
1.26425
1.28219
1.29843
1.30812
1.30737
1.29531
1.2746
1.25017
1.22738
1.21112
1.20492
1.20959
1.22261
1.23922
1.25433
1.26397
1.2657
1.25852
1.24311
1.22214
1.19966
1.18008
1.16687
1.16186
1.165
1.17482
1.18914
1.20572
1.22267
1.23873
1.25321
1.26608
1.27772
1.2884
1.29796
1.30558
1.30985
1.30895
1.30143
1.28739
1.26856
1.24698
1.22447
1.20417
1.19106
1.18961
1.20056
1.22027
1.24251
1.26109
1.27174
1.27317
1.26708
1.25751
1.24963
1.24804
1.25484
1.26827
1.28338
1.29437
1.29703
1.29046
1.27733
1.26261
1.25105
1.24507
1.24449
1.2477
1.25271
1.2581
1.26301
1.26695
1.26955
1.2704
1.26875
1.26323
1.25214
1.23545
1.21641
1.2018
1.19963
1.2147
1.24517
1.28329
1.31921
1.3453
1.35847
1.35952
1.35139
1.33768
1.32235
1.30932
1.30095
1.29697
1.29499
1.29185
1.28543
1.276
1.26621
1.25995
1.26005
1.26633
1.27542
1.28256
1.28371
1.27684
1.26227
1.24279
1.22293
1.20772
1.20071
1.20255
1.21109
1.22268
1.23429
1.24508
1.25637
1.27026
1.28735
1.30543
1.31971
1.32463
1.31597
1.29258
1.25721
1.21585
1.17567
1.14258
1.11986
1.10828
1.10733
1.11643
1.13495
1.1617
1.19472
1.23176
1.27092
1.31064
1.34889
1.38254
1.40794
1.42209
1.4238
1.41395
1.39508
1.3706
1.3441
1.31895
1.2984
1.28552
1.28234
1.28839
1.30028
1.31321
1.32338
1.3293
1.33123
1.3294
1.32242
1.30778
1.28358
1.25022
1.2121
1.17736
1.15488
1.1491
1.15727
1.17192
1.18549
1.19346
1.19512
1.19272
1.18981
1.18919
1.19158
1.19586
1.2003
1.20369
1.20582
1.20729
1.2088
1.21026
1.21084
1.21011
1.21007
1.21599
1.23386
1.26517
1.30465
1.34306
1.37199
1.38725
1.38898
1.38062
1.36796
1.35737
1.35277
1.35365
1.35655
1.35774
1.35476
1.34644
1.33222
1.3119
1.2858
1.25558
1.22425
1.1954
1.17186
1.15468
1.14335
1.13671
1.13401
1.13514
1.14039
1.14974
1.16237
1.17648
1.18979
1.20038
1.20762
1.21259
1.21787
1.22607
1.23811
1.25227
1.26485
1.27174
1.26991
1.25866
1.23987
1.21777
1.19764
1.18432
1.18106
1.18877
1.20549
1.22689
1.24847
1.26785
1.28547
1.30256
1.31915
1.33385
1.34484
1.35085
1.35168
1.3486
1.34379
1.33925
1.33562
1.33204
1.32673
1.3178
1.30405
1.28579
1.26522
1.24665
1.23537
1.23555
1.24773
1.26794
1.28889
1.3031
1.30553
1.29431
1.27061
1.23807
1.2017
1.16689
1.13899
1.12277
1.12089
1.13241
1.15353
1.17995
1.20809
1.23516
1.25866
1.27626
1.28624
1.28805
1.28297
1.27413
1.26559
1.26042
1.25876
1.25781
1.25399
1.24542
1.2335
1.22242
1.21643
1.2166
1.22039
1.22501
1.23061
1.23983
1.2545
1.27349
1.29358
1.31146
1.32508
1.33359
1.33664
1.33394
1.32527
1.31113
1.29317
1.27431
1.25785
1.24622
1.24011
1.23818
1.2379
1.23686
1.23354
1.22761
1.21972
1.21109
1.20329
1.19777
1.19537
1.19599
1.19854
1.20167
1.2049
1.2092
1.21647
1.22818
1.24404
1.26188
1.27849
1.29095
1.29754
1.29817
1.29404
1.28712
1.27924
1.27221
1.2682
1.26813
1.26956
1.26797
1.26083
1.2493
1.23657
1.22559
1.21805
1.2146
1.21525
1.21951
1.2263
1.23398
1.2408
1.24579
1.24918
1.2516
1.25254
1.25017
1.24285
1.23061
1.21505
1.19795
1.18088
1.16602
1.15712
1.15856
1.17335
1.20145
1.23961
1.28218
1.32268
1.35559
1.37762
1.38802
1.38808
1.3801
1.36675
1.35048
1.33323
1.31616
1.2996
1.2835
1.26853
1.25665
1.25024
1.25025
1.25475
1.25974
1.26148
1.25833
1.25081
1.24044
1.22871
1.21648
1.20391
1.19103
1.17859
1.16879
1.16452
1.16753
1.17737
1.19212
1.21022
1.23093
1.25309
1.27422
1.29155
1.304
1.31291
1.31996
1.32493
1.3261
1.32316
1.31856
1.31576
1.31673
1.32093
1.32656
1.33188
1.33575
1.33773
1.33743
1.33431
1.3277
1.31731
1.3039
1.28949
1.27682
1.26831
1.2649
1.26595
1.26944
1.27321
1.27548
1.27506
1.2716
1.26628
1.26219
1.26351
1.27378
1.29343
1.31839
1.34101
1.35332
1.34989
1.32905
1.29293
1.24664
1.19725
1.15243
1.11873
1.10031
1.09829
1.11066
1.13282
1.15893
1.18375
1.20448
1.22115
1.23584
1.25062
1.26639
1.28271
1.29808
1.31042
1.3172
1.3163
1.30694
1.29076
1.2714
1.25326
1.23968
1.23202
1.22968
1.23079
1.23276
1.23331
1.23203
1.23104
1.23402
1.24418
1.26249
1.28726
1.31496
1.34169
1.36444
1.38156
1.39216
1.3951
1.3887
1.3716
1.34403
1.3081
1.26745
1.22628
1.18876
1.15846
1.13782
1.12724
1.12476
1.12687
1.13017
1.13272
1.13448
1.13711
1.14275
1.15327
1.16935
1.1899
1.21187
1.23068
1.24171
1.24239
1.23401
1.22188
1.21303
1.21267
1.22195
1.23888
1.26047
1.28415
1.30776
1.32936
1.34698
1.35876
1.36321
1.35929
1.34645
1.32479
1.29572
1.2625
1.23033
1.20515
1.19136
1.18987
1.19822
1.21227
1.22803
1.24251
1.25371
1.26022
1.2614
1.25783
1.25183
1.24681
1.24622
1.25218
1.26452
1.28027
1.29486
1.30419
1.30627
1.30107
1.28979
1.27407
1.25582
1.23721
1.22075
1.20904
1.20395
1.20596
1.21376
1.22487
1.23655
1.24668
1.25414
1.25874
1.26142
1.26407
1.26877
1.27639
1.28524
1.2909
1.2878
1.27203
1.24347
1.20637
1.16819
1.13708
1.1187
1.11449
1.12312
1.14355
1.17463
1.21079
1.2425
1.26303
1.27238
1.27568
1.27937
1.28812
1.30307
1.3216
1.33931
1.35245
1.35946
1.3617
1.36285
1.36644
1.37327
1.38119
1.38803
1.39309
1.39544
1.39198
1.37841
1.35196
1.31445
1.27323
1.23765
1.21246
1.19521
1.18003
1.16242
1.14286
1.12763
1.12447
1.13585
1.15839
1.18797
1.22222
1.25887
1.2942
1.32375
1.3443
1.35484
1.35618
1.3499
1.3379
1.32204
1.30444
1.28766
1.27412
1.26479
1.25808
1.2506
1.23941
1.224
1.20691
1.19337
1.18969
1.2001
1.22398
1.25667
1.2926
1.32686
1.35507
1.37342
1.37925
1.37188
1.35326
1.37474
1.3479
1.32535
1.3064
1.2866
1.26232
1.23277
1.19985
1.16819
1.14458
1.13546
1.14337
1.1659
1.19786
1.23374
1.26861
1.29822
1.31947
1.33136
1.33533
1.33433
1.33123
1.32767
1.32379
1.31861
1.31124
1.30161
1.29076
1.28019
1.27105
1.26396
1.25942
1.25812
1.26082
1.2676
1.2772
1.28698
1.29383
1.29591
1.29335
1.28767
1.28005
1.2705
1.25882
1.24575
1.23314
1.22297
1.21671
1.21505
1.21773
1.22363
1.23082
1.23693
1.2399
1.23869
1.23342
1.22558
1.21809
1.21514
1.22112
1.23871
1.26764
1.30449
1.34399
1.38067
1.41002
1.42918
1.43686
1.43356
1.42127
1.4028
1.38054
1.35554
1.32809
1.29955
1.27307
1.25269
1.24137
1.23993
1.24757
1.2627
1.28314
1.30584
1.32703
1.34293
1.35064
1.34929
1.34
1.32465
1.30477
1.28169
1.25793
1.23779
1.22636
1.22691
1.23874
1.25741
1.27756
1.29577
1.31145
1.3261
1.34147
1.35812
1.37441
1.38684
1.39106
1.38398
1.36531
1.33807
1.30783
1.28063
1.26089
1.25057
1.24958
1.25627
1.26756
1.279
1.2859
1.28482
1.27432
1.25511
1.22975
1.20245
1.1783
1.16168
1.15487
1.15797
1.17027
1.19124
1.21989
1.25363
1.28803
1.31757
1.33732
1.34404
1.33679
1.31696
1.28827
1.25634
1.22792
1.20915
1.20342
1.2099
1.22378
1.23874
1.25019
1.25819
1.26686
1.28031
1.29922
1.32102
1.34227
1.35968
1.37062
1.37423
1.37203
1.36722
1.36255
1.35877
1.3547
1.34835
1.33794
1.32247
1.30285
1.2828
1.2678
1.26197
1.26521
1.27378
1.2832
1.29055
1.2948
1.29568
1.29245
1.28388
1.26942
1.25031
1.2297
1.21142
1.19896
1.19487
1.20015
1.21368
1.23228
1.25197
1.26944
1.28341
1.29457
1.30425
1.31288
1.31959
1.32308
1.32307
1.32095
1.31914
1.31972
1.32307
1.32769
1.33115
1.3315
1.32806
1.32121
1.31158
1.29906
1.28242
1.25973
1.22963
1.19346
1.15733
1.13154
1.1254
1.14105
1.17339
1.21507
1.26002
1.30406
1.34443
1.37947
1.40822
1.4302
1.44503
1.45228
1.45131
1.44136
1.42164
1.39179
1.3522
1.30436
1.25086
1.19484
1.14007
1.09165
1.05607
1.03984
1.04693
1.07787
1.12944
1.19427
1.26299
1.32765
1.38236
1.42302
1.44754
1.45634
1.45213
1.43954
1.42436
1.41128
1.40174
1.39376
1.38414
1.3707
1.35391
1.33777
1.32764
1.32519
1.3263
1.32562
1.32134
1.31554
1.31141
1.311
1.31421
1.31859
1.32017
1.31499
1.3008
1.2778
1.24832
1.21498
1.18018
1.14733
1.12279
1.11467
1.12607
1.15028
1.17572
1.19472
1.20668
1.21579
1.22729
1.24394
1.26479
1.28674
1.30735
1.32652
1.34585
1.36659
1.38818
1.40798
1.4228
1.43059
1.43114
1.42575
1.41641
1.40515
1.39396
1.38453
1.37753
1.37155
1.36298
1.34757
1.32239
1.28744
1.24599
1.20379
1.16713
1.14084
1.12719
1.12622
1.13697
1.15821
1.18773
1.22105
1.25134
1.27184
1.2792
1.27478
1.26326
1.24988
1.23884
1.23316
1.23457
1.24311
1.25694
1.27304
1.28841
1.3012
1.31127
1.31958
1.32707
1.33364
1.33802
1.3385
1.33337
1.32157
1.30342
1.28136
1.25981
1.24369
1.23686
1.24122
1.25648
1.27979
1.30594
1.32842
1.34191
1.3443
1.33721
1.3247
1.31092
1.29854
1.28896
1.2835
1.28306
1.2867
1.29107
1.2923
1.28895
1.2829
1.27791
1.27721
1.28211
1.29191
1.30477
1.31839
1.33015
1.33754
1.33936
1.33633
1.32961
1.31787
1.29756
1.26722
1.23049
1.19444
1.16597
1.14938
1.14616
1.15529
1.17333
1.19468
1.21301
1.22405
1.2276
1.22745
1.22922
1.23727
1.25267
1.27337
1.29583
1.31648
1.33261
1.34328
1.34978
1.35531
1.36308
1.37418
1.38623
1.39435
1.39419
1.38464
1.3689
1.35253
1.33909
1.3281
1.3175
1.30645
1.29494
1.28257
1.2684
1.2522
1.23537
1.22038
1.20952
1.2047
1.20837
1.22263
1.24578
1.27239
1.29813
1.32229
1.34547
1.36658
1.38236
1.38909
1.38509
1.37197
1.35403
1.33569
1.31951
1.30594
1.29416
1.28283
1.27047
1.25622
1.24116
1.22923
1.22587
1.23439
1.2535
1.27772
1.30043
1.31647
1.32325
1.32083
1.31172
1.3004
1.29203
1.28974
1.29227
1.29511
1.29384
1.28719
1.27708
1.2669
1.25956
1.25662
1.25843
1.2649
1.2758
1.29098
1.30999
1.33166
1.35377
1.37346
1.38788
1.39488
1.39312
1.38222
1.36319
1.33851
1.31158
1.28558
1.26232
1.24222
1.22537
1.21289
1.20695
1.20959
1.22126
1.24004
1.26202
1.28246
1.29712
1.30358
1.30161
1.29279
1.27991
1.26593
1.25368
1.24576
1.24437
1.25054
1.26334
1.27952
1.29434
1.30322
1.30343
1.29507
1.28085
1.26477
1.25038
1.23938
1.23171
1.22709
1.22632
1.23133
1.24393
1.2641
1.28876
1.31244
1.33017
1.33968
1.34147
1.33774
1.33145
1.32634
1.32659
1.33484
1.35004
1.3671
1.37869
1.37837
1.36296
1.33365
1.2957
1.2562
1.22106
1.19335
1.17375
1.1625
1.16043
1.16828
1.18502
1.20706
1.22943
1.24813
1.26191
1.27209
1.28125
1.29114
1.30121
1.30887
1.31167
1.30985
1.30673
1.30629
1.30987
1.31544
1.31914
1.31755
1.30912
1.29474
1.27707
1.25969
1.24636
1.24003
1.2419
1.25068
1.2629
1.2744
1.28235
1.28639
1.28836
1.29043
1.29312
1.29498
1.29346
1.2859
1.2701
1.24466
1.20997
1.16957
1.13043
1.10122
1.08902
1.09682
1.12325
1.16363
1.21158
1.26107
1.30768
1.3487
1.38223
1.40663
1.42068
1.42439
1.41868
1.40472
1.38364
1.35663
1.32558
1.29339
1.26364
1.23956
1.22319
1.21537
1.21609
1.22456
1.23877
1.25557
1.27176
1.28487
1.29373
1.29849
1.30045
1.30185
1.30562
1.31409
1.32749
1.34373
1.35934
1.37088
1.37614
1.37479
1.3678
1.35614
1.34021
1.32049
1.29868
1.27758
1.25981
1.24641
1.23684
1.23029
1.22712
1.22883
1.2364
1.24866
1.26215
1.27285
1.27822
1.27826
1.27518
1.27217
1.2716
1.274
1.27808
1.28218
1.28521
1.28659
1.28535
1.28013
1.27056
1.25872
1.24903
1.2464
1.25383
1.27099
1.29439
1.31874
1.33845
1.34891
1.34726
1.33285
1.30763
1.27609
1.24491
1.22114
1.20911
1.2085
1.21593
1.22821
1.24385
1.26204
1.28122
1.29883
1.31245
1.32096
1.32442
1.32286
1.31562
1.30181
1.28119
1.25552
1.22976
1.21184
1.20876
1.22125
1.24273
1.26389
1.27784
1.28244
1.28003
1.27499
1.27052
1.26716
1.26395
1.26072
1.25881
1.26016
1.2659
1.27622
1.29124
1.31166
1.3376
1.36707
1.39551
1.41708
1.42669
1.4217
1.40299
1.37517
1.3452
1.31972
1.30229
1.29296
1.28976
1.28992
1.29026
1.28765
1.28007
1.26759
1.25258
1.23903
1.23123
1.23219
1.24253
1.25982
1.27867
1.29226
1.29481
1.28411
1.26234
1.23537
1.21102
1.19662
1.19598
1.20784
1.22721
1.2485
1.26771
1.28269
1.29209
1.29471
1.28959
1.27669
1.25737
1.23393
1.20911
1.18562
1.16636
1.15481
1.15427
1.16628
1.1891
1.21784
1.24633
1.26962
1.28526
1.29319
1.29469
1.29152
1.28583
1.28092
1.28075
1.28799
1.30164
1.31684
1.32675
1.3255
1.31061
1.28436
1.2528
1.22319
1.20088
1.18869
1.18798
1.19926
1.22123
1.25013
1.2806
1.3076
1.32766
1.33958
1.34414
1.34327
1.33968
1.33665
1.33733
1.34346
1.35461
1.3688
1.38397
1.39897
1.41356
1.4278
1.44126
1.45281
1.46048
1.46141
1.45247
1.43119
1.39718
1.35251
1.30196
1.25211
1.21023
1.18232
1.17143
1.17629
1.19135
1.20864
1.22045
1.22141
1.20961
1.18756
1.16307
1.14743
1.14827
1.16384
1.18685
1.21182
1.23712
1.26259
1.28779
1.31169
1.33298
1.35002
1.36095
1.36433
1.36016
1.35061
1.33956
1.33091
1.3267
1.32638
1.32684
1.32333
1.31137
1.28855
1.25665
1.22224
1.19456
1.18042
1.18052
1.19093
1.20683
1.22489
1.24367
1.26268
1.28089
1.2955
1.30261
1.29967
1.28694
1.2672
1.24472
1.22407
1.20915
1.20238
1.20384
1.21138
1.22164
1.23174
1.24077
1.24997
1.26146
1.27647
1.29394
1.31121
1.32579
1.33646
1.34303
1.34574
1.34481
1.34026
1.332
1.3198
1.30357
1.28373
1.26192
1.24109
1.22475
1.21552
1.2136
1.21705
1.22321
1.23036
1.23795
1.24575
1.25306
1.25859
1.2608
1.25858
1.25192
1.24258
1.23358
1.22787
1.2265
1.22829
1.23152
1.23576
1.24244
1.254
1.27238
1.29764
1.32679
1.35415
1.37394
1.3828
1.38052
1.36897
1.35101
1.33008
1.31015
1.29576
1.29139
1.29975
1.31958
1.34516
1.36893
1.38472
1.3892
1.38172
1.36369
1.33832
1.31026
1.28514
1.26808
1.26191
1.26546
1.27369
1.28015
1.27992
1.27188
1.2589
1.24692
1.24178
1.24504
1.25354
1.26381
1.27469
1.28595
1.29634
1.30369
1.30605
1.30241
1.29306
1.27971
1.26513
1.25187
1.24082
1.23107
1.22117
1.21081
1.20151
1.19608
1.19702
1.20455
1.21615
1.22861
1.24036
1.25219
1.26643
1.2855
1.31038
1.33954
1.36911
1.39454
1.41242
1.42124
1.4209
1.41155
1.39299
1.36517
1.32928
1.28847
1.24774
1.21313
1.1902
1.18251
1.19062
1.21216
1.24317
1.27911
1.31525
1.34753
1.37321
1.39144
1.4028
1.40847
1.40942
1.40643
1.40025
1.39178
1.38184
1.37098
1.35918
1.34639
1.3335
1.3226
1.31547
1.31192
1.30912
1.30351
1.29353
1.28098
1.26911
1.38896
1.37508
1.35833
1.3391
1.3188
1.29992
1.28531
1.27645
1.27273
1.27215
1.27251
1.27222
1.27022
1.26605
1.26034
1.25489
1.25197
1.25323
1.25932
1.2699
1.28383
1.29941
1.31498
1.3292
1.34079
1.34802
1.34894
1.34238
1.32877
1.31006
1.28917
1.26986
1.25649
1.25315
1.26171
1.28071
1.30609
1.33293
1.35685
1.37455
1.3837
1.38306
1.37274
1.3544
1.33106
1.30703
1.28773
1.27886
1.28363
1.30094
1.32719
1.35893
1.39245
1.42253
1.44387
1.45414
1.45571
1.45374
1.45249
1.45286
1.45307
1.45076
1.44434
1.43344
1.41886
1.4028
1.38842
1.37773
1.36938
1.35916
1.34315
1.32006
1.29101
1.25828
1.22541
1.19774
1.1819
1.18354
1.20411
1.23892
1.279
1.3161
1.34609
1.36947
1.38946
1.40939
1.4308
1.45298
1.47355
1.48976
1.5001
1.50502
1.50627
1.50515
1.50114
1.49216
1.47665
1.45512
1.42967
1.40253
1.37512
1.34828
1.32282
1.29996
1.28174
1.27074
1.26908
1.27689
1.29122
1.30644
1.31686
1.31898
1.31261
1.30015
1.28537
1.27253
1.26586
1.2687
1.28218
1.30492
1.33358
1.36393
1.39176
1.41359
1.42718
1.43212
1.42964
1.42183
1.41085
1.39922
1.39057
1.38874
1.39511
1.40702
1.41919
1.42664
1.4268
1.41994
1.40826
1.39438
1.38036
1.36785
1.35837
1.35262
1.35011
1.35061
1.35496
1.36323
1.37225
1.37618
1.37008
1.35295
1.32819
1.30133
1.27755
1.26005
1.24977
1.24585
1.247
1.25332
1.26719
1.29167
1.32727
1.37028
1.41375
1.45003
1.47302
1.47957
1.46958
1.44553
1.41154
1.37296
1.33599
1.30675
1.28983
1.28663
1.29514
1.31107
1.32979
1.34808
1.36465
1.37993
1.39484
1.40945
1.42211
1.4298
1.42966
1.42142
1.40857
1.39724
1.3926
1.396
1.40484
1.41451
1.42044
1.4194
1.41021
1.39371
1.37199
1.34765
1.32355
1.3026
1.28754
1.2801
1.27998
1.28484
1.29134
1.29632
1.29768
1.29473
1.28816
1.27957
1.27128
1.26644
1.26878
1.28154
1.30496
1.3344
1.36223
1.38231
1.39284
1.39577
1.39431
1.39078
1.38632
1.38185
1.37903
1.3799
1.385
1.39223
1.39763
1.39761
1.3907
1.37765
1.36074
1.34294
1.32682
1.31394
1.30502
1.30059
1.30136
1.3081
1.32094
1.33881
1.35966
1.38113
1.40134
1.41868
1.43135
1.43776
1.43782
1.43377
1.42922
1.4272
1.42854
1.43221
1.43637
1.43932
1.43919
1.43322
1.41838
1.39338
1.35977
1.32102
1.28057
1.2413
1.20626
1.17905
1.16344
1.16227
1.17591
1.20154
1.2335
1.26521
1.29147
1.31041
1.32389
1.33577
1.34916
1.36466
1.38029
1.3931
1.40055
1.40125
1.39516
1.3835
1.36888
1.35528
1.34778
1.35036
1.36293
1.38113
1.40028
1.41865
1.4366
1.45328
1.46528
1.46859
1.4611
1.44379
1.42029
1.39504
1.3713
1.3502
1.33107
1.31243
1.29414
1.2798
1.27642
1.28967
1.31988
1.36225
1.40967
1.45522
1.4931
1.51893
1.52926
1.522
1.49791
1.46201
1.42247
1.38633
1.35711
1.33644
1.32587
1.32613
1.33597
1.35201
1.36956
1.38394
1.39141
1.3898
1.37894
1.36121
1.34103
1.32275
1.30811
1.29577
1.28361
1.27125
1.26076
1.25547
1.25811
1.2696
1.28865
1.31211
1.33563
1.35495
1.36699
1.37073
1.36712
1.35805
1.3453
1.33023
1.31442
1.30046
1.29211
1.29312
1.30507
1.32666
1.35455
1.38433
1.41131
1.43165
1.44342
1.44677
1.443
1.43336
1.41871
1.39993
1.37876
1.35849
1.3432
1.33647
1.34027
1.35404
1.37437
1.39588
1.4128
1.42081
1.41809
1.40565
1.38701
1.36706
1.35035
1.33964
1.33525
1.33582
1.33925
1.34373
1.34845
1.3537
1.3604
1.36897
1.37836
1.38608
1.38914
1.38545
1.3746
1.35816
1.33937
1.32201
1.30895
1.30077
1.29574
1.2911
1.28464
1.27537
1.26318
1.24863
1.23424
1.22534
1.2282
1.24495
1.27139
1.29985
1.32284
1.33492
1.33371
1.31985
1.29642
1.26875
1.24506
1.23524
1.24621
1.27673
1.31847
1.36298
1.40712
1.4516
1.4956
1.5341
1.56048
1.57063
1.56471
1.5463
1.52041
1.4915
1.46261
1.43542
1.41088
1.38967
1.37207
1.35743
1.34482
1.3347
1.32973
1.33302
1.34529
1.36389
1.38455
1.40356
1.41914
1.43057
1.43646
1.434
1.42001
1.39272
1.35255
1.3023
1.24695
1.19291
1.14711
1.11635
1.10657
1.1209
1.15637
1.20398
1.25334
1.29688
1.33086
1.35437
1.36848
1.3758
1.37959
1.38237
1.38549
1.3891
1.39266
1.39489
1.39381
1.38768
1.37671
1.36441
1.3562
1.35607
1.36488
1.38116
1.4019
1.42323
1.44165
1.45458
1.45934
1.45291
1.43296
1.39922
1.35414
1.30264
1.25176
1.21064
1.18933
1.19417
1.22263
1.26498
1.31098
1.35338
1.38779
1.41195
1.42505
1.42724
1.41914
1.40184
1.37761
1.35061
1.32666
1.31171
1.30988
1.32141
1.34223
1.36616
1.38771
1.40361
1.41249
1.41451
1.41084
1.40326
1.39367
1.3838
1.37519
1.36895
1.36525
1.3638
1.36504
1.37045
1.3815
1.39751
1.41463
1.42716
1.4297
1.41926
1.39653
1.36656
1.33759
1.31751
1.30968
1.31154
1.31733
1.32162
1.32154
1.3187
1.31881
1.32669
1.34036
1.35287
1.35927
1.35969
1.35743
1.35555
1.3547
1.3536
1.35092
1.34687
1.34325
1.34258
1.34708
1.35773
1.37374
1.39257
1.41065
1.42447
1.43151
1.43075
1.4227
1.4087
1.39025
1.36865
1.34514
1.321
1.29756
1.27608
1.25796
1.24466
1.23744
1.23693
1.24283
1.25381
1.26798
1.28336
1.29844
1.31257
1.32578
1.33831
1.35055
1.36314
1.37708
1.39315
1.41108
1.42893
1.44334
1.45053
1.4475
1.43272
1.40646
1.37095
1.3308
1.29365
1.26929
1.26621
1.2867
1.32472
1.3691
1.40916
1.4379
1.4521
1.45119
1.43654
1.4107
1.3772
1.34078
1.3083
1.28822
1.28674
1.30282
1.32908
1.35761
1.38388
1.40675
1.42665
1.4432
1.45435
1.45764
1.45168
1.43665
1.41374
1.38501
1.35311
1.3216
1.29474
1.27618
1.2671
1.2659
1.26969
1.27593
1.28334
1.2916
1.29983
1.30601
1.30871
1.30885
1.30949
1.31404
1.32457
1.34062
1.35962
1.37892
1.39758
1.41618
1.43475
1.4508
1.46006
1.45984
1.45175
1.44139
1.43493
1.43567
1.4428
1.4528
1.4619
1.46756
1.4689
1.46591
1.4582
1.44474
1.42461
1.39805
1.36673
1.33405
1.30512
1.28555
1.279
1.28539
1.30086
1.31882
1.33218
1.33707
1.3351
1.3317
1.33102
1.33217
1.33007
1.31957
1.29964
1.27485
1.25321
1.24205
1.24455
1.25899
1.28061
1.30417
1.32568
1.34263
1.35356
1.35769
1.35479
1.34531
1.33039
1.31204
1.29346
1.27884
1.27238
1.2762
1.28911
1.30739
1.32677
1.34358
1.35516
1.36003
1.35825
1.35143
1.3425
1.33483
1.33063
1.32991
1.33065
1.33089
1.33115
1.33509
1.34664
1.36598
1.38797
1.40491
1.41111
1.40611
1.39501
1.38574
1.38445
1.39207
1.40449
1.41645
1.42488
1.42956
1.43168
1.43165
1.42824
1.41957
1.40462
1.38384
1.35902
1.33282
1.30869
1.29085
1.28347
1.28852
1.30373
1.32285
1.33948
1.35069
1.35817
1.36618
1.37827
1.39464
1.41223
1.42675
1.43485
1.43502
1.4272
1.41239
1.39198
1.36763
1.34083
1.3134
1.28803
1.26814
1.257
1.25699
1.26928
1.29341
1.32631
1.36235
1.3951
1.41996
1.43536
1.44229
1.44277
1.43791
1.4272
1.40918
1.38348
1.35258
1.32169
1.29647
1.27998
1.2714
1.26747
1.26555
1.26498
1.26549
1.26514
1.26065
1.25028
1.23579
1.22221
1.21613
1.2235
1.24735
1.28611
1.33363
1.38101
1.41947
1.44286
1.44911
1.44028
1.42084
1.3955
1.36782
1.34083
1.31793
1.30266
1.29709
1.30052
1.31006
1.32266
1.33758
1.35696
1.38319
1.41514
1.44751
1.47345
1.48763
1.48742
1.47303
1.44727
1.41526
1.38282
1.35408
1.32999
1.30942
1.29169
1.27846
1.27373
1.28211
1.30568
1.34178
1.38375
1.42415
1.45734
1.47985
1.48931
1.48401
1.46328
1.42817
1.38194
1.32912
1.27418
1.22159
1.17708
1.14733
1.13771
1.15019
1.1817
1.2239
1.26613
1.30023
1.32289
1.33546
1.34312
1.35339
1.37259
1.4006
1.43027
1.45299
1.46392
1.46251
1.45078
1.43139
1.40656
1.37806
1.3481
1.32053
1.3012
1.29635
1.30919
1.33697
1.37142
1.403
1.42542
1.43796
1.44485
1.45227
1.46431
1.48059
1.49686
1.50766
1.50857
1.49723
1.47401
1.44198
1.40593
1.3708
1.34073
1.31907
1.3086
1.31088
1.32452
1.34456
1.36418
1.37849
1.38605
1.38759
1.38436
1.37805
1.37203
1.37117
1.37928
1.39541
1.41294
1.42298
1.41848
1.39633
1.35746
1.30617
1.24936
1.19564
1.15378
1.13066
1.12888
1.14578
1.17515
1.21019
1.24593
1.2801
1.3125
1.34351
1.37261
1.39761
1.41527
1.4225
1.41794
1.40278
1.38061
1.35644
1.33503
1.32019
1.31424
1.31794
1.33042
1.34935
1.37156
1.39339
1.41131
1.42273
1.42667
1.42345
1.4142
1.40074
1.38624
1.37508
1.37125
1.37577
1.38584
1.39698
1.40623
1.41327
1.41881
1.42269
1.42337
1.41903
1.4086
1.39223
1.3712
1.34798
1.32621
1.30936
1.29828
1.29101
1.28559
1.28234
1.28349
1.2913
1.30664
1.32822
1.35266
1.3757
1.39385
1.40569
1.41178
1.41345
1.41157
1.40636
1.39789
1.3865
1.37252
1.35643
1.33938
1.32371
1.31228
1.30701
1.30832
1.31511
1.32516
1.40877
1.41254
1.40895
1.39882
1.38531
1.37237
1.36273
1.35705
1.35473
1.35551
1.36005
1.36871
1.38017
1.39131
1.39877
1.40048
1.3963
1.38752
1.37599
1.36334
1.35045
1.33782
1.32608
1.31644
1.31074
1.31077
1.31693
1.32796
1.34223
1.35878
1.37586
1.38949
1.39506
1.39149
1.38362
1.38006
1.38726
1.40571
1.43148
1.45968
1.48688
1.51164
1.53378
1.5528
1.5669
1.57335
1.57009
1.55695
1.53572
1.50991
1.48433
1.46404
1.45189
1.44638
1.44301
1.43683
1.42308
1.39716
1.35711
1.30685
1.25638
1.21764
1.19962
1.20547
1.232
1.27135
1.31423
1.35264
1.38158
1.39933
1.40669
1.4057
1.39846
1.38668
1.37163
1.35502
1.34011
1.33228
1.33737
1.3577
1.38974
1.42577
1.45831
1.48269
1.49752
1.50366
1.5032
1.49879
1.49301
1.48775
1.48361
1.48016
1.47663
1.47277
1.46844
1.46308
1.45594
1.44665
1.436
1.42668
1.4233
1.4303
1.4478
1.46939
1.48521
1.48739
1.47298
1.44431
1.40895
1.37733
1.35606
1.343
1.33134
1.31742
1.30294
1.29247
1.28995
1.29654
1.31041
1.32787
1.34447
1.35627
1.36082
1.35806
1.35065
1.34322
1.34028
1.34436
1.3555
1.37192
1.39045
1.40727
1.41935
1.42586
1.4284
1.42984
1.4325
1.43586
1.43631
1.43005
1.41609
1.39678
1.37591
1.35676
1.3412
1.33056
1.3271
1.33291
1.3463
1.36097
1.37055
1.3734
1.37267
1.37289
1.3774
1.3884
1.40784
1.43654
1.47224
1.5091
1.53941
1.55656
1.55704
1.54058
1.50962
1.46863
1.42424
1.38514
1.35923
1.34794
1.3459
1.34715
1.34971
1.35356
1.35705
1.35628
1.34772
1.33089
1.30933
1.28992
1.28073
1.28714
1.30851
1.33936
1.37341
1.40636
1.43587
1.46014
1.47721
1.48573
1.48596
1.47993
1.47026
1.45814
1.44218
1.41958
1.38925
1.35414
1.32044
1.2955
1.28585
1.29512
1.32173
1.35928
1.39943
1.43487
1.4605
1.47318
1.47097
1.45267
1.41892
1.37404
1.32715
1.28994
1.27113
1.27229
1.28875
1.31409
1.34328
1.37293
1.40026
1.42252
1.43712
1.44229
1.43798
1.42619
1.41036
1.39449
1.38227
1.3768
1.38058
1.39499
1.41914
1.4485
1.47576
1.49399
1.49968
1.49322
1.47713
1.45459
1.42926
1.40515
1.38544
1.37216
1.36644
1.36886
1.3788
1.39402
1.4117
1.43002
1.44889
1.46878
1.48925
1.50798
1.52132
1.52558
1.51865
1.50143
1.47877
1.45891
1.45063
1.45887
1.48144
1.50967
1.532
1.53831
1.52266
1.48415
1.42667
1.35831
1.29106
1.2397
1.21634
1.22302
1.25015
1.28283
1.30868
1.32187
1.32383
1.32054
1.31823
1.31992
1.32466
1.32954
1.33183
1.33022
1.32468
1.31458
1.29769
1.27183
1.23838
1.20366
1.1768
1.16574
1.17362
1.19796
1.23315
1.27403
1.31769
1.36245
1.4061
1.44508
1.4751
1.49283
1.49743
1.49145
1.48149
1.47676
1.48552
1.51059
1.54756
1.58723
1.6197
1.63755
1.63694
1.61755
1.58258
1.53882
1.49553
1.46086
1.43808
1.42462
1.41517
1.40537
1.39347
1.37938
1.36327
1.34662
1.33448
1.33422
1.34832
1.36967
1.38687
1.39352
1.39089
1.38444
1.37893
1.37565
1.373
1.36923
1.36458
1.36154
1.36342
1.37215
1.38686
1.40395
1.41854
1.42597
1.42277
1.40801
1.38475
1.36061
1.34489
1.34337
1.35575
1.37836
1.40761
1.4411
1.47665
1.51098
1.53896
1.55442
1.55241
1.53183
1.49675
1.45535
1.41664
1.38711
1.36894
1.36084
1.3599
1.36308
1.36738
1.3703
1.37014
1.36637
1.35967
1.3516
1.3441
1.33893
1.33743
1.34091
1.3504
1.36545
1.38361
1.40139
1.41573
1.42565
1.43247
1.43831
1.44352
1.44497
1.4373
1.41627
1.38191
1.33978
1.30011
1.27431
1.27013
1.28824
1.32226
1.3618
1.39652
1.41935
1.42797
1.42434
1.41307
1.39951
1.38827
1.38255
1.38422
1.39404
1.41166
1.43496
1.45991
1.48133
1.49443
1.4965
1.48741
1.46902
1.44373
1.41363
1.38167
1.35457
1.34383
1.35695
1.38671
1.41823
1.44377
1.46476
1.48468
1.50347
1.51687
1.51966
1.50889
1.48484
1.45075
1.41207
1.3763
1.35149
1.34336
1.35221
1.37269
1.39606
1.41394
1.42117
1.41734
1.40625
1.39319
1.38179
1.373
1.36698
1.36489
1.36772
1.37486
1.38441
1.39455
1.40397
1.41127
1.41421
1.40974
1.39536
1.37143
1.34292
1.31864
1.30708
1.31209
1.33177
1.36004
1.39007
1.41757
1.44144
1.46184
1.47777
1.48696
1.48773
1.48078
1.46982
1.46029
1.45618
1.45693
1.45736
1.45162
1.4376
1.4186
1.40102
1.38989
1.38605
1.3869
1.38945
1.39271
1.39804
1.40781
1.42356
1.44467
1.46831
1.491
1.5102
1.52484
1.53383
1.53511
1.52689
1.50926
1.48493
1.45886
1.43652
1.42146
1.41378
1.41062
1.40769
1.40147
1.39109
1.37881
1.36851
1.36319
1.3627
1.36353
1.36101
1.35225
1.33838
1.32429
1.31598
1.31656
1.32455
1.33562
1.34493
1.34836
1.3435
1.33039
1.31175
1.29198
1.27522
1.26379
1.25813
1.25819
1.26491
1.27973
1.30277
1.33175
1.36225
1.38936
1.40937
1.42084
1.42434
1.42189
1.41644
1.41173
1.41157
1.41863
1.43369
1.45549
1.48115
1.50685
1.52852
1.54283
1.54805
1.54439
1.53362
1.51822
1.50081
1.48404
1.47038
1.46176
1.45884
1.46035
1.46327
1.46357
1.45777
1.44411
1.4232
1.39758
1.37057
1.34481
1.3215
1.30053
1.28111
1.26272
1.24617
1.23371
1.22809
1.23085
1.24137
1.25773
1.2782
1.30121
1.32413
1.34292
1.35378
1.35529
1.34911
1.33866
1.32743
1.3185
1.31432
1.31617
1.3235
1.33481
1.34899
1.36572
1.38504
1.4067
1.42946
1.45097
1.46916
1.48362
1.4958
1.50742
1.51861
1.52781
1.53319
1.53371
1.529
1.51832
1.50049
1.47462
1.44087
1.40115
1.3596
1.32259
1.29714
1.28826
1.29672
1.31815
1.34422
1.36559
1.37557
1.37299
1.36265
1.35241
1.34897
1.35499
1.36923
1.38843
1.40919
1.42907
1.4468
1.46209
1.47482
1.48454
1.49012
1.49071
1.487
1.48205
1.48026
1.48522
1.49714
1.51178
1.5223
1.52284
1.51122
1.4893
1.46122
1.43054
1.39862
1.36496
1.32912
1.29246
1.25842
1.23141
1.215
1.21053
1.21641
1.22871
1.24219
1.25181
1.25443
1.25051
1.24445
1.24262
1.25006
1.26845
1.2959
1.32766
1.35761
1.38049
1.39353
1.39699
1.39382
1.38838
1.38444
1.38387
1.38693
1.39394
1.40652
1.42592
1.45016
1.47369
1.49033
1.49618
1.49088
1.47714
1.45925
1.44108
1.4247
1.41015
1.39644
1.38281
1.36992
1.36009
1.35658
1.36175
1.37531
1.3943
1.41468
1.4326
1.44494
1.44918
1.44365
1.42844
1.40598
1.38096
1.35871
1.34321
1.33586
1.33588
1.3419
1.35364
1.37266
1.40096
1.43821
1.47961
1.51708
1.54252
1.5503
1.53867
1.51054
1.4723
1.43105
1.39115
1.35344
1.31725
1.28286
1.25337
1.23507
1.234
1.25018
1.27636
1.30284
1.32233
1.33216
1.33404
1.33234
1.33152
1.3346
1.34362
1.35975
1.38262
1.40951
1.4358
1.45673
1.46908
1.47165
1.46471
1.4497
1.43004
1.41167
1.40172
1.40525
1.42238
1.4481
1.47469
1.49524
1.50633
1.5089
1.50689
1.50453
1.50389
1.50377
1.50094
1.49225
1.47624
1.45331
1.42475
1.39195
1.35636
1.32031
1.28697
1.25886
1.23613
1.21761
1.20392
1.20003
1.21263
1.24386
1.28826
1.33738
1.38592
1.43277
1.47784
1.51915
1.55326
1.57723
1.58986
1.59144
1.58362
1.56886
1.55005
1.52938
1.50754
1.48403
1.45908
1.43504
1.4154
1.40178
1.39225
1.38266
1.36931
1.35052
1.32701
1.30196
1.28056
1.26812
1.2671
1.27603
1.29148
1.31082
1.33306
1.3578
1.38384
1.408
1.42551
1.43147
1.42274
1.39912
1.3636
1.32194
1.28162
1.25038
1.23421
1.23572
1.2538
1.2844
1.32189
1.36
1.39255
1.41454
1.4239
1.42254
1.41585
1.41023
1.41098
1.4206
1.43815
1.45923
1.47729
1.48618
1.48237
1.46631
1.44231
1.41728
1.39864
1.39168
1.39741
1.41235
1.43031
1.44474
1.45051
1.44496
1.42864
1.40524
1.38088
1.362
1.35308
1.35532
1.36725
1.38631
1.40995
1.43509
1.4576
1.47333
1.47995
1.47794
1.4702
1.46099
1.45417
1.45135
1.45082
1.44874
1.44157
1.42772
1.40817
1.38584
1.36461
1.34772
1.33658
1.33076
1.32861
1.32796
1.3269
1.32438
1.3205
1.31682
1.31639
1.32244
1.33526
1.35061
1.3624
1.36605
1.35974
1.3444
1.32366
1.30375
1.29183
1.29271
1.30666
1.33017
1.35825
1.38609
1.40975
1.42628
1.43379
1.43193
1.42277
1.41123
1.40418
1.40729
1.42182
1.44379
1.46619
1.48202
1.4864
1.47749
1.45667
1.42811
1.39767
1.37157
1.35476
1.34934
1.35424
1.36588
1.37962
1.39204
1.40263
1.41369
1.42781
1.44497
1.46176
1.47418
1.48103
1.48474
1.48816
1.49133
1.491
1.48274
1.46406
1.43648
1.40551
1.37851
1.36154
1.3571
1.364
1.37842
1.39566
1.4116
1.42352
1.43054
1.43341
1.43345
1.43126
1.42616
1.41676
1.40204
1.38203
1.35754
1.32977
1.30096
1.27607
1.26357
1.27165
1.30097
1.34295
1.38564
1.42019
1.44332
1.45529
1.45707
1.44969
1.43528
1.41683
1.3968
1.37721
1.36084
1.35144
1.35159
1.36041
1.37385
1.38733
1.39852
1.40817
1.41864
1.43117
1.44474
1.45682
1.4646
1.46548
1.45753
1.44098
1.41923
1.39846
1.38565
