1.09914
1.09618
1.09103
1.08348
1.07324
1.05997
1.04319
1.0224
0.997043
0.966642
0.930892
0.889808
0.843864
0.794144
0.742394
0.690966
0.64253
0.599708
0.56458
0.538377
0.521366
0.512941
0.511868
0.516545
0.52525
0.536335
0.548338
0.560072
0.570672
0.579604
0.586644
0.591858
0.595501
0.597944
0.599546
0.600582
0.601153
0.601209
0.600533
0.598805
0.595698
0.590965
0.584536
0.576543
0.567354
0.557528
0.547725
0.538599
0.530745
0.524621
0.520552
0.51871
0.519085
0.521506
0.525646
0.531057
0.537216
0.543561
0.549545
0.554674
0.558569
0.561025
0.562043
0.561801
0.560607
0.558863
0.556967
0.555281
0.554101
0.553686
0.554257
0.555957
0.558802
0.562618
0.567063
0.571718
0.57615
0.580055
0.583276
0.585809
0.587787
0.589422
0.590938
0.592527
0.594299
0.59628
0.598399
0.600516
0.602455
0.604011
0.605004
0.605281
0.604758
0.603444
0.601457
0.599031
0.596471
0.594092
0.59216
0.590831
0.590123
0.589876
0.589837
0.589696
0.58916
0.588049
0.586307
0.584012
0.58127
0.578132
0.574517
0.570226
0.565029
0.558781
0.551524
0.543475
0.535053
0.526796
0.519285
0.513051
0.50851
0.505879
0.505144
0.506053
0.508164
0.510965
0.514004
0.516992
0.519814
0.522508
0.525228
0.528159
0.531468
0.535258
0.539531
0.544161
0.548921
0.553553
0.557801
0.561541
0.564811
0.567741
0.570478
0.573062
0.575376
0.577187
0.578255
0.578425
0.577661
0.576048
0.57376
0.571107
0.568489
0.566413
0.565444
0.566139
0.568961
0.574145
0.581582
0.590793
0.600973
0.611146
0.620357
0.627831
0.633091
0.635962
0.636538
0.635074
0.631948
0.627629
0.622592
0.617302
0.612198
0.607634
0.603892
0.601118
0.599357
0.598545
0.598503
0.598967
0.599636
0.600216
0.600484
0.600305
0.599656
0.598596
0.597252
0.595797
0.59447
0.593552
0.593328
0.594055
0.595883
0.59878
0.602497
0.606614
0.610651
0.614177
0.616889
0.618664
0.619526
0.619618
0.619155
0.618385
0.617548
0.616845
0.616422
0.616365
0.616684
0.617299
0.618071
0.618816
0.619347
0.619501
0.619165
0.618289
0.616884
0.615024
0.612839
0.610468
0.60804
0.605622
0.603189
0.600601
0.597627
0.59402
0.589616
0.584457
0.57889
0.573547
0.569156
0.566262
0.565003
0.565112
0.566108
0.567578
0.569335
0.571473
0.574336
0.578354
0.583884
0.59107
0.599726
0.609325
0.619082
0.628116
0.6356
0.640903
0.643667
0.643794
0.641428
0.636924
0.630784
0.623615
0.616061
0.608714
0.602023
0.596252
0.591459
0.587586
0.584545
0.5823
0.580919
0.580504
0.581104
0.582607
0.584732
0.587074
0.58922
0.59087
0.591949
0.592649
0.59337
0.594595
0.596778
0.600149
0.604643
0.60989
0.61535
0.620485
0.624893
0.628304
0.630601
0.631753
0.631774
0.630686
0.62851
0.625266
0.621002
0.615779
0.60973
0.603038
0.595968
0.588851
0.582034
0.575826
0.570445
0.566002
0.562485
0.559804
0.557861
0.556605
0.556091
0.55644
0.557802
0.560243
0.563642
0.56766
0.571781
0.57548
0.578405
0.580579
0.582456
0.584786
0.588266
0.593048
0.598466
0.603261
0.6062
0.606646
0.604737
0.601209
0.597078
0.593358
0.590829
0.58992
0.590695
0.592914
0.596102
0.599619
0.602783
0.605001
0.605845
0.605128
0.602892
0.599362
0.594921
0.590034
0.585191
0.580846
0.577393
0.575095
0.574081
0.574364
0.575854
0.578401
0.581826
0.585931
0.590494
0.595265
0.59995
0.604253
0.607896
0.610684
0.612534
0.613485
0.61366
0.613258
0.612488
0.611552
0.610652
0.609916
0.609357
0.608885
0.608283
0.607274
0.605588
0.603029
0.599517
0.595107
0.589961
0.584287
0.578253
0.571985
0.565534
0.558889
0.551962
0.544582
0.53654
0.527666
0.517995
0.507927
0.49829
0.490251
0.484999
0.483399
0.485738
0.491704
0.500554
0.511355
0.523176
0.535157
0.546544
0.556681
0.56506
0.571391
0.575633
0.577981
0.578811
0.578569
0.57769
0.576496
0.575166
0.573726
0.572098
0.570144
0.567765
0.564925
0.561724
0.558393
0.555271
0.552743
0.551138
0.550606
0.551038
0.552074
0.553209
0.553981
0.554115
0.553591
0.552674
0.55182
0.551544
0.552258
0.55413
0.55701
0.560512
0.564106
0.5672
0.569265
0.569904
0.568894
0.566184
0.561902
0.556348
0.549963
0.543319
0.537102
0.532071
0.528969
0.528396
0.530632
0.535567
0.542727
0.551381
0.560683
0.569804
0.578047
0.584881
0.589946
0.593037
0.594053
0.592993
0.589921
0.58495
0.578311
0.570371
0.561689
0.553021
0.545229
0.539096
0.535142
0.533501
0.533934
0.535988
0.53915
0.542952
0.547021
0.55112
0.555114
0.558942
0.562604
0.566108
0.569438
0.572549
0.575376
0.577816
0.579786
0.581199
0.581999
0.582199
0.581841
0.580983
0.579658
0.577878
0.575614
0.572814
0.569452
0.565556
0.56124
0.556749
0.552427
0.548659
0.545815
0.544154
0.543749
0.544492
0.546112
0.548233
0.550413
0.552203
0.553167
0.552945
0.551336
0.548381
0.544413
0.540105
0.536333
0.533983
0.533702
0.535712
0.539814
0.545519
0.552217
0.55931
0.566289
0.572744
0.578323
0.582718
0.585652
0.586863
0.586116
0.583264
0.578265
0.571195
0.562266
0.551819
0.54031
0.528318
0.516531
0.505708
0.496606
0.48989
0.486024
0.485229
0.487452
0.492442
0.499796
0.50899
0.519448
0.530545
0.541655
0.552194
0.561682
0.569723
0.576034
0.580447
0.582877
0.583358
0.582018
0.579081
0.574929
0.570062
0.565061
0.560533
0.557049
0.555092
0.554955
0.556711
0.560186
0.564963
0.570478
0.576142
0.581407
0.585869
0.589244
0.591423
0.592452
0.592491
0.591832
0.590839
0.58989
0.589333
0.58942
0.590258
0.591793
0.593833
0.596048
0.598042
0.599404
0.599723
0.598654
0.59593
0.591418
0.585108
0.577128
0.567748
0.55738
0.546567
0.535945
0.526174
0.517825
0.511272
0.506624
0.503748
0.502348
0.502048
0.502471
0.503309
0.504342
0.505433
0.506521
0.507605
0.508735
0.509978
0.511355
0.51285
0.51438
0.515821
0.517039
0.517915
0.518391
0.51848
0.518236
0.517758
0.517136
0.516456
0.515807
0.515333
0.515255
0.515888
0.517584
0.520629
0.525132
0.530976
0.537806
0.54513
0.552433
0.559297
0.565481
0.570938
0.575771
0.580168
0.584318
0.588353
0.592316
0.596146
0.599701
0.602792
0.60528
0.607123
0.608371
0.609082
0.60922
0.608636
0.607086
0.604376
0.600464
0.5955
0.589836
0.583919
0.578217
0.573124
0.568885
0.565641
0.563453
0.562328
0.562239
0.563128
0.56487
0.567271
0.570069
0.57292
0.575451
0.577309
0.578247
0.578183
0.577261
0.57585
0.57449
0.573746
0.574027
0.575412
0.577658
0.58029
0.582749
0.584514
0.585186
0.584473
0.582249
0.578547
0.573622
0.567986
0.562432
0.557927
0.555312
0.554978
0.556605
0.559164
0.561154
0.561027
0.557655
0.550637
0.540491
0.528604
0.51688
0.507147
0.500632
0.497715
0.498102
0.501193
0.506351
0.513007
0.520655
0.528779
0.536773
0.543968
0.54966
0.553257
0.554439
0.553323
0.550478
0.546822
0.543303
0.540573
0.538801
0.53777
0.537116
0.536561
0.535999
0.535466
0.535019
0.53465
0.534205
0.533438
0.532069
0.529881
0.526783
0.522894
0.518527
0.514176
0.510415
0.507788
0.506709
0.507371
0.509707
0.513419
0.518066
0.523204
0.528496
0.533806
0.539184
0.544807
0.550843
0.557345
0.56418
0.571055
0.57758
0.58334
0.587943
0.591094
0.592591
0.592309
0.590236
0.586481
0.581282
0.575036
0.568269
0.561573
0.555558
0.550788
0.547735
0.546745
0.547976
0.551338
0.556518
0.563019
0.570213
0.577433
0.584052
0.589524
0.59343
0.595508
0.595648
0.593885
0.590391
0.585484
0.579655
0.57354
0.56786
0.563293
0.560369
0.559345
0.560111
0.562116
0.564442
0.566001
0.565804
0.563271
0.558384
0.55166
0.544001
0.536456
0.52991
0.524887
0.521492
0.519475
0.518459
0.518129
0.518259
0.518623
0.518858
0.518435
0.516834
0.5138
0.50955
0.504762
0.500417
0.497474
0.496585
0.497842
0.500795
0.504629
0.508422
0.511382
0.513022
0.513209
0.512205
0.5106
0.50919
0.508782
0.510025
0.513305
0.518744
0.526236
0.535553
0.546374
0.558288
0.570814
0.583411
0.595461
0.606343
0.615453
0.622272
0.626428
0.627742
0.626238
0.622159
0.615968
0.608304
0.59993
0.591631
0.584088
0.577762
0.572816
0.569114
0.566298
0.563882
0.56138
0.558418
0.554809
0.550578
0.545939
0.541255
0.536953
0.533428
0.530974
0.529765
0.529814
0.531024
0.533217
0.536202
0.539826
0.543968
0.548599
0.553745
0.559471
0.565837
0.572803
0.580186
0.587612
0.594525
0.60028
0.604326
0.606349
0.606308
0.604408
0.601003
0.596484
0.591216
0.585549
0.579835
0.574428
0.569647
0.56574
0.562839
0.560929
0.55984
0.559265
0.558823
0.558102
0.556756
0.554654
0.552036
0.549603
0.548382
0.549341
0.552895
0.55863
0.565484
0.572238
0.577965
0.582194
0.584834
0.586074
0.58626
0.585805
0.585117
0.584573
0.584422
0.584776
0.585552
0.586507
0.587312
0.587585
0.586971
0.585155
0.58185
0.576825
0.569916
0.561124
0.550689
0.539187
0.527544
0.516958
0.508689
0.503752
0.502663
0.505276
0.510865
0.518344
0.526544
0.534465
0.541442
0.547163
0.551703
0.555408
0.558763
0.56221
0.566003
0.57012
0.574291
0.578121
0.581245
0.583403
0.584492
0.584543
0.583649
0.581929
0.579453
0.576218
0.572153
0.567239
0.561545
0.55533
0.549094
0.543515
0.539327
0.537172
0.53744
0.540189
0.545117
0.55164
0.55899
0.566325
0.572889
0.57807
0.581478
0.582938
0.582517
0.580466
0.577196
0.573229
0.569086
0.565194
0.561784
0.558854
0.556153
0.553264
0.549724
0.545117
0.539238
0.53219
0.524414
0.516611
0.509561
0.503862
0.499793
0.497348
0.496434
0.497039
0.499286
0.503408
0.509636
0.518052
0.528492
0.54047
0.553224
0.565832
0.577415
1.11033
1.11344
1.10908
1.09811
1.08155
1.06045
1.03585
1.00882
0.980569
0.952556
0.926486
0.904268
0.887602
0.877492
0.873822
0.875245
0.879504
0.884073
0.886762
0.886147
0.881747
0.87393
0.863811
0.853243
0.844773
0.841217
0.844629
0.855245
0.871306
0.889879
0.908006
0.923335
0.934228
0.939661
0.939228
0.933137
0.922304
0.908292
0.89309
0.878757
0.867031
0.859053
0.855333
0.855786
0.859758
0.866131
0.873451
0.880128
0.884723
0.886289
0.884713
0.88094
0.876742
0.873836
0.873002
0.87407
0.876608
0.880393
0.885308
0.89106
0.897103
0.902789
0.907594
0.911261
0.913766
0.915116
0.915202
0.913619
0.909698
0.902728
0.892306
0.878782
0.863558
0.848968
0.837536
0.830925
0.82924
0.831194
0.834965
0.838934
0.841952
0.843328
0.842578
0.839236
0.832801
0.822888
0.809602
0.793867
0.777631
0.763654
0.754999
0.754199
0.762291
0.778121
0.798593
0.819796
0.838308
0.851873
0.859588
0.861661
0.859154
0.853813
0.847868
0.843697
0.843297
0.847778
0.857058
0.869966
0.884722
0.899313
0.911808
0.920556
0.924432
0.923067
0.91695
0.907282
0.895639
0.883637
0.872656
0.863588
0.856792
0.852121
0.849064
0.846986
0.845294
0.843567
0.841584
0.839354
0.837063
0.835135
0.834109
0.834655
0.837355
0.842369
0.849169
0.856585
0.863215
0.867976
0.870452
0.870862
0.869667
0.86726
0.863848
0.859651
0.855188
0.851282
0.848884
0.848761
0.851295
0.856477
0.864022
0.873403
0.883809
0.894012
0.902308
0.906801
0.905856
0.89872
0.886078
0.87018
0.854447
0.842434
0.836521
0.836766
0.840892
0.84548
0.847525
0.845282
0.838376
0.827462
0.813851
0.799209
0.785335
0.773948
0.766453
0.763708
0.76593
0.772696
0.78312
0.79607
0.810291
0.824426
0.837115
0.847234
0.8542
0.858114
0.859693
0.860051
0.860339
0.861445
0.863806
0.86738
0.87172
0.876124
0.879873
0.882437
0.883663
0.883733
0.883092
0.882295
0.881858
0.88218
0.883337
0.884919
0.8861
0.88598
0.884027
0.880392
0.87602
0.872375
0.870854
0.872084
0.875491
0.87946
0.881963
0.881299
0.876533
0.867635
0.855416
0.84137
0.827462
0.815838
0.808435
0.806524
0.810479
0.819749
0.833063
0.848739
0.864984
0.880109
0.892689
0.901681
0.906503
0.907047
0.903641
0.896957
0.88783
0.877185
0.866095
0.855939
0.848441
0.845451
0.848293
0.85694
0.869687
0.883689
0.896073
0.904904
0.909627
0.910965
0.910538
0.910343
0.912271
0.917552
0.92634
0.937582
0.949274
0.959083
0.965004
0.965801
0.961168
0.951692
0.938638
0.923692
0.908629
0.894969
0.883705
0.875185
0.869262
0.865565
0.863864
0.864266
0.866971
0.87161
0.876807
0.88038
0.880171
0.874858
0.864327
0.849568
0.832274
0.814491
0.7983
0.785576
0.77779
0.775913
0.780231
0.790271
0.804845
0.822214
0.840417
0.857635
0.872446
0.883955
0.89173
0.895759
0.896276
0.893719
0.888683
0.881858
0.874042
0.866099
0.858925
0.853408
0.850421
0.850658
0.854452
0.861523
0.870895
0.881086
0.890415
0.897343
0.900719
0.899872
0.894698
0.885661
0.873849
0.860977
0.849183
0.840445
0.835723
0.834433
0.834772
0.834838
0.833681
0.83162
0.829787
0.829279
0.830472
0.832884
0.835472
0.837103
0.836947
0.834643
0.83048
0.825379
0.820759
0.818058
0.81817
0.821036
0.825713
0.830834
0.835133
0.837761
0.838372
0.837057
0.834256
0.830673
0.82716
0.824543
0.823459
0.824132
0.826243
0.829034
0.831503
0.832712
0.832087
0.829585
0.825749
0.821634
0.818577
0.817763
0.819754
0.82426
0.830386
0.837086
0.84364
0.849749
0.855317
0.860127
0.863665
0.865234
0.864309
0.860907
0.855718
0.849993
0.845218
0.842684
0.843086
0.846241
0.851263
0.857005
0.862489
0.867135
0.870778
0.873528
0.875609
0.877173
0.878238
0.878678
0.87834
0.877174
0.875355
0.873254
0.87133
0.869976
0.869477
0.869965
0.871433
0.873762
0.876732
0.880078
0.883565
0.887009
0.890234
0.893015
0.895024
0.895847
0.895029
0.892244
0.88757
0.881693
0.875862
0.87146
0.869416
0.869912
0.872501
0.876517
0.881323
0.886372
0.891043
0.894524
0.895962
0.894793
0.891005
0.885246
0.878616
0.872182
0.866483
0.861368
0.856271
0.850695
0.844595
0.838427
0.832949
0.828872
0.826687
0.826684
0.829092
0.834084
0.841541
0.850636
0.859759
0.866963
0.870858
0.871261
0.869357
0.867226
0.866921
0.869655
0.875494
0.88362
0.892652
0.900946
0.906915
0.909304
0.90744
0.901289
0.891382
0.878617
0.864113
0.849137
0.835088
0.823568
0.81627
0.814617
0.819338
0.830071
0.845352
0.863035
0.881021
0.897802
0.912634
0.925247
0.935474
0.943036
0.947499
0.948381
0.945262
0.937882
0.926184
0.910443
0.891417
0.870509
0.849583
0.830516
0.814585
0.80214
0.792726
0.785625
0.780296
0.776535
0.774334
0.773795
0.775021
0.778004
0.782539
0.788248
0.794744
0.80177
0.809267
0.817229
0.825586
0.834151
0.842659
0.850779
0.858096
0.86417
0.868603
0.871175
0.871965
0.87138
0.87006
0.868654
0.86759
0.86695
0.866564
0.866303
0.866319
0.867108
0.86925
0.872921
0.877652
0.882388
0.885919
0.887376
0.886618
0.884233
0.881297
0.878899
0.877734
0.877888
0.879028
0.880788
0.882912
0.885208
0.887417
0.889103
0.889726
0.888837
0.886323
0.882456
0.877766
0.872785
0.867814
0.862903
0.858045
0.853369
0.849099
0.845344
0.841901
0.838255
0.833777
0.828042
0.821162
0.813938
0.807755
0.804255
0.804806
0.810045
0.81964
0.832509
0.847214
0.862418
0.877133
0.89076
0.902915
0.913307
0.921659
0.927761
0.931528
0.93304
0.93246
0.929957
0.925619
0.919439
0.911363
0.901499
0.890332
0.878846
0.868442
0.860594
0.856304
0.855651
0.857733
0.861104
0.864346
0.866603
0.867794
0.868355
0.868647
0.868542
0.867503
0.865085
0.861415
0.857295
0.853786
0.85173
0.851295
0.85193
0.852656
0.852472
0.850748
0.847397
0.84277
0.837404
0.831826
0.826463
0.821603
0.817415
0.813957
0.811277
0.809563
0.809377
0.811672
0.817651
0.828205
0.843386
0.862159
0.88276
0.903284
0.922061
0.937735
0.949199
0.955613
0.956535
0.952116
0.94311
0.93071
0.916208
0.900844
0.885794
0.872303
0.861632
0.854736
0.85197
0.853049
0.857213
0.86353
0.871042
0.878714
0.885355
0.889735
0.890876
0.88842
0.882865
0.875541
0.868312
0.863113
0.861428
0.864037
0.871013
0.881911
0.895797
0.911217
0.926312
0.939024
0.94752
0.950533
0.947638
0.939366
0.927268
0.913805
0.901955
0.89445
0.892807
0.896627
0.903808
0.911583
0.917582
0.920397
0.919709
0.91626
0.911673
0.907996
0.906949
0.909257
0.914413
0.921144
0.928049
0.934149
0.939055
0.94281
0.94564
0.947731
0.949183
0.95001
0.950217
0.949811
0.948699
0.946564
0.942947
0.937339
0.929352
0.918777
0.905598
0.889962
0.872209
0.85288
0.832776
0.812956
0.79471
0.779469
0.768643
0.763306
0.763887
0.769969
0.780327
0.793317
0.807384
0.821412
0.834763
0.847184
0.858739
0.869697
0.88037
0.890864
0.900763
0.909024
0.914231
0.915075
0.910769
0.901277
0.887365
0.870548
0.852959
0.837076
0.82526
0.819079
0.818821
0.823476
0.831223
0.840157
0.848911
0.856981
0.864653
0.872729
0.882123
0.893534
0.907126
0.922398
0.938245
0.953121
0.965402
0.97367
0.976934
0.97474
0.967222
0.955074
0.939378
0.921431
0.902556
0.8839
0.866394
0.850757
0.837555
0.827105
0.819249
0.813223
0.807871
0.802145
0.795602
0.788528
0.781672
0.775949
0.772164
0.770965
0.772836
0.778069
0.786745
0.798665
0.813335
0.829994
0.847638
0.865122
0.881352
0.895529
0.907314
0.916781
0.924172
0.92951
0.932467
0.93271
0.930469
0.92683
0.923433
0.921626
0.92162
0.922332
0.922112
0.91961
0.914232
0.906094
0.895712
0.883722
0.870731
0.857241
0.843668
0.830379
0.817733
0.806224
0.796554
0.789618
0.786294
0.787137
0.792077
0.800241
0.810038
0.819421
0.826343
0.829215
0.82729
0.820844
0.811212
0.800546
0.791144
0.784623
0.781403
0.780886
0.782072
0.784106
0.786528
0.789368
0.793158
0.798886
0.807793
0.82083
0.837956
0.857963
0.878821
0.898371
0.914787
0.926827
0.933867
0.935928
0.933695
0.928453
0.921911
0.915787
0.911382
0.909169
0.90876
0.90928
0.909835
0.909946
0.909676
0.909322
0.908803
0.907313
0.903553
0.896361
0.885316
0.871073
0.85526
0.840021
0.827201
0.817623
0.810927
0.805983
0.801569
0.796924
0.792014
0.787621
0.785059
0.785609
0.789879
0.797494
0.807297
0.817887
0.828112
0.837288
0.845186
0.851896
0.857663
0.862794
0.86767
0.87266
0.877995
0.883618
0.889165
0.894061
0.897749
0.899884
0.900414
0.899477
0.897234
0.893724
0.888796
0.882259
0.874066
0.864506
0.854275
0.844438
0.836331
0.831287
0.830227
0.833385
0.840297
0.850089
0.861756
0.874251
0.886449
0.897223
0.905607
0.91099
0.913182
0.912347
0.908937
0.903754
0.897964
0.893077
0.89055
0.891123
0.894296
0.898536
0.901929
0.902903
0.900619
0.895011
0.886618
0.876343
0.865218
0.854248
0.844323
0.836243
0.830726
0.828359
0.829448
0.833835
0.840771
0.849029
0.857171
0.863916
0.868363
0.870138
0.86932
0.866165
0.860863
0.853407
0.843846
0.832548
0.820373
0.808481
0.798032
0.789938
0.78477
0.782775
0.783962
0.788176
0.795122
0.804279
0.814822
0.825645
0.835623
0.843934
0.850261
0.854879
0.858543
0.862216
0.866672
0.872178
0.878393
0.884483
0.889446
0.892422
0.892932
0.891018
0.887266
0.882646
0.878304
0.875304
0.874383
0.875858
0.87954
0.884793
0.890662
0.896035
0.899786
0.900917
0.898707
0.892815
0.883419
0.871317
0.857899
0.844938
0.834141
0.826781
0.823396
0.823803
0.827335
0.83316
0.840624
0.849377
0.859226
0.869921
0.880902
0.89133
0.900362
0.90759
0.913329
1.10453
1.10795
1.11061
1.11223
1.11178
1.10794
1.09951
1.08589
1.06728
1.0448
1.0205
0.997026
0.97712
0.962998
0.955856
0.95572
0.96152
0.971447
0.983361
0.995279
1.0059
1.01496
1.02314
1.03145
1.04045
1.04971
1.05798
1.06366
1.06548
1.06281
1.05574
1.0449
1.03132
1.01622
1.00097
0.987015
0.975763
0.968376
0.965619
0.967755
0.974508
0.985044
0.998018
1.01168
1.02413
1.03356
1.03844
1.03773
1.03091
1.0182
1.00083
0.981313
0.963338
0.950745
0.946013
0.949332
0.958923
0.972155
0.986436
0.999612
1.0101
1.01692
1.01973
1.01872
1.01443
1.00767
0.999546
0.991424
0.98495
0.98188
0.983572
0.990498
1.00202
1.01647
1.0317
1.04558
1.05636
1.06288
1.06453
1.06132
1.05389
1.04337
1.03121
1.01891
1.00796
0.999915
0.996208
0.99776
1.00433
1.01425
1.02489
1.03355
1.03825
1.03813
1.03324
1.02439
1.01275
0.999669
0.986392
0.973899
0.962719
0.952977
0.94458
0.937387
0.931332
0.926348
0.922316
0.919068
0.916474
0.914509
0.913258
0.912945
0.913939
0.91667
0.921485
0.928473
0.937452
0.948064
0.959916
0.972624
0.985773
0.99878
1.01086
1.0211
1.02872
1.0332
1.03436
1.03236
1.02748
1.0201
1.0106
0.999414
0.987113
0.974472
0.962477
0.952303
0.945051
0.941347
0.941132
0.943735
0.948271
0.953958
0.960256
0.966779
0.973142
0.978858
0.983382
0.986333
0.987715
0.987732
0.986265
0.982759
0.976845
0.969281
0.962101
0.957686
0.957369
0.960864
0.966696
0.973181
0.979135
0.984127
0.98841
0.992538
0.996985
1.00203
1.00793
1.01494
1.02308
1.0318
1.04009
1.0467
1.05048
1.05066
1.04708
1.04023
1.03127
1.02177
1.01329
1.00703
1.00348
1.00219
1.00169
0.999821
0.994532
0.984696
0.970464
0.953088
0.934562
0.917229
0.903485
0.895475
0.894725
0.901846
0.916377
0.936859
0.961139
0.986854
1.01179
1.03411
1.05238
1.06556
1.07318
1.07538
1.07286
1.06672
1.05841
1.0497
1.04275
1.03952
1.04094
1.04624
1.05326
1.05956
1.06351
1.06477
1.06401
1.06224
1.06005
1.05742
1.05393
1.04924
1.04346
1.0371
1.03099
1.02615
1.02371
1.02446
1.02818
1.03336
1.03776
1.03969
1.03898
1.03714
1.0364
1.03807
1.04154
1.04466
1.04504
1.04117
1.03262
1.02003
1.00505
0.990297
0.978813
0.972849
0.972401
0.975165
0.978004
0.978386
0.974889
0.967049
0.95518
0.940247
0.923731
0.907307
0.89248
0.880255
0.871135
0.865248
0.862473
0.862433
0.864487
0.86777
0.871469
0.875026
0.878056
0.880077
0.880389
0.878245
0.873391
0.86676
0.8607
0.858133
0.860821
0.86833
0.878799
0.89045
0.902419
0.914534
0.926774
0.938844
0.950038
0.95941
0.966109
0.969623
0.969958
0.967636
0.963488
0.958287
0.952377
0.945546
0.937365
0.927873
0.918158
0.910447
0.907509
0.911454
0.922527
0.938815
0.957261
0.974977
0.989964
1.00114
1.00808
1.01087
1.00999
1.00624
1.00063
0.994071
0.987163
0.980087
0.972723
0.964961
0.956996
0.949288
0.94234
0.936347
0.931043
0.925974
0.921067
0.917018
0.915101
0.916387
0.920938
0.927753
0.935395
0.94276
0.949357
0.955136
0.960172
0.964365
0.967341
0.968683
0.968456
0.967619
0.967921
0.971
0.977369
0.986089
0.995298
1.00294
1.00729
1.00716
1.00197
0.992029
0.978729
0.9644
0.951841
0.94353
0.941075
0.945107
0.95544
0.971205
0.990813
1.01209
1.0326
1.05012
1.063
1.07035
1.07204
1.06869
1.06145
1.05177
1.04112
1.03084
1.022
1.01517
1.01024
1.00651
1.00305
0.999156
0.994444
0.988759
0.982099
0.974591
0.966581
0.958753
0.952095
0.94773
0.946692
0.949691
0.957026
0.968458
0.982975
0.998652
1.01303
1.02376
1.02923
1.02884
1.0229
1.01254
0.999457
0.985619
0.972875
0.962673
0.955903
0.952636
0.951986
0.952402
0.952274
0.950495
0.946675
0.941097
0.934506
0.927961
0.922662
0.919615
0.919308
0.921508
0.92522
0.928928
0.931053
0.930619
0.927933
0.924912
0.924663
0.930172
0.942642
0.960699
0.981106
1.00033
1.01569
1.0257
1.02998
1.02888
1.02338
1.01479
1.00481
0.995425
0.988403
0.984555
0.983322
0.983444
0.984149
0.985537
0.987813
0.990468
0.992433
0.99277
0.991248
0.988429
0.98543
0.983528
0.983707
0.986272
0.990774
0.996225
1.00152
1.00595
1.00951
1.01292
1.01731
1.02376
1.03291
1.04481
1.05899
1.07461
1.09055
1.10532
1.1172
1.12442
1.12543
1.1192
1.10535
1.08435
1.0576
1.02745
0.996806
0.968801
0.946199
0.930952
0.92403
0.925553
0.934942
0.950836
0.970889
0.991948
1.01068
1.02429
1.03117
1.03118
1.02554
1.01639
1.0059
0.995488
0.98555
0.975949
0.966681
0.958151
0.950924
0.945401
0.941645
0.939372
0.938101
0.937326
0.936855
0.936984
0.938424
0.941866
0.947417
0.954413
0.961663
0.967934
0.972533
0.975479
0.977381
0.979044
0.981067
0.983594
0.986361
0.988936
0.991071
0.992991
0.995483
0.999696
1.00651
1.016
1.02725
1.03862
1.0484
1.05517
1.05795
1.05583
1.0478
1.03279
1.01007
0.980045
0.945011
0.909506
0.879547
0.860925
0.857195
0.86837
0.890889
0.919073
0.947259
0.971302
0.988963
0.999673
1.00417
1.00415
1.00169
0.998853
0.997086
0.996919
0.997942
0.999142
0.999504
0.998449
0.996043
0.992963
0.990295
0.989187
0.990532
0.994596
1.00099
1.00882
1.01693
1.02411
1.02925
1.03137
1.02975
1.02418
1.01514
1.00398
0.992695
0.983416
0.977714
0.976176
0.978379
0.983154
0.989103
0.995008
1.00002
1.00367
1.00583
1.00674
1.00696
1.00739
1.00891
1.01208
1.01675
1.02206
1.02663
1.02895
1.02789
1.02311
1.01549
1.00703
1.00039
0.997835
1.00006
1.00572
1.01194
1.01548
1.01368
1.00507
0.989698
0.969187
0.946521
0.925398
0.90931
0.900612
0.899925
0.90615
0.917085
0.930248
0.943555
0.955639
0.965792
0.973812
0.979775
0.983894
0.98652
0.988136
0.989327
0.990682
0.992704
0.99571
0.999832
1.00497
1.01062
1.0158
1.01921
1.01961
1.01636
1.00964
1.0005
0.99061
0.981914
0.975999
0.973571
0.974204
0.97677
0.980085
0.983574
0.987453
0.992557
0.999877
1.00998
1.02254
1.0363
1.0492
1.05889
1.06328
1.06104
1.05209
1.038
1.02183
1.00737
0.997577
0.993249
0.993077
0.994714
0.995902
0.995078
0.991669
0.986218
0.98027
0.975893
0.97484
0.977774
0.983922
0.991397
0.997904
1.00141
1.00062
0.995379
0.986448
0.975181
0.963083
0.951561
0.941972
0.935585
0.933396
0.935948
0.943267
0.954838
0.969785
0.986994
1.00531
1.02364
1.041
1.05656
1.0696
1.07947
1.08567
1.08788
1.08598
1.07999
1.07007
1.05656
1.03999
1.02108
1.00075
0.980213
0.960825
0.943947
0.930647
0.921513
0.916601
0.915581
0.91788
0.922874
0.929877
0.938134
0.946789
0.954977
0.96209
0.967873
0.972393
0.975932
0.978888
0.981621
0.984246
0.986515
0.98797
0.988254
0.987479
0.98638
0.986156
0.988095
0.993158
1.0016
1.01281
1.0253
1.03724
1.04711
1.05407
1.05791
1.05878
1.05677
1.05187
1.04395
1.03299
1.01929
1.00364
0.987303
0.971766
0.958281
0.947248
0.938047
0.929582
0.921312
0.914179
0.910533
0.912624
0.920871
0.933598
0.948309
0.962945
0.976121
0.986968
0.994961
0.999955
1.00218
1.00206
1.00005
0.996383
0.99124
0.98487
0.977811
0.970842
0.964617
0.959299
0.95457
0.950072
0.945943
0.943053
0.94273
0.946157
0.953856
0.965499
0.980158
0.996628
1.0137
1.03033
1.04558
1.05861
1.06855
1.07448
1.07541
1.07042
1.0589
1.04079
1.01677
0.988371
0.957905
0.928134
0.901741
0.880906
0.867178
0.861331
0.863186
0.871485
0.884154
0.898952
0.914192
0.92929
0.944631
0.960769
0.977527
0.993758
1.00785
1.01836
1.02428
1.02509
1.02092
1.01269
1.00203
0.990682
0.979822
0.96978
0.960484
0.952097
0.945081
0.939876
0.936715
0.935762
0.937137
0.940662
0.94575
0.951572
0.957344
0.962614
0.967313
0.971598
0.975622
0.979344
0.982493
0.984704
0.985701
0.985252
0.983049
0.978604
0.971225
0.960351
0.946084
0.929569
0.9128
0.898031
0.887237
0.881865
0.882514
0.888733
0.89925
0.912457
0.926758
0.94071
0.953098
0.963025
0.970044
0.97428
0.976396
0.977321
0.977854
0.978417
0.978989
0.979369
0.979436
0.979245
0.978866
0.978178
0.976718
0.973802
0.968715
0.96095
0.950491
0.938031
0.924979
0.913052
0.903593
0.89692
0.892421
0.889082
0.886018
0.882699
0.879049
0.875416
0.872471
0.870906
0.871129
0.873128
0.876507
0.880849
0.886112
0.892949
0.902349
0.91474
0.929257
0.944187
0.958003
0.969988
0.980163
0.988914
0.99673
1.00408
1.01144
1.01934
1.02836
1.03907
1.05181
1.06644
1.08233
1.0983
1.11279
1.12417
1.13109
1.13261
1.1282
1.11799
1.10298
1.08558
1.06921
1.05712
1.05106
1.05086
1.05482
1.06047
1.06526
1.06735
1.06592
1.06087
1.05238
1.04043
1.02505
1.00682
0.987307
0.969204
0.955506
0.948141
0.947497
0.95312
0.964514
0.980822
1.00024
1.02011
1.03781
1.05153
1.06065
1.06562
1.06751
1.06751
1.0665
1.06477
1.06244
1.05979
1.05733
1.05557
1.05497
1.05587
1.05822
1.06142
1.06446
1.06633
1.06649
1.065
1.06225
1.05867
1.05431
1.04892
1.04219
1.03415
1.02559
1.01798
1.01302
1.01178
1.01415
1.01884
1.02406
1.02838
1.03125
1.03293
1.03404
1.03502
1.03591
1.03637
1.03604
1.03483
1.03309
1.03146
1.03059
1.03089
1.03216
1.03351
1.03359
1.03102
1.02483
1.01469
1.00112
0.985491
0.969533
0.954703
0.941862
0.931638
0.925033
0.923399
0.927935
0.939101
1.11753
1.13886
1.16148
1.18337
1.20238
1.21658
1.22455
1.22553
1.21942
1.20675
1.18861
1.16665
1.14304
1.12024
1.10047
1.08498
1.07385
1.06656
1.06296
1.06357
1.06888
1.07848
1.09061
1.1028
1.11281
1.11915
1.12102
1.11777
1.10879
1.09378
1.0735
1.05024
1.02738
1.00844
0.995781
0.989904
0.989591
0.992607
0.996688
1.00039
1.00369
1.00801
1.0154
1.02723
1.04342
1.06235
1.08164
1.09903
1.1129
1.12247
1.12776
1.12934
1.12801
1.12455
1.1196
1.11372
1.1075
1.10158
1.09667
1.09343
1.09247
1.09442
1.09965
1.10779
1.11751
1.12685
1.1339
1.13748
1.13738
1.13419
1.12887
1.12243
1.11569
1.10932
1.10376
1.09898
1.09442
1.08945
1.08384
1.07777
1.07138
1.0646
1.05746
1.05041
1.04444
1.04074
1.04017
1.04304
1.04905
1.05767
1.06828
1.08025
1.09275
1.10468
1.11473
1.12151
1.12383
1.12094
1.11294
1.10129
1.08883
1.07907
1.07459
1.07578
1.08083
1.087
1.09214
1.09565
1.09856
1.10271
1.10957
1.11941
1.13132
1.14365
1.15464
1.163
1.16847
1.17203
1.17534
1.17944
1.18377
1.18644
1.18543
1.1794
1.16804
1.15227
1.13403
1.11543
1.0978
1.08155
1.06684
1.05436
1.04583
1.04371
1.04965
1.06258
1.07883
1.0944
1.10699
1.11641
1.12379
1.13063
1.13798
1.14595
1.15364
1.15954
1.16209
1.16018
1.15328
1.14158
1.12595
1.10797
1.09003
1.07499
1.06554
1.06314
1.06741
1.0763
1.08697
1.09662
1.10312
1.10536
1.10347
1.09891
1.09427
1.09258
1.09629
1.10634
1.12192
1.14099
1.16115
1.18027
1.19659
1.20874
1.21556
1.21601
1.20935
1.19543
1.17544
1.15256
1.13141
1.11561
1.10521
1.09728
1.08891
1.07912
1.06902
1.06113
1.05866
1.06433
1.07889
1.10054
1.12557
1.14987
1.17016
1.18455
1.19238
1.19381
1.18945
1.17997
1.16618
1.14925
1.13132
1.11558
1.10554
1.10327
1.10849
1.11924
1.13319
1.14846
1.16361
1.17738
1.18852
1.19589
1.19865
1.19635
1.18912
1.17774
1.16382
1.14952
1.13677
1.12637
1.11806
1.11118
1.10485
1.0977
1.08834
1.07657
1.0639
1.0527
1.04492
1.0411
1.04036
1.04123
1.04276
1.04496
1.04858
1.05446
1.06311
1.07491
1.09012
1.10862
1.12952
1.15121
1.17174
1.18931
1.20264
1.2111
1.21468
1.21393
1.2099
1.2039
1.19712
1.1901
1.18252
1.17355
1.16246
1.14914
1.13403
1.1179
1.10166
1.08634
1.07326
1.06379
1.05877
1.05793
1.05963
1.06157
1.06185
1.0599
1.05637
1.05253
1.04989
1.04981
1.05263
1.05738
1.06253
1.06729
1.07184
1.07676
1.08232
1.08831
1.09429
1.09989
1.10465
1.10788
1.10871
1.10653
1.10159
1.09526
1.08977
1.08718
1.08822
1.09215
1.09721
1.10147
1.10322
1.10117
1.09457
1.08343
1.06865
1.05198
1.0358
1.02261
1.01444
1.01216
1.01525
1.02191
1.02968
1.03644
1.04115
1.04418
1.04688
1.05084
1.05722
1.06615
1.07656
1.08657
1.09448
1.09945
1.10155
1.1012
1.09875
1.09436
1.08819
1.08064
1.07214
1.06265
1.05138
1.0377
1.0224
1.00818
0.998671
0.996518
1.00197
1.01315
1.02759
1.04352
1.05994
1.07599
1.09032
1.101
1.1061
1.10448
1.09614
1.08208
1.06381
1.04281
1.02045
0.998014
0.977022
0.959098
0.945672
0.937733
0.93576
0.939533
0.947943
0.959237
0.971699
0.984267
0.996646
1.00901
1.02165
1.03464
1.04755
1.05932
1.06848
1.07353
1.07332
1.06727
1.05542
1.03879
1.01963
1.0015
0.988469
0.984023
0.990023
1.00585
1.02809
1.05184
1.07302
1.08985
1.10258
1.11248
1.12052
1.12689
1.13113
1.13296
1.13281
1.13159
1.1298
1.12737
1.12442
1.12196
1.12175
1.1252
1.13219
1.1408
1.14811
1.15142
1.14913
1.1411
1.12846
1.11309
1.09721
1.08299
1.07228
1.06631
1.06548
1.06923
1.07623
1.08453
1.09186
1.09611
1.09609
1.09213
1.08583
1.0792
1.07368
1.06968
1.067
1.06559
1.06596
1.06875
1.07393
1.08034
1.08598
1.08897
1.08856
1.08552
1.08174
1.07906
1.07824
1.0789
1.08033
1.08246
1.08591
1.09133
1.09869
1.107
1.11459
1.11958
1.12033
1.11568
1.10512
1.08876
1.06741
1.04276
1.01743
0.994966
0.979304
0.973531
0.978548
0.992524
1.01177
1.0325
1.05229
1.07043
1.08729
1.10342
1.11892
1.13327
1.14547
1.1541
1.15756
1.15432
1.14353
1.12598
1.10495
1.08578
1.07346
1.06997
1.07384
1.0821
1.09188
1.10089
1.10739
1.11028
1.10913
1.1044
1.09748
1.09064
1.08654
1.08729
1.09357
1.10437
1.11747
1.13026
1.14033
1.14573
1.1451
1.13775
1.12392
1.10502
1.08365
1.06342
1.04808
1.04015
1.04005
1.04647
1.0573
1.0704
1.08386
1.09607
1.10586
1.11256
1.11593
1.11601
1.11299
1.10729
1.09943
1.09005
1.07999
1.0706
1.06388
1.06191
1.06559
1.07371
1.08338
1.09166
1.09714
1.10036
1.10318
1.10753
1.11445
1.12378
1.13451
1.14539
1.15563
1.16513
1.17394
1.18171
1.18733
1.18923
1.18577
1.17556
1.15787
1.13311
1.10351
1.07304
1.0461
1.02569
1.01261
1.00644
1.00662
1.01262
1.0235
1.03771
1.05328
1.06821
1.08059
1.08843
1.08968
1.08274
1.0677
1.04755
1.0281
1.01556
1.01293
1.01842
1.02743
1.03591
1.04228
1.04741
1.05328
1.06134
1.07164
1.08278
1.09268
1.09953
1.10226
1.10066
1.0953
1.08756
1.07953
1.07356
1.07126
1.07281
1.07683
1.08122
1.08404
1.08402
1.08053
1.07356
1.06367
1.05189
1.03952
1.0277
1.01718
1.0083
1.00126
0.996605
0.995213
0.998017
1.00526
1.01599
1.02802
1.03858
1.04517
1.0463
1.04202
1.03405
1.02548
1.02019
1.02155
1.0309
1.04655
1.06434
1.07956
1.08879
1.09082
1.08655
1.07832
1.06901
1.06099
1.05551
1.05256
1.05129
1.05066
1.04993
1.04884
1.04748
1.04597
1.04437
1.04274
1.04127
1.0401
1.03916
1.03806
1.03612
1.03251
1.02659
1.01817
1.00788
0.997328
0.989056
0.986114
0.991048
1.00466
1.02541
1.05013
1.07536
1.09827
1.11682
1.1297
1.13645
1.13764
1.13475
1.12948
1.12303
1.11572
1.10723
1.0972
1.08579
1.07374
1.06219
1.0522
1.04443
1.03892
1.03527
1.03303
1.03202
1.03244
1.03465
1.03898
1.04588
1.056
1.07006
1.08846
1.11066
1.13511
1.15955
1.1817
1.19975
1.2124
1.21859
1.2173
1.2078
1.19018
1.16568
1.13679
1.10687
1.07954
1.05781
1.04337
1.03642
1.03579
1.03963
1.04634
1.05517
1.06592
1.07792
1.08955
1.09882
1.10401
1.10391
1.09785
1.08597
1.07016
1.05446
1.04377
1.04084
1.04559
1.05711
1.07413
1.09348
1.11043
1.12125
1.12485
1.12271
1.11759
1.11204
1.10731
1.1035
1.10043
1.09813
1.09664
1.09585
1.09535
1.09452
1.09276
1.08977
1.08581
1.0815
1.07767
1.07488
1.07326
1.07249
1.07196
1.07104
1.06942
1.0673
1.06557
1.06575
1.06978
1.07942
1.09532
1.11638
1.1399
1.16238
1.18055
1.19202
1.19543
1.19049
1.17784
1.15897
1.13622
1.11255
1.09112
1.07453
1.0639
1.05859
1.05658
1.05533
1.05278
1.04795
1.04101
1.03292
1.02511
1.01906
1.01612
1.01732
1.02325
1.03377
1.04805
1.06471
1.08197
1.09791
1.11075
1.11897
1.12151
1.11777
1.10781
1.09276
1.07521
1.05898
1.04791
1.04428
1.04818
1.0578
1.07031
1.08246
1.09117
1.09408
1.08993
1.07873
1.06185
1.04184
1.02211
1.0063
0.997524
0.997633
1.00683
1.02373
1.0458
1.06988
1.09275
1.11166
1.12459
1.13053
1.12947
1.12236
1.11087
1.09712
1.08331
1.07141
1.06265
1.05733
1.05494
1.05448
1.05498
1.05571
1.05608
1.05557
1.05371
1.0503
1.04565
1.04058
1.03606
1.03281
1.03097
1.03014
1.02964
1.02882
1.0273
1.02506
1.02256
1.02067
1.02056
1.02329
1.02951
1.03914
1.05127
1.06466
1.07828
1.09189
1.10586
1.12069
1.13659
1.15274
1.16643
1.17395
1.17298
1.16426
1.1514
1.13948
1.13316
1.13514
1.14549
1.162
1.18121
1.19944
1.2137
1.22242
1.22574
1.22524
1.22312
1.22116
1.22002
1.2191
1.21694
1.21174
1.20204
1.18724
1.1678
1.14526
1.12182
1.10001
1.08225
1.07029
1.06452
1.06346
1.06421
1.06359
1.05925
1.05041
1.03798
1.02412
1.01132
1.00134
0.994791
0.991595
0.991824
0.996147
1.00543
1.0198
1.03789
1.05684
1.07312
1.08378
1.08721
1.08347
1.07392
1.0607
1.0463
1.03325
1.02377
1.01936
1.02033
1.02557
1.0327
1.0389
1.04204
1.0415
1.03824
1.03429
1.03191
1.03274
1.03729
1.04506
1.05522
1.06709
1.08009
1.09328
1.10531
1.11491
1.1216
1.12567
1.12772
1.12827
1.12761
1.12603
1.12382
1.12132
1.11868
1.11563
1.11145
1.10524
1.09665
1.08629
1.07563
1.06649
1.06032
1.05793
1.05938
1.06403
1.07062
1.0776
1.08344
1.08709
1.08847
1.08865
1.08939
1.09204
1.09674
1.10262
1.10856
1.1138
1.11806
1.12121
1.12307
1.12368
1.12344
1.12264
1.12038
1.11445
1.10277
1.08553
1.06632
1.0514
1.04703
1.05607
1.07653
1.10314
1.1302
1.15345
1.17054
1.18055
1.18345
1.17979
1.17069
1.15782
1.14322
1.12876
1.11538
1.1026
1.08865
1.07183
1.05211
1.03167
1.01414
1.00279
0.999161
1.00264
1.0112
1.02269
1.03581
1.05019
1.06566
1.08136
1.09548
1.10595
1.11143
1.1118
1.10826
1.10276
1.09741
1.09376
1.0924
1.09301
