1.64202
1.64512
1.64771
1.64955
1.65112
1.65382
1.66008
1.67268
1.69348
1.722
1.75531
1.78896
1.81808
1.83846
1.84723
1.8437
1.8297
1.80916
1.78693
1.76704
1.75128
1.73914
1.72876
1.71847
1.7076
1.69628
1.685
1.67439
1.66495
1.65682
1.64945
1.64163
1.63228
1.6212
1.60928
1.59805
1.58896
1.58277
1.57974
1.58008
1.58422
1.59201
1.60191
1.61125
1.61796
1.62222
1.62658
1.63411
1.64613
1.66153
1.67774
1.69219
1.70307
1.70948
1.71125
1.70887
1.70328
1.69554
1.68645
1.67634
1.66519
1.65302
1.64042
1.62883
1.6204
1.61715
1.61998
1.62799
1.63868
1.64891
1.65592
1.65805
1.65513
1.64852
1.6407
1.63469
1.63299
1.63655
1.64439
1.654
1.66241
1.66701
1.66604
1.65866
1.64496
1.62607
1.60422
1.58237
1.56389
1.55256
1.55221
1.56452
1.58657
1.61192
1.63462
1.65195
1.66411
1.67194
1.67516
1.67264
1.6639
1.65001
1.63328
1.61625
1.60103
1.58909
1.58155
1.57928
1.58288
1.59222
1.60625
1.62305
1.64021
1.65532
1.66628
1.67123
1.66864
1.65761
1.63858
1.61365
1.5859
1.55792
1.53066
1.50364
1.47627
1.449
1.42374
1.40325
1.39066
1.38933
1.40241
1.43113
1.47317
1.5229
1.57349
1.61899
1.65532
1.68044
1.69416
1.69789
1.69442
1.68728
1.67995
1.67498
1.67348
1.675
1.67777
1.67938
1.67766
1.6713
1.66027
1.64592
1.63046
1.61622
1.60498
1.59764
1.59429
1.59445
1.59733
1.60177
1.6064
1.60962
1.60992
1.60649
1.59999
1.59299
1.58939
1.5927
1.604
1.62124
1.64013
1.65615
1.66617
1.66933
1.66702
1.66222
1.65832
1.65787
1.66173
1.66902
1.67767
1.68522
1.68983
1.69112
1.69035
1.69006
1.69287
1.70017
1.71115
1.72304
1.73251
1.73734
1.73719
1.73357
1.72905
1.72628
1.72743
1.73405
1.74723
1.76731
1.79339
1.82305
1.85264
1.87794
1.89506
1.90105
1.89412
1.87394
1.84182
1.80085
1.75585
1.71272
1.67698
1.65217
1.63881
1.63462
1.63625
1.64113
1.64855
1.65897
1.67238
1.68672
1.69799
1.70198
1.69613
1.6807
1.6586
1.63463
1.61426
1.60206
1.60058
1.60962
1.6263
1.64594
1.66361
1.6756
1.68046
1.67916
1.67476
1.67172
1.67467
1.68665
1.70738
1.73275
1.75658
1.77331
1.77968
1.77505
1.7609
1.73974
1.7141
1.686
1.657
1.62938
1.60703
1.59444
1.59336
1.6009
1.61169
1.62153
1.62908
1.63527
1.64169
1.64912
1.65656
1.66136
1.66025
1.65074
1.63225
1.60653
1.57721
1.54892
1.52622
1.51281
1.51102
1.52116
1.54072
1.56428
1.58521
1.59807
1.60021
1.59222
1.57736
1.56045
1.54629
1.53829
1.53817
1.54619
1.56168
1.58311
1.60796
1.63299
1.65493
1.67114
1.67985
1.68015
1.67201
1.65634
1.63497
1.61054
1.58625
1.56566
1.55194
1.54694
1.55025
1.55938
1.57066
1.58082
1.58853
1.59478
1.60221
1.61343
1.6294
1.64894
1.66927
1.68729
1.70049
1.70718
1.70653
1.69834
1.68292
1.66094
1.63333
1.60131
1.56642
1.53063
1.49623
1.46552
1.44038
1.42207
1.4113
1.40838
1.41335
1.42622
1.4471
1.47622
1.5135
1.55796
1.60754
1.65926
1.70978
1.75577
1.79421
1.82274
1.83988
1.84518
1.8394
1.82434
1.8027
1.7778
1.75309
1.73181
1.71655
1.70906
1.70988
1.71816
1.73177
1.74775
1.76291
1.77449
1.78038
1.77917
1.7701
1.75341
1.73087
1.70614
1.68431
1.66994
1.66463
1.66616
1.67001
1.67175
1.66869
1.66016
1.64709
1.63145
1.61558
1.60153
1.59046
1.58244
1.57703
1.57448
1.57653
1.58539
1.60127
1.62135
1.64124
1.65707
1.66654
1.66864
1.66336
1.65153
1.6348
1.61545
1.59607
1.57896
1.56601
1.55846
1.55703
1.56191
1.57278
1.58895
1.60929
1.63213
1.65518
1.67582
1.6918
1.70156
1.70422
1.69934
1.68676
1.66684
1.64096
1.61163
1.58224
1.55619
1.53624
1.52405
1.5203
1.52514
1.53849
1.56001
1.58845
1.62111
1.65402
1.6827
1.70341
1.71396
1.71408
1.70516
1.68957
1.67007
1.64929
1.62948
1.61259
1.60018
1.59328
1.59215
1.59614
1.60397
1.61416
1.62562
1.63781
1.6504
1.66281
1.67404
1.6828
1.68801
1.68929
1.68716
1.68306
1.67877
1.6757
1.67424
1.67359
1.67224
1.66872
1.66229
1.65304
1.6416
1.62864
1.6148
1.60063
1.58678
1.57408
1.56359
1.55683
1.55588
1.56287
1.57873
1.60221
1.63019
1.65864
1.6839
1.7033
1.71549
1.72023
1.718
1.71008
1.69866
1.68702
1.67884
1.67688
1.68159
1.69094
1.70146
1.70994
1.71452
1.71503
1.71229
1.70731
1.70037
1.69104
1.6786
1.66281
1.64431
1.62462
1.60577
1.58997
1.57916
1.57427
1.57498
1.58052
1.59068
1.60625
1.62809
1.65583
1.6871
1.71783
1.74365
1.76129
1.76945
1.76879
1.76128
1.74933
1.73515
1.72059
1.70719
1.6963
1.68895
1.6855
1.68514
1.68596
1.68556
1.68219
1.67539
1.6658
1.65453
1.64211
1.62849
1.61441
1.60262
1.59732
1.60154
1.61472
1.63235
1.64818
1.65707
1.65686
1.6488
1.63677
1.62565
1.61959
1.62059
1.62849
1.64186
1.65875
1.67657
1.6921
1.70249
1.706
1.70196
1.69018
1.67068
1.64437
1.61442
1.58715
1.57031
1.56923
1.58379
1.60906
1.6378
1.66286
1.67952
1.68703
1.68824
1.68698
1.68532
1.68309
1.67926
1.67334
1.66549
1.6562
1.6458
1.63455
1.62312
1.61294
1.60603
1.60433
1.60879
1.61907
1.63406
1.65282
1.67522
1.70104
1.72805
1.75135
1.76499
1.76502
1.75097
1.7255
1.69317
1.65896
1.62719
1.60061
1.58021
1.56545
1.55487
1.54679
1.53989
1.53362
1.52827
1.52451
1.52285
1.5235
1.52681
1.53348
1.54421
1.5589
1.57624
1.59411
1.6104
1.6238
1.63404
1.64162
1.64688
1.64969
1.64973
1.64712
1.64238
1.636
1.62808
1.61839
1.60692
1.59423
1.58161
1.5708
1.56336
1.56028
1.5617
1.56702
1.57513
1.58465
1.59409
1.60204
1.60747
1.61027
1.61159
1.61407
1.62122
1.63607
1.65947
1.68928
1.72111
1.75031
1.77361
1.78968
1.79879
1.80184
1.79945
1.79167
1.77817
1.75872
1.73334
1.70254
1.66735
1.62953
1.59184
1.55773
1.53023
1.51056
1.49801
1.49132
1.49
1.49423
1.50402
1.51871
1.53684
1.55653
1.57586
1.5934
1.60849
1.62131
1.63278
1.64421
1.6568
1.67118
1.6869
1.7023
1.71483
1.72182
1.72124
1.71247
1.69686
1.67763
1.6596
1.64795
1.64679
1.65767
1.6791
1.70704
1.73614
1.76117
1.77795
1.7838
1.77779
1.76114
1.73759
1.71282
1.69217
1.67798
1.66937
1.66424
1.66085
1.65849
1.65729
1.65773
1.65974
1.66194
1.66188
1.65711
1.64687
1.63267
1.61723
1.60256
1.58879
1.57482
1.55952
1.5425
1.52435
1.50666
1.49167
1.4817
1.47867
1.48377
1.49716
1.51772
1.54306
1.57019
1.59629
1.61931
1.6382
1.65287
1.66374
1.67137
1.67577
1.67616
1.6712
1.65958
1.64067
1.61483
1.58337
1.5485
1.51339
1.48227
1.45994
1.45049
1.45564
1.47413
1.50255
1.53683
1.5733
1.60912
1.64244
1.67249
1.69934
1.72332
1.74447
1.76231
1.77613
1.78536
1.78981
1.78965
1.78535
1.77767
1.76777
1.75715
1.74744
1.73995
1.73506
1.73205
1.72928
1.72465
1.71623
1.70295
1.68497
1.6637
1.64165
1.62201
1.60836
1.60397
1.61099
1.62961
1.6577
1.69099
1.724
1.75165
1.77075
1.78107
1.78508
1.78657
1.78857
1.79196
1.79556
1.79738
1.79599
1.79105
1.78324
1.77376
1.76394
1.755
1.74791
1.74305
1.74004
1.73761
1.73388
1.72703
1.71605
1.70112
1.68351
1.66506
1.6477
1.63319
1.62335
1.62013
1.62514
1.63887
1.66002
1.68563
1.71211
1.73625
1.7557
1.76892
1.77508
1.77407
1.76643
1.75333
1.73627
1.71672
1.69551
1.67282
1.64855
1.62326
1.59875
1.57799
1.5641
1.55894
1.56196
1.57038
1.58086
1.59129
1.6014
1.61211
1.6244
1.63841
1.65309
1.6665
1.67624
1.67997
1.67585
1.66311
1.64253
1.61639
1.58788
1.56015
1.53622
1.51858
1.50818
1.50387
1.50347
1.50552
1.51005
1.5177
1.52822
1.53999
1.55078
1.55897
1.56418
1.56698
1.56838
1.56947
1.57128
1.5749
1.58141
1.59152
1.60536
1.62231
1.64124
1.66063
1.67876
1.69374
1.70362
1.70666
1.70147
1.68743
1.66511
1.63698
1.60765
1.58277
1.56682
1.56128
1.56489
1.57544
1.59109
1.61029
1.63117
1.65156
1.66978
1.68535
1.69872
1.71043
1.72019
1.72663
1.72763
1.72105
1.70549
1.68073
1.64785
1.60931
1.56882
1.53095
1.50026
1.47999
1.47109
1.47226
1.4811
1.49515
1.51226
1.53023
1.54672
1.55979
1.56871
1.57474
1.58066
1.58931
1.60215
1.61866
1.6368
1.65387
1.66718
1.67429
1.67329
1.66312
1.64397
1.61768
1.58803
1.56052
1.54139
1.53599
1.54711
1.57378
1.61153
1.6538
1.69409
1.72759
1.75174
1.76602
1.77121
1.76861
1.75961
1.74529
1.72651
1.70423
1.67994
1.65595
1.6353
1.62119
1.6162
1.62133
1.63558
1.65592
1.678
1.69737
1.7106
1.71588
1.71298
1.70284
1.68712
1.66781
1.64691
1.62624
1.60725
1.59102
1.57843
1.57052
1.56847
1.57293
1.58315
1.59676
1.61076
1.62297
1.63317
1.64271
1.65274
1.66269
1.6702
1.67271
1.66939
1.66167
1.65226
1.64357
1.63651
1.63069
1.6255
1.62088
1.61719
1.61466
1.61309
1.61201
1.61111
1.6105
1.61063
1.61175
1.61347
1.61479
1.61452
1.61195
1.60697
1.59994
1.59112
1.58049
1.56782
1.55307
1.53703
1.5215
1.50916
1.50286
1.50492
1.51636
1.53662
1.56331
1.59285
1.62157
1.64682
1.66731
1.68288
1.69395
1.70122
1.70534
1.70687
1.70647
1.70497
1.70336
1.70245
1.70211
1.70059
1.69505
1.68281
1.66282
1.63651
1.60766
1.58142
1.5627
1.55456
1.55732
1.5688
1.58549
1.60402
1.62188
1.6372
1.64846
1.65486
1.65689
1.65606
1.65369
1.64965
1.64271
1.632
1.61818
1.60352
1.59101
1.58323
1.5814
1.58503
1.59228
1.60086
1.60889
1.61551
1.62088
1.62561
1.6302
1.6346
1.63801
1.63925
1.6375
1.63327
1.62873
1.62651
1.62786
1.63154
1.63494
1.63628
1.6359
1.63567
1.63701
1.63925
1.63989
1.63635
1.62763
1.61494
1.60135
1.59045
1.5846
1.58377
1.58584
1.58823
1.58958
1.59015
1.59118
1.59366
1.59727
1.60028
1.60013
1.59467
1.58322
1.56713
1.54948
1.53437
1.52629
1.52924
1.54462
1.56939
1.59752
1.62349
1.64442
1.65958
1.66916
1.67335
1.67219
1.66559
1.6538
1.63762
1.61851
1.59856
1.58048
1.56728
1.56175
1.56552
1.57825
1.59748
1.61984
1.64219
1.66256
1.68008
1.69475
1.7071
1.71779
1.72729
1.73565
1.74253
1.7475
1.75041
1.75147
1.75115
1.74994
1.74809
1.74538
1.74083
1.73255
1.71796
1.69468
1.66189
1.62204
1.58166
1.54904
1.52978
1.52462
1.53123
1.54671
1.56822
1.59274
1.61657
1.63526
1.64411
1.63999
1.62385
1.60231
1.58487
1.57718
1.5779
1.58257
1.58818
1.59354
1.59801
1.60095
1.60197
1.60136
1.60021
1.59996
1.60157
1.6053
1.61055
1.61614
1.62057
1.62251
1.62154
1.61854
1.61578
1.61623
1.62223
1.63402
1.64938
1.66452
1.67545
1.67917
1.67435
1.66163
1.64359
1.62435
1.60856
1.59999
1.60056
1.61016
1.62714
1.649
1.67288
1.69603
1.71608
1.73131
1.74064
1.74349
1.73985
1.73047
1.71697
1.70142
1.68563
1.67055
1.65627
1.64233
1.62806
1.61277
1.59605
1.57782
1.55845
1.53875
1.51994
1.50349
1.49086
1.48322
1.48114
1.48487
1.49479
1.51124
1.53386
1.5608
1.58889
1.61486
1.6364
1.65245
1.66277
1.6673
1.66599
1.65891
1.64632
1.62877
1.60714
1.58291
1.55873
1.5388
1.52851
1.53235
1.5515
1.58284
1.62043
1.65806
1.691
1.7164
1.73295
1.74034
1.739
1.72999
1.71496
1.69609
1.67595
1.65725
1.64238
1.63303
1.6298
1.63209
1.63812
1.64536
1.65111
1.65321
1.65057
1.64339
1.63275
1.62022
1.60747
1.59609
1.58739
1.58211
1.58039
1.58197
1.58655
1.59385
1.6034
1.61445
1.6262
1.63796
1.64928
1.65987
1.66933
1.67717
1.68281
1.68579
1.68631
1.6857
1.68605
1.689
1.69489
1.70308
1.71325
1.72573
1.74078
1.75739
1.77314
1.78509
1.79102
1.79014
1.78295
1.77047
1.75357
1.7327
1.7082
1.68076
1.65185
1.62365
1.5986
1.57865
1.5643
1.55442
1.54714
1.5415
1.53871
1.54137
1.55056
1.56374
1.57607
1.58373
1.58587
1.58404
1.58069
1.5778
1.57627
1.57617
1.57718
1.57892
1.58137
1.58504
1.59074
1.59903
1.60967
1.62189
1.63475
1.64722
1.6582
1.66664
1.67192
1.67381
1.67236
1.66762
1.65956
1.64806
1.63306
1.61486
1.59425
1.57264
1.55195
1.53439
1.52222
1.51744
1.52141
1.53432
1.55473
1.57944
1.60418
1.62463
1.6375
1.64117
1.63607
1.62448
1.61009
1.597
1.58884
1.58799
1.59511
1.60908
1.62712
1.64548
1.66052
1.66978
1.67254
1.66987
1.66392
1.65707
1.65119
1.6472
1.64505
1.64382
1.64201
1.63801
1.63074
1.62034
1.60868
1.5993
1.59638
1.60291
1.61902
1.64168
1.66666
1.691
1.71386
1.73546
1.75551
1.77274
1.78525
1.79137
1.79033
1.78254
1.76963
1.75414
1.73896
1.72658
1.71842
1.71465
1.71435
1.71593
1.71759
1.7179
1.71613
1.71198
1.70516
1.69523
1.68211
1.66709
1.6528
1.64149
1.63332
1.62649
1.61894
1.60971
1.59924
1.58913
1.58172
1.57932
1.58312
1.59283
1.60697
1.62363
1.64097
1.65749
1.67208
1.68404
1.69298
1.69874
1.70132
1.70108
1.69872
1.69554
1.69313
1.69302
1.69583
1.70065
1.70524
1.70694
1.70383
1.69561
1.68385
1.67142
1.66135
1.65559
1.65426
1.65575
1.65778
1.65859
1.6575
1.65466
1.65059
1.64587
1.64105
1.63678
1.63353
1.63097
1.62768
1.62165
1.61147
1.59755
1.5825
1.57047
1.56557
1.56954
1.58063
1.59438
1.60568
1.61079
1.60801
1.59755
1.5809
1.5603
1.5382
1.51694
1.49857
1.48486
1.4771
1.47591
1.48085
1.49051
1.50268
1.51477
1.52452
1.53063
1.53335
1.53463
1.53772
1.54634
1.56356
1.59074
1.62698
1.66925
1.71311
1.75408
1.78869
1.81524
1.83371
1.84499
1.85003
1.84932
1.84295
1.83094
1.81341
1.79086
1.76432
1.73556
1.70677
1.68014
1.65733
1.63956
1.62777
1.62212
1.62123
1.62194
1.62079
1.61583
1.60751
1.59805
1.59014
1.58571
1.58562
1.58981
1.59777
1.60881
1.62224
1.63727
1.65295
1.66811
1.68161
1.69286
1.70229
1.71135
1.72169
1.73398
1.74729
1.7595
1.76821
1.77164
1.76931
1.76214
1.75222
1.74177
1.73206
1.72292
1.71314
1.7014
1.68694
1.66996
1.65157
1.63368
1.61834
1.60705
1.60022
1.59729
1.59707
1.59838
1.60034
1.60256
1.60493
1.60746
1.61036
1.61445
1.62149
1.63332
1.65059
1.6719
1.69418
1.71411
1.7291
1.73798
1.74109
1.73972
1.73528
1.72866
1.72015
1.70976
1.69737
1.68258
1.66467
1.64279
1.61627
1.58536
1.55179
1.51901
1.49181
1.4751
1.47212
1.483
1.5048
1.53305
1.56342
1.59263
1.6186
1.64045
1.65823
1.67262
1.68425
1.69327
1.69904
1.70027
1.69537
1.68296
1.66269
1.63614
1.60723
1.58184
1.56596
1.56311
1.57254
1.58975
1.60889
1.6256
1.63821
1.64724
1.65371
1.65782
1.65895
1.65674
1.65243
1.64915
1.65043
1.65791
1.66966
1.68097
1.68707
1.68571
1.67779
1.66636
1.655
1.64637
1.64141
1.63914
1.637
1.63204
1.62198
1.60589
1.58438
1.55941
1.53378
1.51024
1.49076
1.47617
1.46691
1.46353
1.46661
1.47615
1.49116
1.50958
1.52872
1.5459
1.55905
1.56702
1.56954
1.56733
1.56216
1.55677
1.55437
1.55792
1.5693
1.58906
1.6164
1.64955
1.68624
1.72394
1.76032
1.79316
1.82048
1.84067
1.85272
1.85659
1.85342
1.84515
1.83389
1.82119
1.8075
1.79244
1.7753
1.75577
1.73447
1.71318
1.6947
1.682
1.67695
1.67914
1.68581
1.69341
1.69968
1.7047
1.71027
1.71773
1.72605
1.73221
1.73358
1.7297
1.72237
1.71422
1.70729
1.70237
1.69905
1.69622
1.69252
1.68681
1.67857
1.66819
1.65687
1.64619
1.63749
1.63129
1.62741
1.6253
1.62446
1.62452
1.62518
1.6261
1.627
1.62792
1.62925
1.63168
1.63573
1.64153
1.64853
1.65565
1.66162
1.66521
1.66524
1.66043
1.6495
1.63184
1.60812
1.58026
1.55092
1.52275
1.49843
1.48067
1.47177
1.47312
1.48476
1.5056
1.5336
1.56569
1.59806
1.62681
1.64882
1.66245
1.66773
1.66627
1.66101
1.65545
1.65255
1.65388
1.65932
1.66767
1.67729
1.68667
1.69474
1.70092
1.70503
1.707
1.70659
1.70324
1.69656
1.68681
1.67517
1.6632
1.65216
1.6425
1.63394
1.62616
1.61983
1.61664
1.61821
1.6246
1.63389
1.64294
1.6488
1.64987
1.64631
1.63961
1.63182
1.62449
1.61831
1.61323
1.60886
1.60491
1.60154
1.59939
1.59946
1.60239
1.60792
1.61465
1.62063
1.62446
1.62601
1.62636
1.62699
1.62914
1.63361
1.64088
1.65094
1.66327
1.67665
1.68928
1.69939
1.70574
1.708
1.70679
1.70333
1.69891
1.69441
1.69009
1.68583
1.68145
1.67714
1.6737
1.67238
1.67424
1.67923
1.68564
1.69063
1.69147
1.68665
1.67622
1.66143
1.64372
1.62407
1.60299
1.58122
1.56007
1.54122
1.52637
1.51693
1.51425
1.51971
1.53462
1.5594
1.59268
1.63098
1.66945
1.70328
1.72885
1.74417
1.74909
1.74537
1.73643
1.72627
1.71781
1.7118
1.70742
1.70401
1.70179
1.70107
1.70089
1.69876
1.69154
1.67702
1.65506
1.62797
1.59982
1.57481
1.55577
1.54352
1.53721
1.53472
1.53308
1.52975
1.52397
1.51733
1.51284
1.51333
1.52
1.53208
1.54718
1.56228
1.57456
1.58206
1.58393
1.58083
1.5754
1.57199
1.57463
1.58438
1.59932
1.6169
1.63563
1.65414
1.66958
1.67771
1.67493
1.66026
1.63574
1.60552
1.57436
1.54606
1.52259
1.50407
1.48962
1.47838
1.47041
1.46688
1.46973
1.48049
1.49921
1.52407
1.55202
1.5798
1.6047
1.62494
1.63969
1.64913
1.65435
1.65703
1.65915
1.6625
1.66835
1.67732
1.68931
1.70367
1.71917
1.73423
1.74708
1.75602
1.7595
1.75631
1.74578
1.72792
1.70367
1.67503
1.64487
1.61643
1.59249
1.57481
1.56403
1.55998
1.56206
1.56944
1.58132
1.59723
1.61694
1.64007
1.66534
1.69043
1.71266
1.73
1.74155
1.74731
1.74782
1.74371
1.73556
1.72405
1.7104
1.69663
1.68542
1.67923
1.67917
1.68429
1.69211
1.6998
1.70559
1.70945
1.71253
1.71587
1.7192
1.72079
1.71851
1.7115
1.70121
1.69082
1.68315
1.6785
1.6746
1.66873
1.65975
1.64851
1.63679
1.6262
1.61776
1.61193
1.60909
1.60973
1.61459
1.62451
1.63992
1.66034
1.68392
1.70746
1.72699
1.73904
1.74179
1.73569
1.7231
1.7072
1.69068
1.6748
1.6594
1.64424
1.63051
1.62133
1.62021
1.62884
1.64591
1.66824
1.69256
1.71671
1.7396
1.76066
1.77946
1.79541
1.80737
1.81326
1.81041
1.79652
1.77136
1.73788
1.70196
1.67051
1.64876
1.63858
1.6386
1.64564
1.65628
1.66773
1.678
1.68567
1.68971
1.68961
1.68553
1.67856
1.67066
1.66427
1.66124
1.66161
1.66308
1.66163
1.6535
1.63727
1.61507
1.59167
1.5719
1.55836
1.55148
1.55119
1.55758
1.56981
1.58533
1.60069
1.61327
1.62213
1.62726
1.62846
1.62479
1.61502
1.59861
1.57648
1.5514
1.52763
1.51005
1.50283
1.50787
1.52395
1.54728
1.57335
1.5983
1.61956
1.63564
1.64597
1.65071
1.65042
1.64563
1.63671
1.62381
1.60754
1.58923
1.5709
1.55489
1.54369
1.53974
1.54465
1.55815
1.57766
1.59922
1.61891
1.63418
1.64398
1.64841
1.64831
1.64502
1.64047
1.63722
1.63808
1.64522
1.65939
1.67978
1.70458
1.73165
1.75873
1.78338
1.80324
1.81616
1.82069
1.81648
1.80452
1.78711
1.76764
1.74971
1.7361
1.72772
1.7235
1.72095
1.71728
1.71047
1.69999
1.68708
1.67445
1.66574
1.6643
1.67174
1.68688
1.70588
1.72367
1.73587
1.74012
1.73639
1.72665
1.71399
1.70163
1.69192
1.68584
1.68322
1.68328
1.68501
1.68729
1.68891
1.6887
1.68577
1.67987
1.67149
1.66183
1.65252
1.64519
1.64092
1.63987
1.64101
1.64228
1.64117
1.63566
1.6251
1.61093
1.59628
1.5841
1.57491
1.56734
1.56129
1.55963
1.5658
1.57956
1.59606
1.60874
1.6129
1.6073
1.59386
1.57683
1.56153
1.55288
1.55397
1.56496
1.58339
1.60578
1.62948
1.6539
1.67978
1.70722
1.73418
1.75678
1.77089
1.77359
1.76396
1.74342
1.71581
1.68671
1.66184
1.64546
1.63957
1.64366
1.65499
1.66946
1.68306
1.69326
1.69946
1.7024
1.70305
1.70154
1.69715
1.68894
1.67649
1.66011
1.64083
1.6202
1.60006
1.58219
1.56812
1.55904
1.55591
1.5594
1.56932
1.58383
1.5996
1.61279
1.6204
1.62111
1.61547
1.60575
1.59514
1.58688
1.58369
1.58748
1.599
1.61757
1.64118
1.66723
1.69306
1.71635
1.73502
1.74751
1.75315
1.75277
1.7487
1.74412
1.74153
1.74161
1.74338
1.74538
1.7464
1.74567
1.74238
1.73539
1.72343
1.7057
1.68255
1.65585
1.62863
1.60427
1.58549
1.57369
1.56893
1.57016
1.57559
1.58307
1.59047
1.59593
1.59793
1.59525
1.58707
1.57318
1.55424
1.5319
1.50882
1.48874
1.47622
1.4753
1.48744
1.5107
1.54095
1.57389
1.60603
1.63492
1.65877
1.67634
1.68687
1.69025
1.68722
1.67932
1.66848
1.65629
1.6433
1.6293
1.61406
1.5981
1.58296
1.57073
1.56322
1.56155
1.56617
1.57699
1.59296
1.61175
1.63003
1.64442
1.65298
1.65658
1.65964
1.66862
1.6878
1.71525
1.74399
1.76705
1.78084
1.78524
1.78182
1.7723
1.7576
1.73764
1.71212
1.68179
1.64967
1.62114
1.60205
1.59607
1.60278
1.61857
1.63871
1.65899
1.67614
1.68773
1.69217
1.68901
1.67911
1.66463
1.64876
1.63485
1.62548
1.62217
1.62539
1.63484
1.64915
1.66589
1.68195
1.69467
1.70284
1.70674
1.70742
1.7056
1.70115
1.69339
1.68161
1.66566
1.64602
1.62391
1.60097
1.57908
1.56011
1.54565
1.53694
1.53482
1.53961
1.55078
1.56625
1.58206
1.59329
1.5961
1.5895
1.57565
1.55897
1.54417
1.53456
1.53126
1.53381
1.54118
1.55257
1.5672
1.58396
1.60132
1.61741
1.63062
1.63982
1.64463
1.64543
1.64317
1.6391
1.63445
1.63009
1.62637
1.62327
1.62075
1.61919
1.61937
1.62212
1.62759
1.63488
1.64193
1.64589
1.64395
1.63418
1.61612
1.59093
1.56112
1.5302
1.50222
1.48118
1.47005
1.46996
1.48011
1.49846
1.52276
1.5511
1.58188
1.61355
1.64465
1.67396
1.7005
1.72358
1.74238
1.75577
1.76226
1.76049
1.74973
1.73014
1.70308
1.67123
1.63846
1.60939
1.58836
1.57786
1.57754
1.58453
1.59496
1.60562
1.61485
1.62235
1.62866
1.63447
1.64022
1.64586
1.65098
1.65531
1.6595
1.66497
1.67255
1.68103
1.68769
1.69034
1.6887
1.68428
1.67951
1.67681
1.67746
1.68097
1.68476
1.68519
1.67935
1.66686
1.65047
1.63477
1.62365
1.6185
1.61905
1.62569
1.64011
1.66273
1.68977
1.71385
1.72822
1.7302
1.72169
1.70753
1.6936
1.68531
1.68643
1.69816
1.71892
1.74512
1.77253
1.79729
1.81622
1.82699
1.82833
1.82034
1.80486
1.78525
1.76527
1.74757
1.73268
1.71918
1.70525
1.69015
1.67488
1.66161
1.65247
1.64823
1.64766
1.64805
1.64616
1.63954
1.62707
1.60898
1.58633
1.56082
1.5346
1.51035
1.49109
1.47969
1.47828
1.48743
1.50578
1.53012
1.55642
1.58085
1.60064
1.61426
1.62139
1.62269
1.61943
1.61308
1.60479
1.59521
1.58446
1.57241
1.55907
1.54477
1.53004
1.51534
1.50107
1.48768
1.47584
1.46654
1.46099
1.46071
1.46738
1.48221
1.50458
1.53178
1.56009
1.58669
1.61098
1.63428
1.65789
1.68129
1.70196
1.71682
1.72362
1.72163
1.71181
1.69671
1.68014
1.66642
1.65936
1.66146
1.67319
1.69249
1.71543
1.73809
1.75809
1.77448
1.78701
1.79545
1.79942
1.79866
1.79329
1.78376
1.77067
1.7543
1.73462
1.71176
1.68653
1.66057
1.63578
1.61354
1.5943
1.57788
1.56413
1.55358
1.54743
1.54712
1.55337
1.56558
1.5818
1.59931
1.61545
1.62838
1.6372
1.64184
1.64254
1.63957
1.63329
1.62433
1.61371
1.60257
1.59163
1.58085
1.56975
1.55825
1.54758
1.54
1.53784
1.54236
1.55314
1.56839
1.5859
1.60389
1.62131
1.63733
1.65064
1.6592
1.66069
1.65334
1.63714
1.61462
1.59081
1.57162
1.56169
1.56346
1.57714
1.60062
1.62935
1.65746
1.67942
1.69154
1.69263
1.68428
1.67066
1.65741
1.64944
1.64868
1.65348
1.65995
1.6642
1.66387
1.65855
1.64945
1.63858
1.62791
1.61866
1.61105
1.60463
1.59891
1.59421
1.59204
1.59479
1.60436
1.62062
1.64116
1.66235
1.68078
1.69411
1.70122
1.70187
1.69626
1.68475
1.66786
1.6464
1.6215
1.59493
1.56909
1.54686
1.53119
1.52448
1.52785
1.54047
1.55948
1.5807
1.60003
1.61474
1.62428
1.6304
1.63602
1.64376
1.6545
1.66706
1.6788
1.68686
1.68917
1.68507
1.67544
1.66269
1.65019
1.64153
1.63929
1.64401
1.65383
1.66511
1.67372
1.67628
1.67096
1.65776
1.6381
1.61443
1.5896
1.56652
1.54811
1.53691
1.53425
1.53947
1.5499
1.56191
1.57239
1.57984
1.58468
1.5885
1.59293
1.5991
1.60741
1.61774
1.62941
1.64116
1.65147
1.65923
1.66426
1.66757
1.67088
1.6757
1.68283
1.69199
1.70205
1.71129
1.71809
1.72189
1.72379
1.72563
1.72838
1.73145
1.73356
1.73396
1.73274
1.73029
1.72665
1.7215
1.71446
1.70547
1.69473
1.68249
1.66883
1.65364
1.63696
1.61937
1.60236
1.58814
1.5789
1.57598
1.57931
1.58777
1.59997
1.61515
1.63327
1.65419
1.67639
1.69651
1.71037
1.71491
1.70957
1.6963
1.67837
1.65873
1.63907
1.62035
1.60371
1.5904
1.58109
1.57516
1.57072
1.56564
1.5587
1.55039
1.54287
1.53907
1.54151
1.55143
1.56837
1.59052
1.61544
1.64079
1.66478
1.68628
1.70445
1.71849
1.72747
1.73042
1.72667
1.71602
1.69898
1.67687
1.65191
1.62711
1.60576
1.59078
1.58455
1.58894
1.60516
1.63274
1.66861
1.70744
1.74348
1.77243
1.79214
1.80253
1.80483
1.80099
1.79304
1.78277
1.77129
1.75904
1.74604
1.73274
1.72065
1.71218
1.70941
1.71272
1.72051
1.73036
1.74041
1.74994
1.75905
1.76792
1.77648
1.78414
1.78994
1.79286
1.79215
1.78766
1.78003
1.7706
1.76083
1.75169
1.74322
1.73459
1.72448
1.71148
1.69437
1.67246
1.6461
1.61713
1.58923
1.56763
1.55729
1.55985
1.57196
1.58717
1.59962
1.60616
1.60659
1.60279
1.5976
1.59363
1.59258
1.59551
1.60329
1.6167
1.63589
1.6598
1.68609
1.71181
1.73435
1.75202
1.76407
1.77047
1.77151
1.768
1.76132
1.75339
1.74611
1.74063
1.73647
1.73139
1.72224
1.70633
1.68264
1.65227
1.6181
1.58415
1.55451
1.53232
1.51863
1.51221
1.51034
1.51031
1.51041
1.51027
1.51081
1.51378
1.52134
1.5356
1.55783
1.58785
1.62379
1.66233
1.69934
1.73068
1.75308
1.76449
1.76421
1.75254
1.73056
1.70004
1.66328
1.62307
1.58243
1.54434
1.51145
1.48581
1.46892
1.46184
1.46485
1.47629
1.49229
1.50781
1.51863
1.52273
1.52056
1.51395
1.50457
1.49266
1.4774
1.45902
1.44152
1.43253
1.43785
1.45501
1.47492
1.48995
1.49915
1.50679
1.51825
1.53646
1.56064
1.58731
1.61237
1.63286
1.64751
1.65634
1.65976
1.65824
1.65233
1.64288
1.63126
1.61894
1.60698
1.5959
1.58586
1.57717
1.57055
1.56687
1.56663
1.56923
1.57271
1.57401
1.5698
1.55803
1.53936
1.5177
1.49944
1.49104
1.49668
1.51705
1.5496
1.58968
1.63216
1.6727
1.7084
1.73773
1.76025
1.77618
1.78606
1.79074
1.79135
1.78938
1.78644
1.78359
1.7808
1.77697
1.77092
1.76244
1.75217
1.74071
1.72827
1.71487
1.70099
1.68757
1.67568
1.66598
1.65838
1.65242
1.64807
1.64657
1.64985
1.65869
1.67118
1.68321
1.69086
1.69219
1.68732
1.67746
1.66408
1.64866
1.63323
1.62051
1.6133
1.61316
1.61957
1.62994
1.64075
1.64876
1.65176
1.64874
1.6399
1.62657
1.61089
1.59523
1.58169
1.57177
1.56637
1.56595
1.57048
1.5794
1.59142
1.6048
1.61762
1.62818
1.63524
1.63824
1.63744
1.63413
1.63055
1.62923
1.63171
1.63767
1.64542
1.65298
1.65879
1.66166
1.66062
1.65546
1.64726
1.63876
1.6337
1.63534
1.64488
1.66065
1.67889
1.69532
1.7065
1.71049
1.70681
1.69626
1.68067
1.66277
1.64598
1.63397
1.62979
1.63483
1.6481
1.66646
1.68559
1.70117
1.70965
1.70888
1.69841
1.6796
1.6555
1.63056
1.60989
1.59818
1.59832
1.6103
1.63138
1.65708
1.68299
1.70613
1.72507
1.73927
1.7484
1.75234
1.75132
1.74609
1.73765
1.72728
1.71622
1.70542
1.69525
1.68535
1.67479
1.66228
1.64642
1.62593
1.60015
1.56953
1.5358
1.50158
1.47023
1.44588
1.43315
1.43583
1.45473
1.48645
1.52418
1.56019
1.58857
1.60695
1.61648
1.62067
1.62364
1.62849
1.63599
1.64468
1.65203
1.65603
1.65619
1.65356
1.65021
1.64828
1.64925
1.65365
1.66132
1.67193
1.68534
1.70157
1.72064
1.74205
1.76452
1.78598
1.80391
1.81589
1.82004
1.81539
1.80186
1.78024
1.75194
1.71866
1.68212
1.64403
1.60655
1.57238
1.54428
1.52421
1.51267
1.50902
1.51209
1.52075
1.53404
1.55088
1.56995
1.58946
1.60733
1.62156
1.63085
1.63506
1.63522
1.63323
1.63121
1.63096
1.63384
1.64064
1.6513
1.66473
1.67898
1.69204
1.70278
1.71126
1.71844
1.72574
1.73462
1.7464
1.76192
1.78128
1.80368
1.82735
1.84985
1.86802
1.87851
1.87865
1.86712
1.84414
1.81137
1.77176
1.72946
1.68939
1.65624
1.63308
1.62042
1.61619
1.61658
1.61729
1.61472
1.60693
1.59434
1.57972
1.56697
1.55956
1.55931
1.56587
1.57704
1.58937
1.5995
1.60584
1.6096
1.61418
1.62261
1.63523
1.64998
1.66411
1.67557
1.68311
1.68581
1.683
1.67465
1.66181
1.64668
1.63222
1.62178
1.61827
1.6235
1.6378
1.65995
1.68735
1.71635
1.74277
1.76297
1.77479
1.77792
1.77347
1.76304
1.74796
1.72935
1.70847
1.68711
1.66733
1.65057
1.63692
1.62537
1.61492
1.60552
1.59783
1.59234
1.58864
1.58547
1.5812
1.5743
1.56369
1.54913
1.53156
1.51352
1.49899
1.49246
1.49733
1.51424
1.5407
1.57229
1.60454
1.63409
1.6589
1.67774
1.68978
1.69437
1.69121
1.68036
1.66248
1.6391
1.61294
1.58778
1.568
1.55734
1.55758
1.56749
1.58314
1.59943
1.6118
1.61733
1.61536
1.60773
1.59821
1.59124
1.5903
1.59669
1.6096
1.627
1.6469
1.66838
1.69185
1.71799
1.74589
1.77226
1.79283
1.80446
1.80617
1.79903
1.7854
1.768
1.74929
1.73097
1.71386
1.69806
1.68328
1.66938
1.65672
1.64625
1.63925
1.6367
1.63869
1.64429
1.65172
1.65886
1.66365
1.66458
1.66066
1.65123
1.63583
1.61431
1.58718
1.55633
1.52507
1.49757
1.47775
1.46824
1.46969
1.48093
1.49955
1.52303
1.54949
1.57768
1.60649
1.63436
1.65927
1.67907
1.69187
1.69626
1.69147
1.67725
1.6539
1.6224
1.58466
1.54398
1.5052
1.47427
1.45678
1.45615
1.47195
1.4999
1.53334
1.56524
1.58988
1.60382
1.60612
1.59782
1.58103
1.55797
1.53084
1.50239
1.47653
1.4581
1.45195
1.46149
1.48722
1.52585
1.571
1.61534
1.65296
1.68062
1.69782
1.70626
1.7093
1.71139
1.71656
1.72662
1.74019
1.7537
1.76358
1.76785
1.76625
1.75959
1.74906
1.73569
1.71998
1.70201
1.6817
1.65923
1.63521
1.61075
1.58741
1.56719
1.55201
1.54313
1.54036
1.542
1.54526
1.54736
1.54679
1.5437
1.53968
1.53686
1.537
1.54076
1.54734
1.55485
1.56087
1.56337
1.56168
1.5573
1.554
1.55682
1.56996
1.59459
1.62833
1.66666
1.70493
1.73963
1.76842
1.78972
1.80234
1.80542
1.79869
1.78273
1.75898
1.72949
1.69622
1.66059
1.62352
1.58609
1.55014
1.51848
1.49416
1.47946
1.47489
1.47905
1.48934
1.50297
1.51765
1.53199
1.54549
1.55833
1.57108
1.58452
1.59912
1.61482
1.63089
1.64623
1.65998
1.67201
1.68296
1.69349
1.70366
1.71296
1.72093
1.72786
1.73454
1.74133
1.74741
1.75109
1.75125
1.74819
1.74376
1.74019
1.7387
1.73861
1.7376
1.73309
1.72359
1.70925
1.69168
1.67307
1.65527
1.63917
1.62485
1.61226
1.60192
1.5954
1.59501
1.60259
1.618
1.63883
1.66128
1.68107
1.69443
1.69947
1.69704
1.68986
1.6802
1.66847
1.65405
1.6373
1.62044
1.60638
1.59628
1.58833
1.57904
1.56545
1.54625
1.52189
1.49426
1.46644
1.44239
1.42641
1.42256
1.43352
1.45927
1.49637
1.5391
1.58212
1.62216
1.65789
1.68843
1.71219
1.72714
1.73203
1.72752
1.71638
1.7024
1.68869
1.67665
1.66614
1.65634
1.6465
1.63636
1.62636
1.61747
1.61057
1.60572
1.6022
1.59916
1.59635
1.59424
1.59346
1.59429
1.59631
1.59849
1.5994
1.59765
1.59216
1.58266
1.56997
1.55604
1.54345
1.53438
1.52988
1.52994
1.53407
1.54151
1.55117
1.56171
1.57196
1.58126
1.58939
1.59638
1.6025
1.60822
1.61399
1.61979
1.62486
1.62788
1.62751
1.6229
1.61394
1.60154
1.58752
1.57428
1.56398
1.55801
1.55694
1.5607
1.56872
1.57984
1.59245
1.60487
1.61589
1.62494
1.63211
1.63795
1.64303
1.64766
1.65174
1.65504
1.65737
1.65872
1.65907
1.65818
1.65559
1.65068
1.64285
1.63186
1.61806
1.60253
1.58686
1.57283
1.5619
1.555
1.55237
1.55368
1.5582
1.56509
1.57371
1.58387
1.59587
1.61015
1.62679
1.64519
1.66388
1.68078
1.69368
1.70083
1.70125
1.69487
1.68241
1.66511
1.64482
1.62415
1.6065
1.59506
1.59139
1.59451
1.60165
1.60968
1.61639
1.62098
1.62365
1.62472
1.62371
1.61915
1.60926
1.59284
1.56991
1.54164
1.51029
1.47896
1.45144
1.43175
1.4234
1.42831
1.44607
1.47395
1.50774
1.54309
1.57664
1.60665
1.63283
1.65567
1.67585
1.69377
1.70926
1.72144
1.72908
1.73114
1.72733
1.71843
1.7059
1.6912
1.67489
1.65646
1.63506
1.61073
1.58492
1.55985
1.53772
1.52022
1.50887
1.50494
1.50872
1.51915
1.53416
1.55168
1.57059
1.59064
1.61165
1.63275
1.65227
1.66857
1.6808
1.68915
1.69461
1.69842
1.70153
1.70419
1.70593
1.70592
1.70342
1.69827
1.69079
1.6814
1.67029
1.65752
1.64337
1.62873
1.61518
1.6044
1.59746
1.5946
1.59503
1.59678
1.59675
1.59172
1.57952
1.55994
1.53501
1.50887
1.48686
1.47388
1.47235
1.48146
1.49823
1.51946
1.54312
1.56852
1.59546
1.62326
1.65013
1.67329
1.68999
1.69865
1.69968
1.69525
1.68818
1.68071
1.67403
1.66864
1.66508
1.66426
1.66721
1.67424
1.68394
1.69324
1.69896
1.69924
1.694
1.68427
1.67138
1.65667
1.64172
1.6286
1.61953
1.61618
1.61899
1.62722
1.63979
1.65607
1.67588
1.69897
1.72419
1.7494
1.77202
1.78973
1.80111
1.80619
1.80626
1.80352
1.80005
1.79672
1.79261
1.78554
1.77305
1.75359
1.72706
1.69483
1.65962
1.62516
1.59586
1.5765
1.57146
1.58292
1.60921
1.64486
1.68302
1.71832
1.74772
1.76999
1.78486
1.79247
1.79324
1.78774
1.77681
1.7613
1.74203
1.71987
1.69565
1.67027
1.64468
1.62008
1.59822
1.58176
1.5741
1.57841
1.59557
1.62238
1.65198
1.67638
1.68922
1.6871
1.66961
1.63905
1.59997
1.55822
1.51969
1.48909
1.46927
1.46137
1.4651
1.47873
1.49899
1.52142
1.5415
1.55577
1.56267
1.56257
1.55745
1.55042
1.54542
1.54691
1.55879
1.58259
1.61602
1.65379
1.68996
1.71991
1.74102
1.75227
1.75384
1.74669
1.73238
1.7129
1.69062
1.66819
1.64815
1.6323
1.6213
1.61478
1.61205
1.61288
1.61755
1.62624
1.63836
1.6525
1.66681
1.6796
1.68951
1.69562
1.69726
1.69394
1.68532
1.67144
1.65295
1.6311
1.60743
1.58341
1.56004
1.53784
1.51715
1.49886
1.48457
1.47607
1.47442
1.47964
1.49106
1.50748
1.52703
1.54699
1.56462
1.57832
1.58801
1.59477
1.59987
1.6039
1.60653
1.60686
1.6042
1.59884
1.59221
1.58611
1.58208
1.58119
1.58463
1.59392
1.61007
1.63229
1.65747
1.68074
1.69678
1.70148
1.69365
1.67587
1.65353
1.63214
1.6147
1.60116
1.58985
1.57923
1.56885
1.55944
1.55224
1.54806
1.54658
1.54644
1.54615
1.54498
1.54339
1.5428
1.54489
1.55103
1.5618
1.57684
1.59485
1.61415
1.6334
1.65196
1.66974
1.68651
1.70152
1.71359
1.72162
1.725
1.72374
1.7184
1.71015
1.70087
1.69291
1.68838
1.68841
1.69264
1.69942
1.70619
1.71021
1.70923
1.70205
1.68881
1.67118
1.65212
1.63522
1.6236
1.61873
1.61992
1.62482
1.63076
1.63587
1.63953
1.64206
1.64401
1.64552
1.64627
1.64555
1.64273
1.63741
1.62976
1.62063
1.6118
1.60563
1.60414
1.60842
1.61849
1.63348
1.65129
1.66894
1.68339
1.69279
1.69701
1.69729
1.6956
1.69375
1.69284
1.69278
1.69236
1.68982
1.68365
1.67324
1.65912
1.64247
1.62467
1.60709
1.59121
1.57863
1.57089
1.56954
1.57653
1.5935
1.61937
1.64891
1.67477
1.69133
1.69682
1.69307
1.68413
1.67438
1.66635
1.65987
1.6531
1.64491
1.63661
1.63087
1.62946
1.63207
1.63759
1.64525
1.65448
1.66391
1.6715
1.6758
1.67692
1.6761
1.6745
1.67271
1.6711
1.66999
1.66915
1.66748
1.66346
1.65615
1.646
1.63456
1.62354
1.61391
1.60581
1.59903
1.59353
1.58949
1.58705
1.58624
1.58724
1.59058
1.59704
1.60693
1.61941
1.63253
1.64434
1.65416
1.66278
1.67158
1.68096
1.68945
1.69422
1.69245
1.68272
1.6657
1.64401
1.62151
1.60212
1.58867
1.58216
1.58171
1.58528
1.59037
1.59457
1.5958
1.59268
1.58476
1.57294
1.55942
1.54708
1.53865
1.53576
1.53839
1.54519
1.5542
1.56388
1.57407
1.58651
1.6042
1.62934
1.6609
1.69431
1.72391
1.74587
1.75941
1.76615
1.76871
1.76955
1.77032
1.77165
1.77331
1.77468
1.7753
1.77512
1.77433
1.77293
1.77066
1.76768
1.76528
1.76587
1.77155
1.78242
1.7961
1.80889
1.81736
1.81915
1.81316
1.79965
1.78035
1.75821
1.73712
1.72106
1.71286
1.71312
1.72008
1.73031
1.7402
1.74708
1.74964
1.74765
1.74124
1.73054
1.71553
1.69635
1.67359
1.64839
1.62225
1.5967
1.57292
1.55174
1.53363
1.51887
1.50776
1.50083
1.49894
1.50308
1.51386
1.53108
1.55368
1.57992
1.6077
1.63496
1.65995
1.68153
1.69928
1.71322
1.7236
1.73067
1.73458
1.73547
1.73337
1.72785
1.71793
1.70264
1.68223
1.65945
1.63981
1.62945
1.63215
1.64805
1.67455
1.70772
1.74304
1.77607
1.80316
1.82205
1.8317
1.83207
1.82369
1.80725
1.78318
1.7518
1.71387
1.67138
1.62789
1.58776
1.5547
1.53037
1.51429
1.50476
1.5
1.49897
1.50182
1.50959
1.52321
1.54204
1.56312
1.58187
1.59357
1.595
1.5858
1.56924
1.55189
1.54106
1.54145
1.55372
1.5758
1.60452
1.63643
1.66817
1.69665
1.71936
1.73437
1.74052
1.73761
1.72654
1.70922
1.68812
1.66578
1.64447
1.62585
1.61083
1.59939
1.59059
1.58306
1.57579
1.5687
1.56265
1.55889
1.55862
1.56284
1.57233
1.58738
1.60734
1.63069
1.65535
1.67908
1.69975
1.71538
1.72462
1.72679
1.72192
1.7107
1.69453
1.67555
1.65664
1.64085
1.63058
1.62688
1.62926
1.63622
1.64599
1.65678
1.66685
1.67469
1.67916
1.67955
1.67527
1.66568
1.65053
1.63061
1.60789
1.58544
1.56634
1.55288
1.54589
1.54479
1.54766
1.55175
1.55407
1.55236
1.54581
1.5354
1.52365
1.51393
1.50958
1.51304
1.52516
1.54493
1.57008
1.59797
1.62631
1.65327
1.67715
1.69614
1.7085
1.71302
1.70938
1.69842
1.68217
1.66343
1.64485
1.62792
1.61243
1.597
1.57997
1.56026
1.53768
1.5133
1.48973
1.47092
1.46115
1.4633
1.47792
1.50308
1.53502
1.56903
1.60042
1.62553
1.64227
1.65035
1.65133
1.64845
1.64606
1.64845
1.6579
1.67335
1.69077
1.70524
1.71288
1.71203
1.70336
1.68956
1.67446
1.66141
1.6518
1.6449
1.63923
1.63388
1.62853
1.62229
1.61322
1.59884
1.57752
1.54941
1.51702
1.48518
1.45994
1.4466
1.44792
1.46377
1.49153
1.52688
1.56509
1.6025
1.63717
1.6688
1.69822
1.7265
1.75389
1.77941
1.80081
1.81556
1.82217
1.82123
1.8153
1.80715
1.79801
1.7875
1.77477
1.75953
1.74215
1.7233
1.70358
1.68315
1.66163
1.63829
1.61303
1.58723
1.56389
1.54652
1.53731
1.53576
1.53872
1.54207
1.54278
1.53994
1.53466
1.52918
1.52594
1.5268
1.53284
1.54427
1.56073
1.58131
1.60462
1.62902
1.65303
1.67577
1.69714
1.71718
1.73502
1.74822
1.75372
1.74968
1.73663
1.71747
1.69619
1.67662
1.66134
1.65115
1.64513
1.64119
1.63701
1.63079
1.62196
1.61139
1.60119
1.59378
1.59056
1.59118
1.59414
1.59786
1.60144
1.6047
1.60788
1.61117
1.61433
1.6163
1.61566
1.61157
1.60458
1.59669
1.59031
1.58708
1.58716
1.58956
1.5931
1.59758
1.6043
1.61565
1.63346
1.65774
1.68618
1.71496
1.73995
1.75777
1.76624
1.7646
1.75346
1.73486
1.71185
1.68779
1.66553
1.64667
1.63127
1.6184
1.60714
1.59754
1.59073
1.58832
1.59141
1.60004
1.61309
1.62894
1.64615
1.66378
1.68123
1.69818
1.71428
1.72892
1.74122
1.75035
1.75594
1.75805
1.75706
1.75329
1.74659
1.73623
1.72161
1.70297
1.68171
1.66013
1.64036
1.62342
1.60889
1.59522
1.58037
1.56263
1.54121
1.51682
1.49185
1.47009
1.45579
1.45224
1.46096
1.48147
1.51171
1.54859
1.58841
1.62734
1.66212
1.69036
1.7108
1.72314
1.7279
1.72621
1.71973
1.71049
1.70073
1.69266
1.68808
1.68777
1.69108
1.69599
1.69972
1.69997
1.69553
1.68657
1.67409
1.65927
1.64293
1.62527
1.60596
1.5847
1.5621
1.5404
1.52322
1.5142
1.51531
1.52611
1.54412
1.56563
1.58683
1.60493
1.61893
1.62982
1.63966
1.65028
1.66214
1.6741
1.68423
1.69084
1.69292
1.69009
1.68273
1.67229
1.66129
1.6526
1.64806
1.6475
1.64905
1.65026
1.64926
1.64522
1.63828
1.62931
1.61953
1.61042
1.60366
1.60098
1.60356
1.61142
1.62312
1.63608
1.64723
1.65336
1.65163
1.64064
1.62255
1.60446
1.59552
1.59911
1.60973
1.6191
1.62272
1.62082
1.61618
1.61211
1.6112
1.61459
1.62196
1.63164
1.64108
1.64719
1.64705
1.63855
1.62109
1.59595
1.56623
1.53615
1.50998
1.49114
1.48195
1.48391
1.49787
1.52382
1.5607
1.60625
1.65652
1.70604
1.74886
1.78028
1.79779
1.80098
1.79104
1.77059
1.74347
1.7143
1.68726
1.66479
1.64675
1.63099
1.61498
1.59766
1.58007
1.56432
1.55173
1.54219
1.5347
1.52834
1.52311
1.52115
1.52739
1.54737
1.58272
1.62869
1.67618
1.71612
1.74222
1.75141
1.7434
1.72041
1.68718
1.65075
1.61963
1.60184
1.60228
1.6209
1.65282
1.69031
1.72531
1.75123
1.76364
1.76059
1.74272
1.71318
1.67719
1.64033
1.60679
1.57876
1.5573
1.54311
1.53606
1.53424
1.53425
1.53262
1.5271
1.51722
1.50418
1.49047
1.47947
1.4749
1.4799
1.49622
1.52376
1.56076
1.60439
1.65121
1.69757
1.74
1.77583
1.80334
1.82168
1.83055
1.83
1.82043
1.80285
1.77926
1.75289
1.72781
1.70785
1.69507
1.6887
1.68556
1.68155
1.67332
1.65938
1.64054
1.61956
1.5996
1.58216
1.56634
1.55039
1.53422
1.52068
1.51439
1.51884
1.53445
1.55864
1.58759
1.618
1.64801
1.67686
1.704
1.72831
1.74812
1.76194
1.76902
1.76946
1.76387
1.75296
1.73747
1.71817
1.69597
1.67229
1.64971
1.6319
1.62322
1.62718
1.64423
1.6699
1.69582
1.71369
1.71896
1.71146
1.6935
1.66753
1.63586
1.60187
1.5705
1.54735
1.53705
1.54216
1.56258
1.59545
1.63576
1.67818
1.71876
1.75546
1.78737
1.8137
1.83317
1.84402
1.84462
1.83432
1.81396
1.78589
1.75359
1.72107
1.69225
1.67058
1.65822
1.65551
1.66068
1.67044
1.68141
1.69104
1.69791
1.70127
1.70081
1.69646
1.68817
1.67559
1.65835
1.63699
1.61372
1.59277
1.57986
1.58065
1.59822
1.63081
1.67189
1.71255
1.74461
1.76266
1.76537
1.75579
1.74001
1.72367
1.70843
1.69192
1.67093
1.64479
1.61594
1.58814
1.56405
1.54437
1.52867
1.51715
1.51141
1.51396
1.52658
1.54884
1.57803
1.61023
1.64139
1.66799
1.68746
1.69855
1.70169
1.69902
1.69373
1.68911
1.68724
1.68833
1.6907
1.69149
1.68779
1.67757
1.66023
1.63683
1.61001
1.58381
1.56334
1.55337
1.55558
1.56717
1.5827
1.59722
1.60786
1.6135
1.61414
1.61066
1.60465
1.59799
1.59229
1.58854
1.58742
1.59013
1.59851
1.61362
1.63382
1.65475
1.67166
1.68164
1.6842
1.68068
1.67339
1.66511
1.65867
1.65635
1.65909
1.66609
1.67511
1.68362
1.68988
1.69354
1.69507
1.69472
1.69186
1.68531
1.67419
1.65852
1.63915
1.61756
1.59593
1.57732
1.56581
1.56539
1.578
1.60211
1.63316
1.6652
1.69292
1.71297
1.72446
1.72866
1.72778
1.72384
1.71816
1.71157
1.70487
1.69894
1.69424
1.69054
1.6871
1.68328
1.67927
1.67614
1.6751
1.6764
1.67884
1.68048
1.67989
1.67706
1.67343
1.67082
1.67032
1.67205
1.67573
1.68142
1.68953
1.70038
1.71365
1.72844
1.74345
1.75734
1.76903
1.77796
1.78442
1.78942
1.79422
1.79953
1.80493
1.80928
1.81128
1.80981
1.80375
1.79198
1.77366
1.74878
1.71843
1.68482
1.65078
1.6189
1.59074
1.5668
1.54724
1.53275
1.52474
1.52473
1.53368
1.55157
1.577
1.60718
1.63854
1.66784
1.69275
1.71185
1.72428
1.7295
1.72746
1.71868
1.70439
1.68624
1.66582
1.64444
1.62348
1.60528
1.59363
1.59214
1.60138
1.6179
1.63636
1.65234
1.66369
1.67091
1.67699
1.6862
1.70134
1.72109
1.74029
1.75288
1.75493
1.7455
1.726
1.6991
1.66743
1.63281
1.5963
1.55962
1.5273
1.50755
1.50851
1.53189
1.57145
1.6181
1.66466
1.7067
1.7417
1.76829
1.7859
1.79464
1.79501
1.78776
1.77366
1.75364
1.72874
1.70034
1.6705
1.64203
1.61813
1.60144
1.59302
1.59182
1.59535
1.60065
1.60554
1.60898
1.61086
1.6114
1.61063
1.60828
1.60405
1.59781
1.58978
1.58053
1.57091
1.56212
1.55562
1.55276
1.55437
1.56058
1.57083
1.58423
1.59965
1.61571
1.63067
1.64245
1.64897
1.64879
1.64196
1.63047
1.61804
1.60848
1.60363
1.60301
1.60531
1.60989
1.6171
1.62759
1.64182
1.65959
1.67972
1.69996
1.71727
1.72859
1.7318
1.72642
1.71359
1.69533
1.67393
1.65199
1.63277
1.62001
1.61681
1.62436
1.64131
1.66421
1.68878
1.7112
1.72883
1.74053
1.7467
1.74904
1.74941
1.7483
1.74419
1.73464
1.71805
1.69465
1.66671
1.63805
1.61333
1.59698
1.5923
1.60063
1.6209
1.64985
1.68294
1.71548
1.74353
1.7642
1.77538
1.77575
1.76507
1.74459
1.71688
1.68516
1.65246
1.62109
1.59297
1.56979
1.55291
1.54296
1.53993
1.54372
1.55486
1.57416
1.6011
1.63265
1.66406
1.6906
1.70872
1.71644
1.7131
1.6992
1.67656
1.64843
1.61923
1.5937
1.57581
1.56776
1.56972
1.58021
1.59665
1.61604
1.63545
1.65236
1.66497
1.67223
1.67402
1.67107
1.66486
1.65725
1.64992
1.64392
1.63929
1.63498
1.6292
1.62025
1.60711
1.59002
1.57059
1.55114
1.53389
1.5202
1.51047
1.50416
1.50037
1.49807
1.49616
1.49341
1.48861
1.48086
1.47032
1.4587
1.44934
1.44631
1.45237
1.46719
1.48819
1.51314
1.54121
1.57169
1.60294
1.63263
1.65851
1.67879
1.69232
1.69878
1.69864
1.693
1.68334
1.67109
1.65756
1.6439
1.63119
1.62029
1.61162
1.6051
1.60035
1.59703
1.595
1.59413
1.59422
1.5948
1.59527
1.59515
1.59438
1.59364
1.59423
1.59743
1.6038
1.6127
1.62239
1.6307
1.63602
1.63814
1.63848
1.63963
1.6443
1.65403
1.66831
1.68461
1.69938
1.70952
1.71334
1.71048
1.70138
1.68696
1.66927
1.65221
1.64071
1.63841
1.6453
1.65814
1.67285
1.68639
1.69714
1.70461
1.70928
1.7125
1.71583
1.71998
1.72452
1.72821
1.72939
1.72639
1.71793
1.70388
1.68566
1.66612
1.64839
1.63431
1.62318
1.61268
1.6008
1.58754
1.57504
1.56646
1.56441
1.56972
1.58135
1.59715
1.61479
1.63225
1.64819
1.66206
1.67416
1.68516
1.69557
1.7053
1.71381
1.72035
1.72453
1.72637
1.72629
1.7248
1.72228
1.71876
1.71388
1.70724
1.69889
1.68955
1.68067
1.67371
1.66973
1.669
1.67098
1.67446
1.67757
1.67787
1.67254
1.659
1.63565
1.60274
1.56285
1.52105
1.48406
1.45871
1.44959
1.45739
1.47882
1.50835
1.54031
1.57039
1.59616
1.6169
1.63305
1.64561
1.65551
1.66305
1.66771
1.66828
1.66351
1.65294
1.63741
1.6189
1.5997
1.58156
1.56541
1.55179
1.54153
1.53594
1.53664
1.54518
1.56282
1.59004
1.62572
1.66663
1.70797
1.74483
1.77342
1.79156
1.79852
1.79452
1.78034
1.75715
1.72687
1.69255
1.65864
1.63051
1.61286
1.60784
1.61399
1.62681
1.64073
1.65158
1.65807
1.6618
1.6657
1.672
1.68101
1.69139
1.70119
1.7084
1.71118
1.70811
1.69865
1.68423
1.66868
1.65657
1.65012
1.6481
1.64792
1.64797
1.64791
1.64751
1.64624
1.64315
1.63742
1.62877
1.61778
1.60603
1.59565
1.58875
1.58674
1.59009
1.59843
1.61053
1.62445
1.63774
1.64822
1.65478
1.65794
1.65965
1.6624
1.66778
1.67568
1.68435
1.69148
1.69536
1.69538
1.69176
1.68494
1.675
1.66152
1.64395
1.62229
1.5978
1.57299
1.55104
1.53496
1.52689
1.52771
1.53709
1.55418
1.57835
1.60896
1.64458
1.68259
1.71942
1.75126
1.77468
1.78701
1.78657
1.77353
1.75128
1.72738
1.71094
1.70632
1.71009
1.71527
1.71675
1.71245
1.70209
1.68632
1.66693
1.64714
1.63108
1.62215
1.62112
1.62561
1.63131
1.63398
1.63048
1.61883
1.59819
1.56943
1.53556
1.50151
1.47295
1.45475
1.44951
1.45682
1.4738
1.4967
1.52253
1.54984
1.57828
1.60778
1.63769
1.66682
1.69371
1.71708
1.73582
1.74892
1.75553
1.7552
1.74829
1.73629
1.72147
1.70629
1.69255
1.68077
1.67025
1.65956
1.64707
1.63152
1.61261
1.59132
1.56986
1.55105
1.53745
1.53046
1.53003
1.53465
1.54191
1.54915
1.5542
1.55597
1.55441
1.55012
1.54377
1.53559
1.52525
1.51228
1.4968
1.47997
1.46395
1.45121
1.44383
1.44317
1.44996
1.4642
1.48488
1.50971
1.53539
1.55852
1.57654
1.58839
1.5944
1.59545
1.59213
1.58454
1.57299
1.55877
1.54439
1.53315
1.52814
1.53126
1.54264
1.56072
1.58297
1.60684
1.63023
1.65163
1.66993
1.68438
1.69461
1.70059
1.70246
1.70057
1.69557
1.68881
1.68201
1.67643
1.67159
1.66475
1.65212
1.63202
1.60827
1.59008
1.58533
1.59288
1.60472
1.61446
1.62139
1.62857
1.63908
1.65315
1.66826
1.68134
1.6908
1.69643
1.69828
1.69576
1.68824
1.67583
1.66
1.6432
1.6278
1.61498
1.60443
1.59496
1.58541
1.57542
1.56561
1.55797
1.55547
1.56122
1.57668
1.60053
1.62854
1.65479
1.67353
1.68087
1.67571
1.66014
1.6389
1.61808
1.6028
1.59516
1.59391
1.59622
1.59961
1.60269
1.60493
1.60613
1.60634
1.60582
1.60505
1.6043
1.60334
1.60106
1.59582
1.58621
1.57202
1.55465
1.53661
1.52044
1.50817
1.50166
1.50307
1.51439
1.53616
1.56647
1.60096
1.63399
1.66023
1.67599
1.68016
1.67437
1.66247
1.64894
1.63684
1.62686
1.61809
1.60953
1.60101
1.59342
1.58837
1.58744
1.59133
1.59934
1.60925
1.61799
1.62256
1.62098
1.61312
1.60118
1.58946
1.58336
1.58729
1.60247
1.6259
1.65178
1.67398
1.68802
1.69175
1.68529
1.67071
1.65137
1.63075
1.61122
1.59351
1.57722
1.56185
1.54756
1.53526
1.52619
1.52095
1.51887
1.51835
1.51801
1.51807
1.52044
1.52787
1.54239
1.5641
1.59046
1.61699
1.63863
1.65129
1.65246
1.64161
1.62041
1.59303
1.56641
1.54932
1.54966
1.57078
1.60925
1.65641
1.70254
1.74033
1.76597
1.77824
1.77715
1.76308
1.7367
1.69946
1.65438
1.60638
1.56146
1.5248
1.49922
1.48505
1.48144
1.48781
1.50396
1.52922
1.5614
1.5969
1.63168
1.66237
1.68664
1.70316
1.71145
1.71191
1.70597
1.69639
1.68702
1.68166
1.68234
1.68846
1.69761
1.70732
1.71611
1.72347
1.72939
1.73399
1.73692
1.73676
1.73143
1.71922
1.70011
1.67614
1.65074
1.62764
1.61037
1.60198
1.60428
1.61657
1.63502
1.65396
1.66807
1.67396
1.67049
1.65828
1.63903
1.61507
1.58887
1.56268
1.53828
1.51688
1.49935
1.4869
1.4812
1.48345
1.493
1.50691
1.52125
1.53311
1.54191
1.54918
1.55738
1.56839
1.58271
1.59959
1.61792
1.63699
1.65675
1.67728
1.69812
1.71742
1.73182
1.73707
1.72992
1.71058
1.68507
1.66369
1.65408
1.65521
1.66008
1.66259
1.66057
1.65509
1.64913
1.64641
1.65
1.66061
1.67609
1.69243
1.70527
1.71098
1.70706
1.69263
1.66919
1.64084
1.61342
1.59241
1.58095
1.57925
1.58531
1.59617
1.60901
1.62164
1.63238
1.63968
1.642
1.63836
1.6292
1.61695
1.60583
1.59997
1.60072
1.60553
1.60978
1.60951
1.60269
1.5891
1.56965
1.54617
1.52116
1.49748
1.47785
1.46421
1.4574
1.45719
1.46246
1.47164
1.48322
1.49609
1.50979
1.52431
1.53984
1.55656
1.57462
1.59397
1.61413
1.63393
1.65162
1.66521
1.67285
1.67323
1.66584
1.6511
1.63052
1.60649
1.58194
1.55964
1.54169
1.52914
1.52188
1.51842
1.51624
1.51306
1.50823
1.50345
1.50227
1.50862
1.52501
1.55125
1.58436
1.61944
1.6511
1.67495
1.68849
1.69139
1.68518
1.673
1.65916
1.64846
1.64392
1.64489
1.6479
1.64998
1.65045
1.65033
1.65041
1.65017
1.64786
1.64165
1.63095
1.6175
1.60528
1.59868
1.59948
1.60549
1.61241
1.6167
1.6171
1.61426
1.60973
1.60493
1.60091
1.59838
1.59804
1.60058
1.60658
1.61614
1.6288
1.6438
1.66031
1.67771
1.69562
1.71392
1.73243
1.75058
1.76714
1.78048
1.78899
1.79158
1.78773
1.77731
1.76054
1.73827
1.71233
1.68562
1.66168
1.64371
1.63375
1.6323
1.63844
1.65009
1.66479
1.68015
1.69414
1.70521
1.71211
1.71392
1.7102
1.70123
1.68783
1.67089
1.65075
1.62731
1.60108
1.57424
1.55063
1.53439
1.52822
1.5329
1.54774
1.57109
1.60021
1.63146
1.6611
1.68628
1.70569
1.71965
1.72945
1.73628
1.74023
1.74007
1.73388
1.72023
1.69914
1.67229
1.64306
1.61549
1.59327
1.57874
1.57243
1.57345
1.57999
1.58985
1.60092
1.61158
1.62125
1.63079
1.64225
1.6576
1.67694
1.69801
1.71718
1.73116
1.73802
1.73747
1.7308
1.72056
1.71006
1.70234
1.69897
1.69936
1.70108
1.70096
1.6967
1.68782
1.67589
1.66376
1.65421
1.64903
1.64885
1.65336
1.66183
1.67347
1.68779
1.70443
1.7226
1.74064
1.75623
1.76723
1.77214
1.77025
1.76146
1.74618
1.72573
1.70255
1.67985
1.66042
1.6455
1.63467
1.62688
1.62195
1.62112
1.62615
1.63738
1.65277
1.66879
1.68231
1.6917
1.69675
1.69812
1.69673
1.6936
1.68968
1.68608
1.68412
1.68523
1.69034
1.69917
1.70977
1.71871
1.72198
1.7163
1.70047
1.67665
1.65106
1.63214
1.62576
1.63134
1.64326
1.6549
1.66061
1.65599
1.63848
1.60885
1.57239
1.5378
1.51365
1.50447
1.50931
1.52287
1.53852
1.5512
1.55896
1.56271
1.56518
1.56949
1.57788
1.59099
1.60809
1.62725
1.64575
1.66041
1.66842
1.66791
1.65834
1.64065
1.61719
1.59151
1.56765
1.54947
1.53998
1.54084
1.55202
1.57167
1.59655
1.62298
1.64792
1.66938
1.68631
1.69831
1.70545
1.70822
1.7073
1.70337
1.69674
1.68763
1.67664
1.66546
1.65668
1.65284
1.65476
1.66041
1.66516
1.66314
1.64957
1.62265
1.58492
1.54311
1.50648
1.48373
1.47977
1.49375
1.51981
1.55021
1.57876
1.60231
1.62025
1.63307
1.64132
1.64548
1.64637
1.64529
1.64407
1.64478
1.64919
1.65824
1.67159
1.68737
1.70263
1.71436
1.72048
1.72047
1.71527
1.70665
1.69642
1.68602
1.67638
1.66809
1.66138
1.65608
1.65148
1.64662
1.64102
1.63557
1.63279
1.63553
1.6447
1.65804
1.6713
1.68112
1.68651
1.68865
1.68948
1.69054
1.69223
1.69391
1.6944
1.69256
1.68775
1.67995
1.66967
1.65798
1.64656
1.6373
1.63139
1.62871
1.62816
1.62883
1.63059
1.63351
1.63687
1.63919
1.63907
1.63587
1.62972
1.62162
1.61413
1.61183
1.61951
1.63861
1.66573
1.69475
1.72
1.73764
1.74564
1.74326
1.7307
1.70881
1.67919
1.64446
1.60863
1.57681
1.55395
1.54304
1.544
1.55415
1.56954
1.58611
1.60065
1.61156
1.61967
1.62781
1.63871
1.65242
1.66542
1.6725
1.66949
1.65511
1.63167
1.60476
1.58189
1.57002
1.57284
1.58947
1.61536
1.64437
1.67086
1.69075
1.70191
1.70397
1.6981
1.68642
1.67144
1.65544
1.64019
1.62738
1.619
1.61687
1.62134
1.63042
1.64065
1.64906
1.65449
1.65754
1.65957
1.66194
1.66532
1.66952
1.67383
1.67729
1.67917
1.67945
1.67885
1.67861
1.68002
1.68379
1.68986
1.69721
1.70439
1.71011
1.7138
1.71577
1.71687
1.71795
1.7193
1.7204
1.72005
1.71669
1.7089
1.69601
1.67863
1.6588
1.63924
1.62218
1.60846
1.59749
1.58811
1.5795
1.57205
1.56774
1.56958
1.58018
1.59991
1.6261
1.65391
1.67864
1.69768
1.71104
1.72073
1.72926
1.73829
1.74805
1.7575
1.76495
1.7687
1.76741
1.76047
1.74821
1.73181
1.71315
1.69455
1.67872
1.66865
1.66714
1.67537
1.6916
1.71161
1.73072
1.74573
1.7555
1.76053
1.76184
1.76018
1.75556
1.7477
1.73673
1.72342
1.70871
1.69301
1.67579
1.65617
1.63387
1.60993
1.58682
1.56773
1.55542
1.55086
1.55283
1.55861
1.56557
1.57253
1.57983
1.58851
1.59916
1.61112
1.6228
1.63234
1.638
1.63839
1.63328
1.62504
1.6195
1.62359
1.63977
1.66292
1.68385
1.69552
1.69573
1.68648
1.67219
1.65806
1.64893
1.64815
1.65647
1.67145
1.68817
1.70103
1.70564
1.69995
1.68456
1.66219
1.63694
1.61352
1.59641
1.58838
1.58912
1.5949
1.60005
1.59963
1.59176
1.57853
1.56525
1.55824
1.56208
1.57764
1.60205
1.63027
1.65705
1.6784
1.69218
1.69795
1.69661
1.6901
1.68105
1.67248
1.66728
1.66725
1.6721
1.67915
1.68419
1.68324
1.67415
1.65731
1.63507
1.61049
1.58618
1.5638
1.54457
1.52953
1.51924
1.513
1.509
1.50545
1.50163
1.49814
1.49613
1.49642
1.49896
1.50308
1.50811
1.51386
1.52063
1.52894
1.53926
1.552
1.56744
1.58562
1.60591
1.62692
1.64668
1.66327
1.67559
1.68385
1.68933
1.69325
1.69556
1.69471
1.68854
1.67578
1.65713
1.63516
1.61331
1.59464
1.58129
1.57422
1.57303
1.57585
1.58015
1.58367
1.58475
1.58224
1.57529
1.56365
1.54818
1.5315
1.51831
1.51406
1.52251
1.54357
1.57342
1.60658
1.63812
1.66469
1.68473
1.69806
1.70512
1.70614
1.70108
1.68995
1.67333
1.65219
1.62724
1.59843
1.56548
1.52883
1.49061
1.45475
1.42599
1.40852
1.40491
1.41564
1.43901
1.47133
1.50749
1.54188
1.56944
1.58664
1.592
1.5861
1.5713
1.55138
1.53139
1.51708
1.51324
1.52173
1.54077
1.56597
1.59234
1.61598
1.63445
1.64621
1.65001
1.64517
1.63223
1.6135
1.59268
1.57407
1.56151
1.5574
1.56227
1.57474
1.59215
1.61143
1.63
1.64594
1.65785
1.66478
1.66638
1.66319
1.65648
1.64783
1.63856
1.62937
1.62036
1.61123
1.60177
1.59195
1.58206
1.57265
1.56451
1.55854
1.55581
1.55726
1.56335
1.57372
1.58743
1.60333
1.6203
1.63726
1.65339
1.66848
1.68279
1.6968
1.7109
1.72528
1.73995
1.75472
1.76893
1.78152
1.79127
1.79717
1.79852
1.79509
1.78747
1.77709
1.76573
1.7545
1.74327
1.73088
1.71599
1.69817
1.67836
1.65865
1.64118
1.62741
1.61816
1.61372
1.61323
1.61444
1.61555
1.61721
1.62068
1.62375
1.62096
1.60873
1.58876
1.56694
1.54958
1.54053
1.54034
1.54763
1.5605
1.57724
1.59603
1.61447
1.62974
1.63923
1.64149
1.63675
1.62695
1.61493
1.60332
1.59339
1.5852
1.57858
1.57416
1.57349
1.57826
1.58935
1.60619
1.62678
1.64817
1.66723
1.68155
1.69015
1.69364
1.69375
1.69246
1.6911
1.69005
1.68885
1.68642
1.68154
1.67319
1.66087
1.64482
1.62597
1.60589
1.5866
1.56996
1.55741
1.54975
1.54728
1.55025
1.55899
1.57355
1.59321
1.61604
1.63915
1.65921
1.67321
1.67922
1.67701
1.66823
1.65628
1.64544
1.63956
1.64069
1.64818
1.65903
1.66894
1.6739
1.67166
1.66254
1.64929
1.63598
1.62679
1.62493
1.63158
1.6451
1.66129
1.67511
1.68284
1.68308
1.67664
1.66597
1.65462
1.64649
1.64481
1.65056
1.66157
1.67311
1.67966
1.67669
1.6622
1.63799
1.60969
1.58421
1.56599
1.5559
1.55322
1.5576
1.569
1.58697
1.6102
1.63642
1.66242
1.68416
1.69789
1.70152
1.69574
1.68412
1.67182
1.6635
1.66167
1.66619
1.67488
1.68486
1.69364
1.69961
1.70158
1.69834
1.68893
1.67321
1.65233
1.62856
1.60456
1.58239
1.56293
1.54619
1.53212
1.5212
1.51414
1.51105
1.51111
1.51311
1.51645
1.52171
1.53014
1.54265
1.55912
1.57859
1.60001
1.62248
1.64469
1.66452
1.67937
1.68732
1.68822
1.68451
1.68071
1.68144
1.68872
1.70111
1.71504
1.72693
1.7346
1.73798
1.73873
1.73878
1.73859
1.73682
1.73149
1.7212
1.70566
1.68553
1.66225
1.6379
1.615
1.59583
1.58194
1.57377
1.57096
1.57248
1.57629
1.5795
1.57974
1.57672
1.57262
1.57049
1.57195
1.57585
1.57921
1.57923
1.57463
1.56594
1.55491
1.5437
1.53399
1.52636
1.52022
1.51445
1.50851
1.50319
1.50053
1.50298
1.51241
1.5294
1.55307
1.58122
1.61078
1.63858
1.662
1.6792
1.68917
1.6911
1.68421
1.66786
1.64208
1.60818
1.56902
1.52881
1.49245
1.46447
1.44827
1.44547
1.45546
1.47541
1.50073
1.52629
1.54771
1.5622
1.56879
1.5683
1.56264
1.55382
1.54311
1.53098
1.51774
1.50406
1.4908
1.47839
1.4665
1.45451
1.44232
1.43102
1.4227
1.41983
1.42417
1.43603
1.45417
1.47615
1.49886
1.51901
1.53397
1.54252
1.54484
1.54219
1.53616
1.52822
1.51962
1.51149
1.50489
1.50057
1.49861
1.49834
1.49865
1.49868
1.49824
1.49784
1.49839
1.50095
1.50636
1.51497
1.52647
1.54002
1.55453
1.56869
1.58089
1.58922
1.59181
1.5877
1.57753
1.5637
1.54981
1.53937
1.53455
1.53555
1.54094
1.54873
1.5574
1.56656
1.57662
1.58793
1.60003
1.6119
1.62264
1.63213
1.64097
1.64999
1.65951
1.66912
1.67787
1.68465
1.6884
1.68822
1.68339
1.67378
1.66036
1.64533
1.63133
1.62018
1.61209
1.60596
1.60062
1.59596
1.59303
1.59311
1.59621
1.60043
1.60271
1.60038
1.59258
1.58068
1.56755
1.55604
1.54765
1.54238
1.53967
1.53947
1.54233
1.5487
1.55806
1.56864
1.57787
1.58321
1.5828
1.57565
1.56168
1.54191
1.51884
1.49672
1.48103
1.47654
1.48477
1.50303
1.52591
1.54792
1.56522
1.57588
1.57983
1.57841
1.57413
1.56994
1.56837
1.57071
1.57672
1.5851
1.594
1.6018
1.60756
1.61102
1.61213
1.61078
1.6069
1.60099
1.59462
1.59007
1.58971
1.59504
1.60597
1.62064
1.63604
1.64897
1.65691
1.65855
1.65387
1.64419
1.63202
1.6205
1.61255
1.61005
1.61321
1.62036
1.62835
1.63352
1.63296
1.62572
1.61322
1.59872
1.58587
1.57713
1.57322
1.57372
1.57787
1.58508
1.59479
1.6063
1.6187
1.63104
1.64263
1.6533
1.6634
1.67363
1.68456
1.69594
1.70652
1.71436
1.71757
1.71505
1.70668
1.69328
1.67642
1.65821
1.64116
1.6275
1.6179
1.61096
1.604
1.5946
1.58195
1.56717
1.55285
1.54184
1.53574
1.5343
1.53582
1.53858
1.54184
1.54597
1.5515
1.55854
1.56662
1.57487
1.58226
1.58799
1.59209
1.59571
1.60075
1.60893
1.62069
1.63514
1.65059
1.66529
1.67781
1.68706
1.69229
1.69306
1.68934
1.6815
1.67056
1.658
1.64541
1.63376
1.62281
1.61121
1.59731
1.58051
1.56226
1.54614
1.53602
1.53354
1.53698
1.54246
1.54623
1.54604
1.54136
1.53309
1.5232
1.51432
1.50904
1.50911
1.51476
1.52461
1.53636
1.54787
1.55823
1.56797
1.57849
1.59105
1.60581
1.62183
1.63764
1.65222
1.66548
1.6783
1.69202
1.70748
1.72444
1.74171
1.75759
1.77043
1.77889
1.78204
1.77955
1.77195
1.76069
1.74774
1.73487
1.72318
1.71322
1.7054
1.6999
1.6964
1.69377
1.69057
1.68582
1.67969
1.67363
1.66968
1.6694
1.673
1.67905
1.6849
1.68756
1.68501
1.67743
1.66731
1.65803
1.65194
1.64978
1.65166
1.65783
1.66833
1.68231
1.69809
1.71356
1.72675
1.73604
1.74046
1.73993
1.73543
1.72901
1.72354
1.72224
1.72776
1.74117
1.76119
1.78451
1.80691
1.82454
1.83476
1.83655
1.83046
1.81866
1.80425
1.79014
1.77763
1.76618
1.75445
1.7416
1.72773
1.71367
1.70015
1.68727
1.67424
1.65984
1.6432
1.62454
1.60559
1.58907
1.57744
1.57166
1.57098
1.57377
1.57834
1.58346
1.58831
1.59256
1.59638
1.60018
1.60372
1.60566
1.60452
1.6005
1.59607
1.59453
1.59736
1.60287
1.60736
1.60741
1.60175
1.59136
1.57867
1.56643
1.55717
1.55301
1.55556
1.56569
1.58322
1.60708
1.63575
1.66768
1.70142
1.73552
1.7683
1.79757
1.82066
1.83485
1.83799
1.82906
1.80837
1.77772
1.74029
1.70026
1.66185
1.6284
1.60204
1.58377
1.57379
1.57152
1.57516
1.58174
1.58799
1.59169
1.5926
1.59234
1.59332
1.59723
1.60396
1.61167
1.6179
1.62107
1.62131
1.62043
1.62098
1.62501
1.63299
1.64377
1.65524
1.66534
1.67265
1.67658
1.67707
1.67429
1.66833
1.65936
1.64787
1.63507
1.62289
1.61303
1.60561
1.5986
1.58889
1.574
1.55312
1.52742
1.5001
1.47637
1.46253
1.46307
1.47798
1.50273
1.53119
1.55846
1.58204
1.60118
1.61576
1.62543
1.6298
1.62886
1.62348
1.61522
1.60604
1.59781
1.59163
1.5874
1.5844
1.58257
1.58282
1.58615
1.5927
1.60172
1.61229
1.62377
1.63566
1.64742
1.65825
1.66742
1.67444
1.67916
1.68173
1.68241
1.68137
1.67863
1.67399
1.66722
1.65838
1.64835
1.63919
1.63397
1.63521
1.64286
1.65369
1.66267
1.66533
1.65924
1.64457
1.62381
1.60099
1.58039
1.56519
1.5567
1.55447
1.55699
1.56241
1.56874
1.57397
1.57624
1.57446
1.56868
1.56006
1.5503
1.54079
1.53244
1.52565
1.52015
1.51504
1.50924
1.50252
1.49598
1.49158
1.49083
1.49376
1.49932
1.50654
1.51522
1.52523
1.53513
1.54164
1.54147
1.53524
1.52988
1.53406
1.54873
1.56629
1.57921
1.58508
1.58505
1.58109
1.57477
1.56752
1.56079
1.55595
1.55374
1.55388
1.55528
1.55667
1.5574
1.55809
1.56075
1.56825
1.58358
1.60846
1.64214
1.68115
1.72063
1.75605
1.78437
1.80429
1.81588
1.81986
1.81698
1.80752
1.79143
1.76875
1.74041
1.70895
1.67867
1.65491
1.64222
1.64254
1.65431
1.67319
1.69392
1.71175
1.7231
1.72566
1.71832
1.70125
1.67597
1.64542
1.61374
1.58552
1.56431
1.55115
1.54428
1.54025
1.53593
1.53023
1.52475
1.52357
1.53251
1.55747
1.6003
1.65518
1.71122
1.75877
1.79286
1.81222
1.81738
1.80964
1.79081
1.76346
1.73156
1.70077
1.6768
1.66256
1.65688
1.65682
1.66066
1.66879
1.68221
1.7006
1.72128
1.73957
1.75018
1.7488
1.73381
1.70785
1.67817
1.65367
1.63992
1.63729
1.64342
1.6557
1.67147
1.68758
1.70076
1.70853
1.70972
1.70432
1.69296
1.67658
1.65615
1.63274
1.60769
1.58247
1.5586
1.53737
1.5197
1.5066
1.49933
1.49965
1.50931
1.52922
1.55852
1.59428
1.63188
1.66573
1.69028
1.70094
1.69527
1.67391
1.64089
1.60275
1.56609
1.53515
1.51133
1.49448
1.4838
1.47798
1.47515
1.47348
1.47217
1.47179
1.47378
1.47921
1.48772
1.49776
1.50749
1.51582
1.52278
1.5293
1.53681
1.54677
1.56044
1.57863
1.6014
1.62754
1.65442
1.67856
1.69678
1.70729
1.71025
1.70782
1.70355
1.7012
1.70328
1.70972
1.71767
1.72274
1.72091
1.70994
1.68998
1.66346
1.63465
1.60863
1.58995
1.58125
1.58196
1.58831
1.59513
1.59834
1.59653
1.59093
1.58418
1.57915
1.57832
1.58375
1.5969
1.61829
1.64683
1.67979
1.71339
1.74387
1.76843
1.78556
1.79492
1.79686
1.79201
1.78098
1.76434
1.74285
1.71751
1.68947
1.65971
1.62908
1.59886
1.57179
1.55211
1.54378
1.54781
1.56136
1.57942
1.59706
1.61064
1.61817
1.6192
1.61451
1.60557
1.59374
1.57965
1.56305
1.54304
1.51958
1.49613
1.48166
1.48796
1.52085
1.57418
1.63467
1.69069
1.7358
1.76776
1.7866
1.79357
1.79052
1.77963
1.76302
1.74231
1.71858
1.69265
1.66562
1.63935
1.61648
1.59983
1.59152
1.59227
1.60112
1.61553
1.63171
1.64541
1.65287
1.65186
1.64247
1.62714
1.61011
1.59639
1.59053
1.59555
1.6122
1.63856
1.67041
1.70216
1.7285
1.74575
1.75266
1.75029
1.74133
1.72893
1.7156
1.70272
1.69052
1.67852
1.66619
1.6537
1.64238
1.63441
1.63201
1.63626
1.64634
1.65974
1.67322
1.68386
1.69002
1.69137
1.68857
1.68242
1.67329
1.66101
1.6452
1.62574
1.6032
1.57911
1.5561
1.53745
1.52658
1.52614
1.53738
1.55972
1.59053
1.62553
1.65992
1.68972
1.71216
1.7255
1.72913
1.72383
1.7119
1.69663
1.68131
1.66831
1.65837
1.65068
1.64355
1.63565
1.62666
1.61735
1.60925
1.60448
1.60587
1.61654
1.63883
1.67291
1.71589
1.7622
1.80515
1.83896
1.86005
1.86755
1.86306
1.8497
1.83098
1.80957
1.78707
1.7643
1.74189
1.72061
1.70144
1.68513
1.67168
1.66035
1.65023
1.64096
1.63283
1.62636
1.6217
1.61834
1.61545
1.61219
1.60785
1.60224
1.59593
1.59043
1.58733
1.5869
1.58727
1.5852
1.57785
1.56437
1.54622
1.52628
1.50763
1.49261
1.48275
1.47904
1.48223
1.49263
1.50966
1.53163
1.55623
1.58126
1.60503
1.62655
1.64527
1.661
1.67376
1.68369
1.69108
1.6962
1.69923
1.70046
1.70036
1.69962
1.69863
1.69703
1.6938
1.6877
1.67788
1.66408
1.64662
1.62614
1.60356
1.57987
1.55611
1.53331
1.51259
1.49547
1.4841
1.48101
1.48797
1.50432
1.5265
1.54939
1.56852
1.58144
1.5879
1.58923
1.5875
1.58484
1.58312
1.58394
1.5885
1.5974
1.61049
1.62688
1.64526
1.66447
1.68373
1.70229
1.71916
1.73308
1.74288
1.74788
1.74813
1.74412
1.73643
1.72571
1.71294
1.69945
1.68638
1.67381
1.66054
1.6447
1.62512
1.60291
1.58202
1.56837
1.56695
1.5794
1.60391
1.63702
1.67517
1.71543
1.75558
1.79367
1.82795
1.85679
1.87867
1.89254
1.89795
1.89519
1.8852
1.8695
1.84978
1.82769
1.8046
1.7814
1.75859
1.73673
1.71677
1.70024
1.68876
1.68348
1.68462
1.69122
1.70138
1.71263
1.72236
1.72829
1.72874
1.72282
1.71039
1.69227
1.67038
1.64809
1.62998
1.62068
1.62305
1.63658
1.65741
1.67991
1.69903
1.71177
1.71733
1.71639
1.71024
1.70034
1.68846
1.67655
1.66652
1.6598
1.65702
1.65816
1.66287
1.67052
1.67999
1.68936
1.69631
1.69881
1.69592
1.68779
1.67549
1.66065
1.64524
1.63138
1.62091
1.61504
1.61439
1.619
1.6284
1.64128
1.65556
1.66863
1.67793
1.68141
1.67776
1.66668
1.64911
1.62716
1.60376
1.58212
1.565
1.55405
1.54964
1.55071
1.555
1.55949
1.56109
1.55769
1.54915
1.53782
1.52801
1.52393
1.52718
1.53575
1.54583
1.55485
1.5626
1.56961
1.57513
1.57804
1.57955
1.58347
1.5934
1.60956
1.62849
1.64551
1.65765
1.66493
1.66998
1.67632
1.68573
1.69679
1.70555
1.70767
1.70023
1.6825
1.65593
1.6238
1.59063
1.56115
1.53943
1.52843
1.52968
1.54263
1.56415
1.58919
1.61251
1.63035
1.64124
1.64545
1.6439
1.63732
1.62612
1.61086
1.59292
1.57452
1.55807
1.54547
1.53752
1.53404
1.53427
1.53746
1.54323
1.55174
1.56346
1.57863
1.59671
1.61615
1.63456
1.64929
1.65805
1.65956
1.65367
1.64135
1.62446
1.60542
1.58673
1.57055
1.55828
1.55084
1.54924
1.55504
1.56986
1.59381
1.62443
1.65734
1.68817
1.71402
1.73347
1.74573
1.74998
1.74518
1.73094
1.70805
1.67893
1.64735
1.61752
1.59313
1.57635
1.56742
1.56505
1.56714
1.57169
1.57731
1.58341
1.59042
1.59964
1.6123
1.62818
1.64501
1.65962
1.6696
1.67428
1.67462
1.67254
1.67029
1.67011
1.67405
1.68356
1.69884
1.71847
1.73943
1.75792
1.77027
1.77381
1.76739
1.75165
1.72903
1.70336
1.67906
1.66009
1.64892
1.64611
1.65044
1.65972
1.67151
1.68384
1.69521
1.70429
1.70947
1.70905
1.7019
1.68794
1.66821
1.64428
1.61777
1.59007
1.56247
1.53638
1.51345
1.4954
1.48378
1.47957
1.48302
1.49345
1.50941
1.52884
1.54965
1.57012
1.58909
1.60581
1.61976
1.63065
1.63875
1.64523
1.65224
1.66211
1.67611
1.69364
1.71273
1.73104
1.74637
1.75653
1.75911
1.75188
1.73376
1.70562
1.67071
1.63453
1.60396
1.58554
1.58307
1.59573
1.61864
1.64585
1.67329
1.69942
1.7238
1.74574
1.76433
1.77901
1.78963
1.79614
1.79846
1.79665
1.79146
1.78449
1.77828
1.77586
1.77955
1.78956
1.80354
1.81735
1.82665
1.82833
1.8212
1.80585
1.78416
1.75848
1.73078
1.70206
1.67223
1.64056
1.60656
1.5712
1.53745
1.50993
1.49354
1.49124
1.50236
1.52282
1.54737
1.57195
1.59453
1.6146
1.63235
1.64816
1.66258
1.6764
1.69073
1.70666
1.72473
1.74432
1.76326
1.77817
1.78543
1.78245
1.76858
1.74541
1.7165
1.68688
1.66211
1.64676
1.64309
1.65028
1.66501
1.68329
1.70229
1.7211
1.73965
1.75727
1.77178
1.77997
1.77901
1.76755
1.74634
1.71792
1.68583
1.65386
1.62509
1.60119
1.58195
1.56588
1.55177
1.54031
1.53405
1.53553
1.54552
1.56296
1.58621
1.61385
1.64427
1.67491
1.70215
1.72205
1.73136
1.72835
1.71334
1.68878
1.65912
1.62997
1.60651
1.59171
1.58502
1.58291
1.58072
1.57494
1.56467
1.55165
1.53916
1.53013
1.52594
1.5266
1.53174
1.54123
1.55481
1.57139
1.58909
1.60586
1.6205
1.63334
1.64607
1.66077
1.67825
1.6969
1.71294
1.72192
1.72044
1.70721
1.68323
1.65163
1.61723
1.58591
1.56356
1.55434
1.55888
1.57379
1.59305
1.61069
1.62254
1.62698
1.6246
1.61757
1.6088
1.60131
1.59787
1.60056
1.61005
1.62491
1.64195
1.65757
1.66908
1.6754
1.67689
1.67508
1.67221
1.67076
1.6728
1.67949
1.69079
1.7056
1.72212
1.73813
1.75112
1.75841
1.75752
1.74674
1.72557
1.69516
1.6584
1.61982
1.58539
1.56178
1.55406
1.56276
1.58299
1.60724
1.62892
1.64363
1.64881
1.64355
1.62872
1.60708
1.58297
1.56133
1.54648
1.54092
1.54477
1.55601
1.57146
1.58798
1.60339
1.61679
1.62861
1.64049
1.65442
1.67115
1.6891
1.70486
1.71498
1.71751
1.71264
1.70262
1.69085
1.68003
1.67085
1.66204
1.65191
1.63949
1.62481
1.60853
1.59161
1.57539
1.56181
1.55331
1.55232
1.56045
1.57764
1.60169
1.62903
1.65586
1.67943
1.69857
1.71349
1.72527
1.73517
1.7441
1.75231
1.75955
1.76521
1.76871
1.76967
1.76806
1.76394
1.75745
1.74872
1.73794
1.72554
1.7121
1.69825
1.68461
1.67205
1.66175
1.655
1.65275
1.65523
1.66215
1.67329
1.68899
1.70954
1.73398
1.7592
1.78083
1.79484
1.79881
1.79242
1.77732
1.7567
1.73472
1.71563
1.70254
1.69632
1.69524
1.69559
1.69312
1.68455
1.6687
1.64676
1.62202
1.59876
1.58095
1.57117
1.5696
1.57394
1.58074
1.58721
1.59234
1.59666
1.6014
1.60767
1.61581
1.62521
1.63469
1.64329
1.65068
1.65711
1.66318
1.66956
1.67678
1.68483
1.69314
1.70107
1.70841
1.71561
1.72272
1.72843
1.73044
1.72692
1.71803
1.70608
1.69422
1.68448
1.67695
1.67072
1.66546
1.66215
1.66232
1.66716
1.6769
1.6908
1.70743
1.72508
1.74208
1.75717
1.76946
1.77821
1.78281
1.78291
1.77872
1.77092
1.76068
1.74938
1.73863
1.72995
1.72431
1.72193
1.72214
1.72365
1.72499
1.72484
1.72221
1.71642
1.70717
1.69489
1.68105
1.66821
1.65933
1.65637
1.65921
1.66582
1.67343
1.67975
1.68339
1.68408
1.68234
1.6792
1.67544
1.67124
1.66584
1.65786
1.6458
1.62871
1.6067
1.58118
1.5547
1.53064
1.51241
1.50278
1.50318
1.51348
1.53191
1.55545
1.58052
1.60397
1.62372
1.63907
1.65035
1.65846
1.6642
1.66793
1.66951
1.66865
1.66538
1.66018
1.65385
1.64716
1.64098
1.63665
1.63602
1.64103
1.65283
1.67132
1.69506
1.7217
1.74847
1.7725
1.79102
1.80139
1.8014
1.7898
1.76666
1.73375
1.69446
1.65344
1.61565
1.58505
1.5633
1.54922
1.53929
1.52928
1.51591
1.49797
1.47653
1.45443
1.43553
1.42371
1.4218
1.43053
1.44834
1.47207
1.4981
1.52321
1.54501
1.56216
1.57439
1.58238
1.58719
1.58951
1.58924
1.58599
1.58067
1.57697
1.5807
1.59619
1.62259
1.65405
1.68373
1.70697
1.72165
1.72736
1.72479
1.71565
1.70244
1.68795
1.67421
1.66178
1.64991
1.63768
1.625
1.61277
1.60235
1.59467
1.58986
1.58738
1.58669
1.58763
1.59048
1.59566
1.6034
1.61347
1.62518
1.63749
1.64989
1.66291
1.67793
1.69589
1.71585
1.73458
1.74767
1.7515
1.74478
1.72884
1.70662
1.68127
1.65526
1.63055
1.60885
1.59151
1.57924
1.57212
1.56985
1.57199
1.57793
1.5868
1.59749
1.60882
1.6195
1.62823
1.63391
1.63597
1.63473
1.63155
1.62865
1.62819
1.63072
1.63451
1.63643
1.63377
1.62534
1.61137
1.5928
1.57085
1.54672
1.52169
1.49729
1.47549
1.45862
1.44896
1.44816
1.45682
1.47421
1.49838
1.52668
1.55627
1.58469
1.61014
1.63163
1.64889
1.66235
1.67274
1.68057
1.68561
1.68694
1.68349
1.67493
1.66248
1.64899
1.63813
1.63295
1.63448
1.64144
1.65096
1.66001
1.66662
1.67038
1.67185
1.67155
1.66919
1.66393
1.65556
1.64546
1.63663
1.63269
1.63622
1.64766
1.6655
1.68719
1.7101
1.7318
1.74995
1.76218
1.7662
1.76038
1.74452
1.72039
1.69157
1.6626
1.63745
1.61818
1.60437
1.59361
1.58297
1.57063
1.557
1.54478
1.53747
1.5373
1.54408
1.55609
1.57183
1.59057
1.61168
1.63408
1.65642
1.67754
1.69635
1.71168
1.72259
1.72874
1.73029
1.7277
1.72165
1.71356
1.70577
1.7005
1.69753
1.69327
1.68301
1.66447
1.63991
1.61507
1.5954
1.58277
1.57549
1.57046
1.56508
1.55783
1.54822
1.53698
1.52619
1.51931
1.52018
1.53105
1.55093
1.57655
1.60474
1.63335
1.66026
1.68247
1.69686
1.70192
1.69895
1.69159
1.68381
1.67775
1.67321
1.6688
1.6635
1.65719
1.65019
1.64267
1.63465
1.62641
1.61879
1.61314
1.61089
1.61297
1.61924
1.62845
1.63856
1.64743
1.65335
1.65532
1.65314
1.64748
1.63978
1.63168
1.6243
1.61796
1.61296
1.61018
1.61094
1.61633
1.62636
1.63949
1.653
1.66393
1.67041
1.67242
1.67178
1.67125
1.6733
1.67918
1.68868
1.70047
1.71275
1.72365
1.73142
1.73447
1.73148
1.7218
1.70579
1.68517
1.66318
1.64416
1.63264
1.63195
1.64291
1.66324
1.68833
1.71299
1.73281
1.7449
1.74788
1.74151
1.72631
1.70349
1.6748
1.64227
1.6078
1.573
1.53939
1.50866
1.48273
1.46316
1.45042
1.444
1.4434
1.44899
1.46161
1.48116
1.50523
1.52952
1.54956
1.56269
1.56886
1.57046
1.57115
1.57396
1.57955
1.58584
1.58947
1.58807
1.5816
1.57226
1.56332
1.55791
1.55794
1.56365
1.57333
1.58356
1.59015
1.58931
1.57883
1.5589
1.53218
1.50337
1.47807
1.46147
1.4571
1.46596
1.48647
1.51514
1.54753
1.57949
1.60793
1.63109
1.64841
1.65995
1.66591
1.66645
1.66174
1.65254
1.64038
1.62717
1.61427
1.60214
1.5909
1.58109
1.57383
1.57014
1.57022
1.57312
1.57696
1.57956
1.57917
1.57479
1.56601
1.55258
1.53455
1.51283
1.48991
1.46983
1.4567
1.45288
1.45831
1.4712
1.48966
1.5125
1.53909
1.56885
1.60079
1.63351
1.66549
1.69518
1.72108
1.74172
1.75577
1.7623
1.76107
1.75255
1.73788
1.71865
1.69682
1.67479
1.65522
1.64049
1.63183
1.62878
1.6294
1.63095
1.63081
1.62704
1.6187
1.60578
1.58919
1.57087
1.55417
1.54324
1.54105
1.54719
1.55805
1.56954
1.57917
1.58618
1.59066
1.59286
1.59281
1.59036
1.5853
1.57774
1.56853
1.55973
1.55431
1.55501
1.56335
1.57884
1.59937
1.62213
1.64469
1.66532
1.68296
1.69685
1.70636
1.71103
1.71093
1.70689
1.70066
1.69456
1.69082
1.69059
1.69353
1.69788
1.7015
1.70267
1.70066
1.69574
1.68908
1.68251
1.67812
1.67824
1.68519
1.70026
1.72192
1.7449
1.76167
1.7657
1.7543
1.72966
1.69808
1.66737
1.64351
1.62854
1.62104
1.61804
1.61682
1.61579
1.61452
1.61333
1.61275
1.61321
1.61511
1.61876
1.62423
1.63105
1.63855
1.64625
1.65427
1.66305
1.67289
1.68355
1.69439
1.70471
1.71407
1.72233
1.72954
1.73568
1.74041
1.7431
1.74302
1.7396
1.73246
1.72159
1.70747
1.69117
1.67458
1.66024
1.651
1.64934
1.65669
1.67294
1.69655
1.7251
1.75584
1.78595
1.81273
1.83357
1.84606
1.84812
1.83854
1.81748
1.78695
1.75051
1.71278
1.67861
1.65211
1.63592
1.63089
1.63609
1.64906
1.66644
1.68479
1.70129
1.71405
1.72184
1.72394
1.72036
1.71214
1.70128
1.68992
1.67941
1.66991
1.66113
1.65274
1.6444
1.6356
1.62613
1.61682
1.61009
1.60914
1.61574
1.6285
1.64371
1.65782
1.66931
1.67879
1.68792
1.69818
1.70993
1.72216
1.73304
1.74066
1.7437
1.74173
1.73499
1.72414
1.71
1.69349
1.67581
1.65872
1.6444
1.63512
1.633
1.63947
1.65488
1.67795
1.70561
1.73364
1.75769
1.77415
1.78064
1.77618
1.76133
1.73796
1.70894
1.67771
1.64783
1.6226
1.60458
1.59482
1.59227
1.59394
1.59586
1.59443
1.58792
1.57742
1.56694
1.56177
1.56536
1.57725
1.59383
1.61096
1.62599
1.63856
1.64995
1.66171
1.67432
1.68691
1.69823
1.70765
1.71545
1.72217
1.72781
1.73139
1.7311
1.72493
1.71136
1.68977
1.66072
1.62589
1.58812
1.55101
1.51834
1.49322
1.47748
1.47157
1.4748
1.48545
1.50059
1.51665
1.5309
1.54252
1.55227
1.5611
1.56907
1.57495
1.57666
1.57222
1.56069
1.54279
1.52132
1.50074
1.48612
1.4811
1.48644
1.50026
1.51955
1.5416
1.5643
1.58621
1.60661
1.62544
1.64299
1.65953
1.67497
1.68848
1.69864
1.70377
1.7023
1.69313
1.67597
1.65179
1.62332
1.59516
1.5731
1.56212
1.56392
1.57643
1.59541
1.61671
1.63707
1.65392
1.66506
1.66883
1.66446
1.65249
1.63495
1.61515
1.59726
1.58549
1.58281
1.58986
1.60461
1.62322
1.64153
1.65601
1.66413
1.66449
1.65716
1.64387
1.62766
1.61194
1.59907
1.58968
1.58303
1.57819
1.57525
1.57552
1.58081
1.59226
1.60961
1.63102
1.65358
1.67416
1.69012
1.69986
1.70314
1.70103
1.6954
1.68783
1.67851
1.66595
1.64775
1.62196
1.5881
1.54758
1.50353
1.46074
1.42554
1.40518
1.40555
1.42762
1.46617
1.51234
1.55749
1.59534
1.62236
1.63762
1.64246
1.63979
1.63306
1.62502
1.61723
1.61025
1.60434
1.60009
1.59876
1.60184
1.61012
1.62276
1.63746
1.65152
1.66261
1.66912
1.67026
1.66618
1.65836
1.6496
1.64359
1.64367
1.65164
1.6671
1.68783
1.71051
1.73164
1.74795
1.75676
1.75638
1.74655
1.72877
1.7058
1.68068
1.65578
1.63279
1.61329
1.59894
1.59044
1.58696
1.58688
1.58902
1.59313
1.59938
1.60744
1.61611
1.62349
1.62771
1.62784
1.62469
1.62118
1.62157
1.62931
1.64451
1.66336
1.68043
1.69179
1.69622
1.69452
1.68815
1.67822
1.66522
1.64963
1.63305
1.61871
1.61088
1.61296
1.6255
1.64546
1.66734
1.68548
1.69563
1.69554
1.68465
1.66346
1.63346
1.59703
1.55759
1.51931
1.48658
1.46323
1.45184
1.4534
1.46717
1.49102
1.52165
1.55493
1.58663
1.61303
1.63176
1.64239
1.64667
1.64833
1.65193
1.66106
1.67674
1.69725
1.71967
1.7415
1.76137
1.779
1.79428
1.80678
1.81567
1.82011
1.81972
1.8147
1.80566
1.79335
1.77848
1.76176
1.74385
1.72547
1.7076
1.69166
1.67957
1.67339
1.67439
1.68218
1.69443
1.70767
1.71828
1.72332
1.72119
1.71187
1.69716
1.6803
1.66506
1.65433
1.64921
1.64895
1.65174
1.65572
1.6595
1.6623
1.66382
1.66386
1.66216
1.65828
1.65193
1.64368
1.636
1.6331
1.63846
1.65126
1.6661
1.67672
1.67963
1.67509
1.66588
1.65592
1.6489
1.64757
1.65335
1.66646
1.68582
1.70897
1.73228
1.75173
1.76411
1.76793
1.76349
1.75222
1.73573
1.71539
1.69238
1.66763
1.64176
1.61505
1.58818
1.56329
1.54422
1.53505
1.53754
1.54977
1.56714
1.58456
1.59823
1.60628
1.60866
1.60666
1.60218
1.59712
1.59297
1.59072
1.59084
1.5934
1.59787
1.60321
1.60801
1.61114
1.61222
1.61179
1.61094
1.61069
1.6114
1.61275
1.61401
1.61457
1.61415
1.61313
1.61264
1.61424
1.61888
1.62553
1.63116
1.63285
1.62999
1.62456
1.61961
1.61743
1.61861
1.6223
1.627
1.63135
1.63464
1.63681
1.63829
1.63973
1.64174
1.64476
1.64874
1.65324
1.6576
1.66166
1.66577
1.67068
1.67704
1.68514
1.69502
1.70637
1.71846
1.72997
1.73895
1.74321
1.74103
1.7319
1.71692
1.69857
1.68026
1.66552
1.65669
1.65373
1.65418
1.65443
1.65142
1.64367
1.6316
1.61717
1.60314
1.59194
1.58455
1.57989
1.57531
1.5678
1.55538
1.53773
1.5163
1.49423
1.47618
1.46755
1.47209
1.48923
1.5135
1.5371
1.55339
1.55907
1.5544
1.54247
1.52802
1.51601
1.50998
1.51121
1.51891
1.53129
1.54655
1.56324
1.58029
1.5971
1.61356
1.62996
1.64678
1.66443
1.68251
1.69925
1.71189
1.71807
1.71691
1.70906
1.69599
1.67924
1.66014
1.63988
1.61991
1.60222
1.58896
1.58133
1.57856
1.57812
1.57712
1.57393
1.5692
1.56579
1.56719
1.57563
1.59103
1.61161
1.63512
1.65943
1.68262
1.70283
1.71843
1.72871
1.73427
1.7368
1.73802
1.73831
1.73654
1.73105
1.7212
1.70764
1.69178
1.67493
1.65781
1.64083
1.62439
1.60899
1.5948
1.58135
1.56826
1.55624
1.54738
1.54416
1.54792
1.55812
1.57275
1.58917
1.60485
1.61776
1.62658
1.63085
1.63088
1.62758
1.62207
1.61538
1.60824
1.60105
1.59388
1.58619
1.57669
1.5637
1.54601
1.52398
1.50076
1.48264
1.47718
1.48895
1.51624
1.55254
1.59059
1.62527
1.65413
1.67668
1.69351
1.70539
1.71289
1.71635
1.71611
1.7126
1.70631
1.69767
1.68711
1.6753
1.66343
1.65294
1.64501
1.63992
1.63713
1.63554
1.63392
1.63123
1.6269
1.6209
1.6137
1.60609
1.59885
1.59266
1.58804
1.5854
1.58501
1.58678
1.59009
1.59381
1.5968
1.59855
1.59967
1.60163
1.60596
1.61341
1.62342
1.63436
1.64419
1.65104
1.65355
1.65114
1.64432
1.63452
1.62353
1.61277
1.60299
1.59422
1.58608
1.57832
1.57164
1.56806
1.57071
1.5825
1.60456
1.63554
1.67221
1.71071
1.74739
1.77891
1.80224
1.81483
1.81505
1.80255
1.77869
1.74652
1.71037
1.67479
1.64353
1.6188
1.60119
1.59027
1.58523
1.5854
1.59011
1.59854
1.60939
1.62103
1.63159
1.63876
1.63966
1.63162
1.61349
1.58663
1.55476
1.52276
1.49551
1.47702
1.46965
1.47365
1.48732
1.50797
1.53295
1.56015
1.58792
1.61479
1.63956
1.66151
1.6804
1.6963
1.70932
1.71938
1.7259
1.7276
1.72291
1.71089
1.69199
1.668
1.64158
1.6157
1.59342
1.57737
1.56891
1.56738
1.57019
1.57374
1.57488
1.57185
1.56467
1.55481
1.54459
1.53651
1.53251
1.53348
1.53921
1.54869
1.56058
1.57351
1.58613
1.59723
1.60596
1.61233
1.61693
1.62055
1.62383
1.62737
1.63187
1.6377
1.64445
1.65069
1.65436
1.65353
1.64704
1.63485
1.61809
1.59903
1.58089
1.56765
1.5635
1.5719
1.59422
1.6285
1.66978
1.7116
1.74804
1.77494
1.79014
1.79312
1.78476
1.76696
1.7424
1.71413
1.68513
1.65778
1.63367
1.61369
1.59836
1.58794
1.58247
1.58172
1.58524
1.59237
1.60251
1.61517
1.62998
1.6464
1.6634
1.67944
1.69285
1.70221
1.70672
1.70644
1.70228
1.69589
1.68932
1.68438
1.682
1.68214
1.68411
1.68715
1.6908
1.69494
1.69956
1.70465
1.71003
1.71543
1.72061
1.72563
1.73087
1.73692
1.74431
1.75313
1.76283
1.77218
1.77951
1.78288
1.7808
1.7727
1.75958
1.74385
1.72834
1.71491
1.70387
1.69453
1.68595
1.67729
1.66774
1.65634
1.64179
1.6225
1.59721
1.56671
1.53622
1.51545
1.51353
1.53255
1.5671
1.60934
1.65272
1.69255
1.72541
1.749
1.76201
1.76441
1.75775
1.74547
1.73271
1.72513
1.72679
1.73871
1.75887
1.78365
1.80917
1.83188
1.8488
1.85792
1.85846
1.85099
1.83719
1.81927
1.79936
1.7789
1.75827
1.73689
1.71374
1.68808
1.65991
1.63005
1.60009
1.57203
1.54796
1.52961
1.51797
1.51308
1.51428
1.5208
1.5323
1.549
1.57104
1.59774
1.62731
1.65736
1.68565
1.71031
1.72976
1.74264
1.74802
1.7458
1.73699
1.72378
1.70941
1.69748
1.69126
1.69275
1.70196
1.71695
1.73452
1.75119
1.76404
1.77106
1.7713
1.76485
1.75273
1.73673
1.71909
1.70213
1.68776
1.67716
1.67049
1.66685
1.6647
1.66247
1.65912
1.65424
1.64773
1.63908
1.62708
1.61017
1.58739
1.5593
1.52853
1.49941
1.47721
1.46687
1.47127
1.48964
1.51758
1.54917
1.57946
1.60562
1.6266
1.64238
1.65335
1.66013
1.66351
1.66459
1.66459
1.66436
1.66397
1.66288
1.66053
1.65695
1.65301
1.65025
1.65041
1.6546
1.66257
1.67262
1.68208
1.68845
1.69022
1.68746
1.68136
1.67358
1.66543
1.65764
1.65055
1.64442
1.63958
1.63644
1.63542
1.63684
1.64049
1.6455
1.65062
1.65472
1.65741
1.65916
1.66124
1.66516
1.67197
1.68153
1.69237
1.70208
1.70824
1.70939
1.70546
1.69733
1.68613
1.67282
1.65846
1.64447
1.63208
1.6216
1.61235
1.60372
1.59607
1.59062
1.58834
1.58884
1.59054
1.59167
1.59185
1.59288
1.59788
1.6091
1.62638
1.64735
1.66886
1.68838
1.70456
1.71713
1.72663
1.73399
1.74009
1.74538
1.74962
1.75202
1.75157
1.74747
1.73949
1.72802
1.71385
1.69801
1.68144
1.66489
1.6488
1.63355
1.61959
1.60752
1.59798
1.59148
1.58807
1.58725
1.58805
1.58942
1.59058
1.59134
1.592
1.59307
1.59471
1.59631
1.59637
1.59284
1.58363
1.56759
1.54538
1.52012
1.49686
1.48085
1.47529
1.48009
1.49251
1.50879
1.52567
1.54095
1.5535
1.5631
1.57024
1.57535
1.57804
1.57696
1.57078
1.55972
1.54609
1.53313
1.52306
1.51621
1.51169
1.50838
1.50543
1.50249
1.50004
1.49967
1.50373
1.51444
1.53292
1.5587
1.58987
1.62352
1.65662
1.68657
1.71169
1.73133
1.74579
1.75599
1.76288
1.76692
1.76779
1.76467
1.75681
1.74412
1.72746
1.70852
1.68926
1.67126
1.6552
1.64075
1.62681
1.6121
1.59562
1.57701
1.5567
1.53607
1.51729
1.50306
1.49608
1.49798
1.50829
1.52427
1.54168
1.55629
1.56502
1.56667
1.56202
1.5535
1.5443
1.53728
1.53406
1.53465
1.53766
1.54134
1.54439
1.54662
1.54909
1.55366
1.56224
1.57604
1.59499
1.61767
1.64167
1.66435
1.68343
1.69733
1.70511
1.70631
1.70121
1.69114
1.67861
1.66655
1.65701
1.65025
1.64493
1.63914
1.63141
1.62115
1.60876
1.59547
1.583
1.57291
1.56619
1.56318
1.56374
1.56762
1.57456
1.58421
1.59596
1.60876
1.62137
1.63274
1.64223
1.6493
1.65328
1.65387
1.65193
1.6495
1.64879
1.65077
1.65444
1.65744
1.65694
1.65052
1.63666
1.61531
1.58858
1.561
1.53868
1.52721
1.5292
1.54307
1.56382
1.58527
1.6025
1.61296
1.61641
1.61406
1.60775
1.59944
1.59112
1.58477
1.58232
1.5853
1.59411
1.60737
1.62229
1.63542
1.64374
1.64524
1.63939
1.62738
1.612
1.59697
1.58598
1.5813
1.58307
1.58944
1.5977
1.60545
1.61138
1.6152
1.61727
1.61815
1.61826
1.61787
1.61716
1.61637
1.61563
1.61526
1.61622
1.62055
1.6302
1.64498
1.66161
1.67543
1.68278
1.68209
1.67367
1.65904
1.64033
1.61976
1.59926
1.58026
1.56365
1.54957
1.53734
1.52548
1.5122
1.49625
1.47742
1.45677
1.43653
1.41967
1.40938
1.40861
1.41961
1.44337
1.47891
1.52249
1.56828
1.6103
1.64397
1.66655
1.67678
1.67449
1.66061
1.63745
1.6092
1.58212
1.56399
1.56228
1.57964
1.60982
1.64016
1.65963
1.66338
1.65217
1.62999
1.60201
1.57341
1.54857
1.53043
1.52037
1.51833
1.52346
1.5344
1.54957
1.56687
1.58357
1.5967
1.60389
1.60433
1.59904
1.59046
1.58184
1.57648
1.57753
1.58712
1.60528
1.62973
1.65669
1.68236
1.70382
1.71944
1.72858
1.73116
1.72729
1.71719
1.70133
1.68092
1.65829
1.63676
1.62005
1.61108
1.61098
1.61892
1.63255
1.64852
1.6629
1.67216
1.67443
1.67037
1.66315
1.65682
1.65376
1.65319
1.65214
1.64819
1.64107
1.63235
1.62402
1.6177
1.61487
1.61706
1.62541
1.63997
1.65945
1.68153
1.7036
1.72338
1.73915
1.74952
1.7529
1.74776
