1.72501
1.70314
1.7061
1.73041
1.76831
1.80929
1.84312
1.86388
1.87131
1.86981
1.8673
1.87363
1.89466
1.92536
1.95267
1.96565
1.96067
1.94064
1.91324
1.88945
1.87891
1.88359
1.89753
1.91347
1.92694
1.9353
1.93597
1.92697
1.90844
1.88346
1.85713
1.83391
1.8149
1.79702
1.77549
1.74844
1.72068
1.70199
1.69868
1.70881
1.72789
1.75405
1.78683
1.82505
1.86626
1.90717
1.94415
1.97365
1.99328
2.00321
2.00719
2.01091
2.01717
2.02392
2.02821
2.03009
2.03202
2.03609
2.04234
2.049
2.05385
2.05567
2.05492
2.05351
2.05346
2.0554
2.05793
2.05816
2.05288
2.03959
2.01767
1.98967
1.96239
1.94489
1.94348
1.95776
1.98119
2.00472
2.02091
2.02612
2.02035
2.00564
1.98457
1.9595
1.93228
1.90399
1.87522
1.84694
1.82067
1.7976
1.77781
1.76098
1.74801
1.74124
1.74237
1.75067
1.76311
1.77538
1.78312
1.7843
1.78181
1.78345
1.79648
1.82072
1.84881
1.87292
1.88847
1.89338
1.88742
1.87229
1.85126
1.82818
1.80754
1.79493
1.7962
1.81474
1.84936
1.89464
1.9428
1.98624
2.02
2.04225
2.05296
2.05229
2.04041
2.01836
1.98846
1.95475
1.9236
1.90374
1.90274
1.92103
1.95
1.97689
1.99161
1.9899
1.97323
1.9472
1.91877
1.89223
1.86679
1.83978
1.81381
1.79952
1.80659
1.83319
1.86887
1.90407
1.93418
1.95823
1.97659
1.98973
1.99788
2.00107
1.99901
1.99172
1.98042
1.96773
1.95695
1.95101
1.95237
1.96312
1.98383
2.01094
2.03719
2.05599
2.06406
2.05951
2.03964
2.00437
1.96137
1.92245
1.89271
1.87007
1.85385
1.84641
1.84837
1.85591
1.86227
1.8611
1.84991
1.83187
1.81345
1.79918
1.7882
1.77671
1.76462
1.75941
1.76961
1.79415
1.8235
1.84884
1.86613
1.8756
1.88023
1.88363
1.88734
1.88979
1.88847
1.88281
1.87363
1.86066
1.8429
1.82113
1.79907
1.78182
1.77313
1.77332
1.77883
1.78378
1.78293
1.77548
1.76854
1.77626
1.80837
1.85887
1.913
1.95987
1.99493
2.01669
2.02437
2.01747
1.99687
1.9668
1.93591
1.9148
1.9102
1.9203
1.93664
1.95123
1.96141
1.9693
1.97775
1.98674
1.9931
1.99262
1.98247
1.96226
1.93412
1.90192
1.86974
1.84098
1.81903
1.80762
1.80959
1.82449
1.84713
1.86816
1.87772
1.87035
1.84793
1.81823
1.7899
1.76831
1.75546
1.75206
1.75793
1.77169
1.79231
1.8198
1.85305
1.88701
1.91313
1.9233
1.91491
1.8933
1.86894
1.85041
1.83977
1.83394
1.82865
1.82148
1.81391
1.81089
1.81716
1.83339
1.85583
1.87911
1.89942
1.91584
1.92964
1.94241
1.95368
1.96059
1.96102
1.95708
1.95438
1.95783
1.96769
1.97922
1.98553
1.98119
1.96419
1.93599
1.90059
1.86403
1.83404
1.8183
1.82065
1.8385
1.86439
1.89021
1.91122
1.92737
1.94134
1.95518
1.96813
1.97675
1.97718
1.96717
1.9467
1.91776
1.88433
1.85199
1.82671
1.81263
1.80937
1.8124
1.81799
1.82639
1.83828
1.85092
1.85923
1.85955
1.85239
1.84302
1.83923
1.84696
1.867
1.89404
1.91746
1.9269
1.91878
1.89811
1.87595
1.86375
1.86684
1.88162
1.90134
1.92266
1.94416
1.96269
1.9746
1.97844
1.97575
1.96985
1.96379
1.95879
1.95386
1.94689
1.93609
1.92078
1.90152
1.88042
1.86127
1.84822
1.84332
1.84515
1.84948
1.85125
1.8466
1.83453
1.81744
1.80054
1.78988
1.7894
1.79881
1.81441
1.83118
1.84421
1.85002
1.84871
1.84467
1.84363
1.8488
1.85904
1.87051
1.87944
1.88407
1.88487
1.88367
1.88274
1.88457
1.89163
1.90586
1.92753
1.95391
1.97865
1.99279
1.98771
1.9598
1.91657
1.87891
1.86935
1.89272
1.93388
1.97286
1.99727
2.0046
1.99954
1.99017
1.98445
1.98719
1.99883
2.01647
2.03593
2.05345
2.06632
2.07293
2.07308
2.06802
2.05974
2.04941
2.0357
2.01508
1.98553
1.95017
1.91636
1.8908
1.87583
1.86992
1.87022
1.87445
1.88135
1.88976
1.89772
1.90277
1.9035
1.90095
1.89871
1.90088
1.90885
1.91968
1.92785
1.92824
1.91789
1.89624
1.86499
1.82785
1.79007
1.75714
1.73198
1.71384
1.70114
1.69487
1.69811
1.71233
1.73529
1.76228
1.78898
1.81347
1.83627
1.85896
1.8823
1.905
1.92487
1.9418
1.958
1.97331
1.98264
1.97935
1.95986
1.92537
1.88203
1.83952
1.80657
1.78604
1.77535
1.77085
1.7718
1.78326
1.81352
1.86201
1.91398
1.95314
1.97301
1.97592
1.96767
1.95391
1.93881
1.92464
1.91168
1.8987
1.88435
1.86938
1.85804
1.85524
1.86065
1.86811
1.87214
1.87238
1.8724
1.87557
1.88192
1.88841
1.8918
1.89079
1.88559
1.87645
1.86328
1.84667
1.82887
1.81327
1.80221
1.7948
1.78818
1.78234
1.78265
1.79434
1.816
1.84245
1.87002
1.8964
1.91847
1.932
1.93242
1.9162
1.88297
1.8379
1.79353
1.76777
1.77461
1.8116
1.86019
1.90102
1.92447
1.92972
1.91998
1.89911
1.87028
1.83679
1.80371
1.77798
1.76561
1.76791
1.78071
1.79655
1.80821
1.81237
1.81158
1.8119
1.81714
1.82657
1.83737
1.84661
1.85123
1.84838
1.83722
1.82117
1.80792
1.80621
1.8204
1.84749
1.87935
1.90816
1.92856
1.93673
1.93127
1.91678
1.90492
1.90803
1.92948
1.96109
1.98978
2.00513
2.00195
1.97904
1.93758
1.88141
1.81944
1.76897
1.75193
1.77567
1.82198
1.86615
1.89596
1.91128
1.91677
1.91752
1.91825
1.92266
1.93164
1.9427
1.95138
1.95303
1.94436
1.92462
1.89632
1.86449
1.83499
1.81272
1.8007
1.79943
1.80644
1.8167
1.82529
1.83099
1.83745
1.84982
1.86921
1.89111
1.90882
1.91779
1.91765
1.91142
1.90246
1.89134
1.87564
1.85292
1.82346
1.79141
1.76399
1.74855
1.74832
1.76066
1.7788
1.79518
1.80444
1.80508
1.79926
1.79112
1.78475
1.78275
1.78558
1.79122
1.7958
1.79674
1.79673
1.80253
1.81769
1.83778
1.85412
1.86056
1.85704
1.84853
1.84182
1.84256
1.85435
1.87925
1.91645
1.96027
2.00126
2.0304
2.04349
2.04166
2.02822
2.00612
1.97872
1.94981
1.92263
1.90011
1.88481
1.87732
1.87556
1.87617
1.87703
1.87778
1.87832
1.87867
1.8799
1.8836
1.89038
1.90044
1.91418
1.9301
1.9432
1.94789
1.94272
1.93143
1.91954
1.90999
1.9013
1.8894
1.87096
1.84649
1.8229
1.81298
1.82603
1.85723
1.89253
1.92094
1.93773
1.94168
1.93313
1.91376
1.88648
1.85583
1.82846
1.8115
1.80906
1.82063
1.84257
1.86947
1.89488
1.91288
1.91994
1.91549
1.9009
1.87814
1.84895
1.81522
1.77998
1.74882
1.72975
1.7299
1.75133
1.78978
1.83678
1.88237
1.91771
1.93787
1.9437
1.94113
1.93747
1.93752
1.94261
1.95213
1.96416
1.97574
1.98395
1.9871
1.98432
1.97423
1.95475
1.92494
1.88667
1.8446
1.80566
1.77794
1.76756
1.77343
1.78646
1.7964
1.79937
1.79952
1.804
1.81608
1.83305
1.8494
1.86037
1.86378
1.86032
1.85231
1.84257
1.8343
1.83167
1.83941
1.8586
1.88264
1.90275
1.91589
1.92419
1.92993
1.93291
1.93146
1.92482
1.91499
1.90666
1.90506
1.91284
1.92835
1.94715
1.96521
1.97945
1.98575
1.97935
1.95946
1.93318
1.91292
1.90687
1.91324
1.92429
1.9333
1.9369
1.93275
1.9185
1.8945
1.86659
1.84511
1.83901
1.85018
1.87323
1.90028
1.925
1.94366
1.95447
1.95728
1.9537
1.94649
1.93873
1.93306
1.93149
1.93536
1.94462
1.95754
1.97197
1.98703
2.00355
2.02255
2.04296
2.06091
2.07133
2.07058
2.05783
2.03451
2.00289
1.9652
1.92412
1.88477
1.85635
1.84828
1.86066
1.88229
1.90054
1.90938
1.90891
1.90214
1.89283
1.88491
1.88192
1.88602
1.89691
1.91195
1.92743
1.94033
1.94905
1.95279
1.95093
1.94371
1.93329
1.92269
1.91373
1.90691
1.9035
1.90646
1.91806
1.93629
1.95432
1.96341
1.95632
1.92967
1.88548
1.83152
1.77946
1.74094
1.72405
1.73233
1.76364
1.80901
1.85581
1.89355
1.91755
1.92935
1.93428
1.93745
1.94068
1.94233
1.93927
1.92925
1.91333
1.8965
1.88487
1.88082
1.8817
1.8835
1.88554
1.89174
1.90737
1.93424
1.96871
2.00386
2.03308
2.05237
2.0607
2.05864
2.04644
2.02396
1.99219
1.954
1.91345
1.8754
1.84537
1.82865
1.82857
1.84516
1.87502
1.91304
1.95424
1.99382
2.02695
2.04947
2.05889
2.05508
2.04037
2.01847
1.9917
1.95919
1.91952
1.87696
1.84447
1.83605
1.85308
1.88317
1.91245
1.93385
1.9457
1.94886
1.94581
1.9396
1.93246
1.92537
1.91825
1.91037
1.90123
1.8914
1.88267
1.87676
1.8741
1.8734
1.87264
1.87042
1.86559
1.8556
1.83682
1.80794
1.77269
1.73877
1.71345
1.69977
1.69588
1.69717
1.69902
1.6986
1.69557
1.69237
1.69306
1.70057
1.71406
1.72855
1.73757
1.73741
1.73101
1.72921
1.74473
1.77822
1.81581
1.84386
1.8574
1.8576
1.84855
1.83583
1.82437
1.81525
1.8049
1.78908
1.76925
1.75587
1.76025
1.78057
1.8035
1.81851
1.8247
1.82816
1.83601
1.85169
1.87431
1.90042
1.9257
1.94566
1.95625
1.95442
1.93875
1.91015
1.87248
1.83219
1.7962
1.76872
1.7495
1.73573
1.72587
1.72117
1.72343
1.73253
1.7485
1.77554
1.81901
1.87545
1.93063
1.96965
1.9849
1.97564
1.94472
1.89719
1.8408
1.78717
1.75061
1.74219
1.76256
1.80125
1.8434
1.87727
1.89804
1.9072
1.90968
1.91129
1.91725
1.93151
1.9558
1.98868
2.02537
2.05927
2.08408
2.09515
2.09008
2.0695
2.03786
2.00309
1.97456
1.95979
1.96115
1.97444
1.99081
2.00122
2.00042
1.9882
1.96757
1.94138
1.91023
1.8732
1.83075
1.78705
1.74839
1.71777
1.6929
1.67172
1.65707
1.65393
1.66362
1.68141
1.69947
1.7124
1.72068
1.72938
1.74268
1.75849
1.76963
1.77117
1.76585
1.76176
1.76498
1.77469
1.78438
1.78612
1.77441
1.74905
1.71667
1.68927
1.67823
1.6881
1.71614
1.7564
1.80203
1.845
1.87773
1.89703
1.90539
1.90868
1.9129
1.92225
1.93829
1.95954
1.98205
2.00069
2.01028
2.00661
1.98765
1.95508
1.91511
1.87735
1.85041
1.83731
1.83568
1.84209
1.85484
1.87344
1.89774
1.92741
1.95975
1.98815
2.00523
2.00697
1.99382
1.96924
1.93791
1.90403
1.87
1.83661
1.80548
1.78227
1.77561
1.79003
1.82046
1.85488
1.88143
1.89297
1.888
1.87003
1.84623
1.82564
1.81641
1.82252
1.84222
1.86947
1.89711
1.91913
1.93157
1.933
1.92459
1.90963
1.89191
1.87371
1.85433
1.83062
1.80089
1.76979
1.74837
1.74493
1.75698
1.77607
1.79627
1.81561
1.83382
1.85125
1.86862
1.8863
1.90364
1.91915
1.93132
1.93852
1.93826
1.92907
1.91653
1.91452
1.93155
1.96082
1.99086
2.01495
2.0304
2.03695
2.03625
2.03015
2.01949
2.00458
1.98672
1.96884
1.95467
1.94682
1.94527
1.94728
1.94859
1.94488
1.93364
1.91698
1.90226
1.89584
1.89573
1.89498
1.88925
1.87839
1.86448
1.85077
1.84133
1.8405
1.8513
1.87345
1.90238
1.9305
1.9503
1.95687
1.94912
1.92969
1.90367
1.87594
1.84931
1.8248
1.80358
1.78803
1.78108
1.78479
1.7989
1.82047
1.84489
1.86701
1.88149
1.88357
1.87144
1.84958
1.82955
1.82288
1.83159
1.84888
1.8673
1.88333
1.89669
1.90847
1.91967
1.93091
1.94255
1.95386
1.9614
1.96001
1.9468
1.92427
1.89952
1.87983
1.8678
1.86196
1.86226
1.8722
1.89439
1.92638
1.96202
1.99524
2.0217
2.03811
2.04185
2.03165
2.00918
1.97967
1.94945
1.92161
1.89556
1.87086
1.84938
1.83352
1.82358
1.81765
1.81342
1.80872
1.80109
1.788
1.76775
1.74089
1.71249
1.69438
1.70251
1.74639
1.81827
1.89747
1.96595
2.01587
2.04643
2.05921
2.05678
2.04316
2.02312
2.0001
1.97514
1.94851
1.92177
1.89874
1.88411
1.88059
1.88659
1.89539
1.89789
1.88892
1.87064
1.85009
1.83396
1.82443
1.81919
1.81503
1.81112
1.80973
1.81491
1.83011
1.85682
1.89339
1.933
1.9648
1.98076
1.98053
1.96982
1.95516
1.94004
1.92521
1.912
1.90443
1.90584
1.91342
1.91959
1.91874
1.90999
1.89412
1.87093
1.84172
1.81341
1.79872
1.80809
1.83806
1.87334
1.90115
1.91801
1.92681
1.93228
1.93729
1.94086
1.93947
1.93023
1.91316
1.89151
1.87012
1.85235
1.83811
1.82587
1.81574
1.81018
1.81192
1.82206
1.84023
1.86305
1.88214
1.88912
1.88259
1.86754
1.8497
1.83117
1.81051
1.78589
1.75785
1.73011
1.70994
1.70811
1.73385
1.78568
1.85105
1.91686
1.97647
2.02771
2.06839
2.09502
2.10442
2.0957
2.07092
2.0348
1.99445
1.95868
1.93563
1.9285
1.93334
1.94189
1.94702
1.94591
1.93923
1.92841
1.91344
1.89315
1.86732
1.83872
1.81318
1.79717
1.79519
1.80806
1.83204
1.85909
1.87946
1.88521
1.87253
1.84324
1.80735
1.78116
1.77439
1.78262
1.79899
1.82296
1.85588
1.89551
1.93591
1.97053
1.99438
2.00458
2.00011
1.98192
1.95297
1.91726
1.87822
1.83839
1.80112
1.77185
1.75616
1.75584
1.76693
1.78199
1.79423
1.80118
1.80651
1.8178
1.83919
1.86624
1.89011
1.90448
1.90774
1.90206
1.8922
1.88358
1.87961
1.87994
1.88136
1.88056
1.87591
1.86758
1.8571
1.8472
1.84109
1.84091
1.84662
1.85645
1.86794
1.87808
1.88343
1.88156
1.87225
1.85709
1.83786
1.8153
1.78946
1.76198
1.7394
1.73114
1.74024
1.75983
1.78127
1.80076
1.81854
1.83545
1.85065
1.86221
1.86907
1.872
1.87311
1.87442
1.87653
1.87798
1.87564
1.86633
1.84863
1.82389
1.79591
1.77001
1.75179
1.74615
1.75554
1.77846
1.80978
1.84283
1.87161
1.89217
1.9033
1.90627
1.90389
1.89902
1.89305
1.88583
1.87644
1.86411
1.8488
1.83181
1.81617
1.80667
1.80789
1.81983
1.83597
1.848
1.85259
1.85298
1.85547
1.86488
1.88181
1.90255
1.9214
1.9336
1.93726
1.93365
1.92644
1.92032
1.91895
1.92366
1.93381
1.94783
1.96356
1.97859
1.99112
2.00097
2.00951
2.01791
2.02536
2.02955
2.0285
2.02182
2.01047
1.99686
1.98501
1.98001
1.98599
2.00322
2.02686
2.04978
2.06738
2.07915
2.08515
2.08214
2.06599
2.03769
2.00516
1.97781
1.95976
1.95019
1.94746
1.95028
1.956
1.95884
1.95093
1.9264
1.88578
1.83807
1.79751
1.77584
1.77609
1.7933
1.81996
1.84987
1.87878
1.90404
1.92407
1.93778
1.94446
1.94416
1.93848
1.93135
1.92798
1.93133
1.93993
1.95046
1.96109
1.97131
1.98053
1.98764
1.99132
1.99053
1.98521
1.97719
1.9703
1.96902
1.97616
1.99118
2.01012
2.02726
2.03788
2.04015
2.03493
2.02397
2.00766
1.98472
1.95576
1.92812
1.91256
1.91132
1.91573
1.91765
1.9168
1.91889
1.92871
1.94426
1.95856
1.96575
1.96452
1.95733
1.94707
1.93463
1.91957
1.90312
1.88925
1.88265
1.88504
1.89303
1.90051
1.90416
1.90713
1.91627
1.9346
1.9578
1.9781
1.99004
1.9926
1.98809
1.9797
1.9693
1.95685
1.9417
1.9244
1.90747
1.8946
1.88869
1.88942
1.89291
1.89493
1.89458
1.89399
1.89526
1.89871
1.90314
1.90658
1.90699
1.90306
1.8946
1.88249
1.86845
1.85479
1.84382
1.83704
1.83464
1.83618
1.84159
1.85144
1.8655
1.88091
1.89285
1.89775
1.8958
1.88981
1.88116
1.86767
1.84634
1.81871
1.79213
1.77525
1.77217
1.78089
1.79631
1.81406
1.83164
1.84743
1.86012
1.86938
1.87635
1.88264
1.88921
1.89684
1.90677
1.91985
1.93489
1.94874
1.95836
1.96283
1.96375
1.96374
1.9644
1.96483
1.96165
1.95058
1.92893
1.89762
1.86175
1.82959
1.80926
1.8038
1.80996
1.82325
1.84058
1.85823
1.8721
1.88009
1.88302
1.88357
1.88384
1.88347
1.87985
1.87049
1.85516
1.8366
1.82027
1.81283
1.81804
1.83159
1.84305
1.84548
1.83951
1.82778
1.81128
1.79264
1.77882
1.77882
1.79923
1.84066
1.89631
1.95425
2.00155
2.02783
2.02782
2.00252
1.95922
1.90954
1.86537
1.83464
1.82015
1.8212
1.83567
1.86082
1.89299
1.92778
1.9605
1.98667
2.00215
2.00319
1.98691
1.95227
1.90125
1.839
1.77296
1.71225
1.6675
1.64912
1.66276
1.70492
1.76414
1.8272
1.88387
1.92722
1.95252
1.95727
1.94257
1.91407
1.88072
1.85114
1.83051
1.82106
1.82327
1.83542
1.8531
1.87108
1.88521
1.89241
1.891
1.88211
1.87012
1.861
1.85915
1.86472
1.87294
1.87568
1.86473
1.83576
1.79175
1.74401
1.70845
1.69706
1.7106
1.73989
1.77352
1.80376
1.8275
1.84473
1.85745
1.86864
1.88054
1.89365
1.90708
1.91839
1.92338
1.91832
1.904
1.88729
1.87699
1.87715
1.88545
1.89685
1.90718
1.91469
1.92063
1.92869
1.94302
1.96519
1.99237
2.01804
2.03512
2.03913
2.02976
2.0106
1.98664
1.96091
1.93292
1.90011
1.86062
1.81604
1.773
1.74206
1.73352
1.75175
1.79219
1.84373
1.89461
1.93695
1.96742
1.98501
1.98902
1.97891
1.95602
1.92538
1.89573
1.87672
1.87424
1.88723
1.90935
1.93284
1.95067
1.95708
1.949
1.92868
1.90464
1.88808
1.88584
1.89652
1.91258
1.92554
1.93096
1.92974
1.92404
1.91178
1.88772
1.85102
1.80951
1.77542
1.75798
1.75981
1.77818
1.80755
1.84218
1.87805
1.91302
1.94566
1.97482
1.99991
2.02081
2.03607
2.04065
2.02703
1.9897
1.92926
1.85475
1.78453
1.74192
1.74016
1.77102
1.81632
1.86233
1.9006
1.92529
1.93334
1.92654
1.91181
1.89723
1.88617
1.87673
1.86638
1.8556
1.84785
1.8473
1.85652
1.87516
1.89989
1.9254
1.94653
1.96017
1.96556
1.96325
1.95394
1.93833
1.91753
1.89345
1.86874
1.84697
1.83218
1.82653
1.82832
1.83263
1.83342
1.82529
1.80493
1.77296
1.73544
1.70285
1.68565
1.68783
1.70488
1.72851
1.75245
1.77414
1.79361
1.812
1.83041
1.84889
1.8657
1.87734
1.87994
1.87119
1.85191
1.8265
1.80206
1.78574
1.78101
1.7855
1.79251
1.79499
1.78859
1.77341
1.75481
1.74294
1.74845
1.77505
1.81607
1.86005
1.89866
1.92895
1.95134
1.96683
1.97519
1.97461
1.96263
1.93763
1.90067
1.85692
1.81524
1.78542
1.77459
1.78474
1.81275
1.85159
1.8915
1.9217
1.9343
1.92816
1.90936
1.88628
1.8632
1.83916
1.81277
1.78727
1.77158
1.77581
1.8048
1.85475
1.91488
1.97183
2.0148
2.03889
2.04546
2.0395
2.02642
2.01002
1.99246
1.97497
1.95799
1.94111
1.92404
1.90795
1.89451
1.88272
1.86838
1.84906
1.82762
1.80903
1.79543
1.78526
1.77579
1.76561
1.75565
1.74847
1.74675
1.75162
1.76193
1.77475
1.78629
1.79277
1.79122
1.7804
1.76173
1.74005
1.72263
1.71609
1.72303
1.74241
1.7717
1.80645
1.84072
1.87097
1.89785
1.92304
1.94565
1.96204
1.9687
1.96458
1.95104
1.9308
1.90752
1.88589
1.87105
1.86657
1.87213
1.88351
1.89562
1.90472
1.9083
1.90544
1.89828
1.89197
1.89226
1.90278
1.92387
1.95238
1.98162
2.0028
2.00914
1.99813
1.97067
1.93003
1.88425
1.84942
1.84319
1.86719
1.90364
1.93266
1.94479
1.94014
1.92364
1.90155
1.87954
1.86201
1.85196
1.85111
1.85989
1.87719
1.90005
1.92402
1.94439
1.95783
1.96351
1.96299
1.95857
1.95178
1.94363
1.93572
1.92998
1.92731
1.92595
1.92186
1.91097
1.89153
1.86481
1.83369
1.8011
1.76947
1.7412
1.72022
1.71273
1.72417
1.75465
1.79891
1.84906
1.89737
1.93842
1.96962
1.99033
2.00104
2.00338
2.00067
1.99706
1.99537
1.9956
1.99584
1.99403
1.98837
1.97667
1.95624
1.92448
1.88016
1.82507
1.76567
1.713
1.67883
1.6699
1.68461
1.71487
1.75064
1.78326
1.80731
1.82159
1.82863
1.83359
1.84266
1.85766
1.87259
1.88023
1.87934
1.87389
1.86884
1.86795
1.87395
1.88876
1.91099
1.93343
1.94713
1.94817
1.93888
1.92524
1.91403
1.91037
1.91613
1.9299
1.948
1.96536
1.97654
1.97753
1.96771
1.95061
1.93177
1.91475
1.89917
1.88295
1.86548
1.84958
1.83931
1.83464
1.83
1.81958
1.80189
1.77956
1.75709
1.73854
1.72627
1.72121
1.7243
1.73665
1.7576
1.78312
1.80765
1.8275
1.84233
1.85459
1.86796
1.88509
1.90578
1.92683
1.94379
1.95298
1.95277
1.94473
1.93418
1.92845
1.93254
1.94599
1.96409
1.98091
1.99122
1.99156
1.98101
1.96116
1.93493
1.90562
1.87629
1.84941
1.8274
1.81429
1.81596
1.8356
1.86785
1.90115
1.9259
1.93829
1.93884
1.92959
1.91277
1.89104
1.8678
1.84637
1.82911
1.81711
1.81029
1.80757
1.8073
1.80801
1.80979
1.81472
1.82562
1.84327
1.86466
1.88378
1.89459
1.89423
1.88432
1.86995
1.85738
1.85172
1.85568
1.86939
1.89084
1.91656
1.94221
1.96303
1.9739
1.96991
1.94797
1.91005
1.86514
1.82595
1.80235
1.79905
1.81627
1.84931
1.88929
1.92586
1.95031
1.95732
1.9456
1.91744
1.87853
1.83843
1.8094
1.80042
1.81111
1.83341
1.8587
1.88167
1.89928
1.90839
1.90583
1.89007
1.86248
1.82699
1.78997
1.75971
1.74328
1.74202
1.75125
1.76508
1.7805
1.79763
1.81723
1.83857
1.85921
1.87608
1.88709
1.89232
1.89407
1.89505
1.8976
1.90458
1.91959
1.94442
1.97654
2.00953
2.03555
2.04817
2.04415
2.02354
1.98875
1.94347
1.89276
1.84432
1.80873
1.79391
1.799
1.81638
1.83707
1.85332
1.86053
1.85796
1.84698
1.82889
1.80641
1.78756
1.784
1.8003
1.82891
1.85838
1.88096
1.89309
1.89451
1.88764
1.87671
1.86581
1.85659
1.84813
1.83935
1.83062
1.8221
1.81106
1.79289
1.76513
1.73076
1.69831
1.67845
1.67679
1.6873
1.69699
1.69693
1.68665
1.67106
1.65625
1.64732
1.64827
1.66225
1.69039
1.72946
1.77185
1.80903
1.83484
1.84666
1.84541
1.83546
1.82429
1.82048
1.8298
1.85147
1.87841
1.90189
1.91695
1.92462
1.9295
1.93416
1.93668
1.93412
1.92658
1.9173
1.91038
1.90923
1.91596
1.93107
1.95278
1.97707
1.99871
2.01299
2.01719
2.01075
1.99386
1.9658
1.92479
1.8707
1.80968
1.75579
1.72319
1.71391
1.71845
1.72801
1.74119
1.76046
1.78543
1.81219
1.83755
1.86096
1.88248
1.90054
1.91214
1.91518
1.91114
1.90554
1.90478
1.91128
1.92269
1.93621
1.95084
1.96512
1.97607
1.98119
1.98006
1.97425
1.96645
1.95984
1.95705
1.9588
1.9634
1.96795
1.97043
1.97035
1.9678
1.96227
1.95298
1.94025
1.92631
1.91449
1.90818
1.90977
1.91917
1.93225
1.94216
1.94321
1.93383
1.91639
1.89484
1.87222
1.8499
1.82868
1.81031
1.79698
1.78942
1.78782
1.79464
1.81299
1.84008
1.86686
1.88584
1.89562
1.89735
1.89104
1.87794
1.86354
1.85316
1.84483
1.8298
1.80034
1.75829
1.7197
1.70863
1.73399
1.77869
1.82171
1.85537
1.88151
1.90314
1.9203
1.93005
1.92886
1.91532
1.89118
1.86012
1.82563
1.79065
1.75928
1.73849
1.7366
1.75797
1.79842
1.84663
1.89139
1.92716
1.95242
1.96585
1.9657
1.95169
1.92644
1.89597
1.86895
1.85307
1.84967
1.85268
1.85349
1.84655
1.83156
1.81355
1.80103
1.801
1.81335
1.8316
1.84905
1.86403
1.87915
1.89561
1.91045
1.91935
1.9192
1.90827
1.88647
1.85691
1.82709
1.80735
1.80554
1.82104
1.84514
1.86802
1.88395
1.89232
1.89814
1.91093
1.93715
1.97172
2.00115
2.01374
2.00552
1.98127
1.95077
1.92006
1.88677
1.84657
1.79971
1.75083
1.70641
1.67321
1.65717
1.6614
1.68329
1.71417
1.74295
1.76036
1.76044
1.74156
1.71289
1.70158
1.73225
1.7944
1.86201
1.92191
1.97006
2.00393
2.02146
2.02131
2.00352
1.97146
1.93241
1.89374
1.8583
1.82696
1.80336
1.79117
1.78758
1.7841
1.77332
1.75397
1.73228
1.71889
1.72171
1.73972
1.7642
1.78566
1.79806
1.79842
1.78616
1.76434
1.74082
1.72598
1.72709
1.74363
1.76866
1.79357
1.81176
1.82084
1.82362
1.82658
1.83612
1.85406
1.87545
1.89172
1.89695
1.89128
1.8796
1.86795
1.86049
1.85814
1.85918
1.86085
1.86114
1.85953
1.85645
1.85198
1.84475
1.83194
1.81112
1.78293
1.75229
1.7266
1.71207
1.71144
1.72392
1.74641
1.77488
1.80595
1.83816
1.87181
1.90708
1.94214
1.97346
1.99812
2.01531
2.02583
2.03065
2.03004
2.02357
2.01098
1.99289
1.97142
1.94983
1.93167
1.91986
1.9161
1.92018
1.92921
1.93754
1.939
1.92999
1.91135
1.88838
1.86918
1.86098
1.86633
1.88226
1.90329
1.92455
1.94166
1.94978
1.94466
1.92536
1.89654
1.86889
1.85406
1.85447
1.8612
1.86479
1.86271
1.85679
1.84857
1.83796
1.82494
1.81186
1.80349
1.80487
1.81895
1.84573
1.88272
1.92593
1.97054
2.01152
2.04415
2.06447
2.06977
2.05915
2.03446
2.00069
1.96539
1.93675
1.92106
1.9207
1.93366
1.95453
1.97605
1.99066
1.99207
1.97674
1.94539
1.90408
1.86356
1.83493
1.82321
1.82536
1.83492
1.847
1.85859
1.8665
1.86685
1.85754
1.84185
1.82813
1.82252
1.82213
1.81828
1.80479
1.78169
1.75325
1.72425
1.69783
1.67673
1.66606
1.67349
1.70487
1.75772
1.81921
1.87176
1.90244
1.90912
1.89956
1.88457
1.87053
1.85795
1.84622
1.83761
1.83654
1.8467
1.86889
1.90012
1.93375
1.96146
1.97634
1.97515
1.95946
1.93592
1.91403
1.90012
1.89212
1.88232
1.8651
1.84233
1.82293
1.81432
1.81376
1.81246
1.80449
1.78737
1.75928
1.7202
1.67763
1.65004
1.65663
1.69766
1.75329
1.80363
1.84146
1.869
1.89127
1.91381
1.94193
1.97757
2.0162
2.04864
2.067
2.06844
2.05464
2.02931
1.99676
1.96163
1.92865
1.90159
1.88219
1.86989
1.86276
1.85836
1.85431
1.84826
1.83834
1.82475
1.81249
1.81189
1.83148
1.8677
1.90708
1.93836
1.95781
1.96536
1.96082
1.94408
1.91712
1.88486
1.85394
1.83029
1.81685
1.81269
1.8136
1.81388
1.80818
1.79297
1.76763
1.73487
1.69936
1.66549
1.63684
1.61729
1.61028
1.61665
1.63431
1.65946
1.68738
1.71329
1.73365
1.74739
1.75601
1.76324
1.77426
1.7933
1.81886
1.84279
1.8568
1.85834
1.84952
1.83292
1.81031
1.7848
1.76309
1.75404
1.76376
1.78985
1.82013
1.83989
1.84135
1.82509
1.7954
1.75836
1.72469
1.70954
1.72262
1.75918
1.80548
1.85057
1.89057
1.92558
1.95548
1.97855
1.99235
1.99527
1.98752
1.97162
1.95182
1.93218
1.91506
1.90205
1.8956
1.89766
1.90664
1.91748
1.92499
1.92671
1.92318
1.9167
1.9105
1.90858
1.9145
1.92805
1.94437
1.95839
1.96936
1.98009
1.99278
2.00702
2.02008
2.0275
2.02417
2.00675
1.97595
1.93667
1.89493
1.85386
1.81428
1.77964
1.75619
1.74754
1.75412
1.77596
1.81102
1.85229
1.88971
1.91539
1.92731
1.92912
1.9268
1.92513
1.92705
1.93392
1.94443
1.95431
1.95849
1.95396
1.94098
1.92304
1.9063
1.89815
1.9039
1.92331
1.95065
1.97802
1.9988
2.009
2.00754
1.99589
1.97781
1.95857
1.94301
1.93301
1.92573
1.91529
1.89715
1.87253
1.84936
1.83792
1.84331
1.8624
1.88731
1.91107
1.93087
1.94824
1.96606
1.98434
1.99963
2.0082
2.00802
1.99779
1.97705
1.94814
1.91659
1.88857
1.86806
1.85595
1.85047
1.84911
1.85075
1.85548
1.86206
1.86726
1.86718
1.85817
1.83874
1.81257
1.7892
1.77924
1.78626
1.80377
1.82118
1.83132
1.83289
1.82866
1.82278
1.81882
1.81924
1.8256
1.83843
1.85677
1.87793
1.89803
1.91301
1.91947
1.91535
1.90059
1.87777
1.85153
1.82644
1.80552
1.79183
1.7896
1.79991
1.81593
1.82736
1.82952
1.82606
1.82375
1.82645
1.83479
1.84896
1.8683
1.88891
1.90429
1.90858
1.89869
1.87472
1.83997
1.80063
1.76445
1.73854
1.72736
1.73156
1.74833
1.77349
1.80424
1.84112
1.88685
1.94083
1.99562
2.04188
2.07494
2.09576
2.10787
2.11481
2.11925
2.12299
2.1267
2.12998
2.13144
2.12947
2.1232
2.11336
2.10248
2.09372
2.08847
2.08487
2.07867
2.06527
2.04145
2.0066
1.96346
1.91776
1.87688
1.84752
1.83338
1.83406
1.84547
1.86145
1.8759
1.8851
1.88877
1.88865
1.88592
1.8807
1.87324
1.86478
1.8573
1.85334
1.85568
1.86608
1.88316
1.90186
1.91588
1.92124
1.91811
1.91014
1.90248
1.89941
1.90207
1.908
1.91281
1.91136
1.89849
1.87212
1.83691
1.80386
1.78474
1.78478
1.80081
1.82631
1.85637
1.88876
1.92267
1.95764
1.99289
2.02687
2.05697
2.07994
2.09268
2.09312
2.08062
2.05611
2.02169
1.98028
1.93542
1.89129
1.85247
1.82362
1.80929
1.81293
1.83463
1.86958
1.91006
1.9486
1.97937
1.99808
2.00216
1.99126
1.96781
1.93741
1.90749
1.88495
1.87507
1.8806
1.89888
1.92146
1.93943
1.94873
1.94987
1.94503
1.93604
1.9241
1.91009
1.89457
1.87725
1.85692
1.83272
1.80547
1.77776
1.75327
1.73704
1.73525
1.75279
1.78935
1.83682
1.88136
1.9099
1.9155
1.89903
1.86843
1.83626
1.81492
1.8106
1.81998
1.83328
1.8417
1.84232
1.83776
1.83284
1.83148
1.83549
1.8446
1.85702
1.8702
1.88182
1.89035
1.89515
1.89681
1.89763
1.90176
1.91386
1.93555
1.96318
1.98956
2.00761
2.01258
2.00257
1.97832
1.94308
1.90255
1.86397
1.834
1.81711
1.8153
1.82824
1.85273
1.88249
1.9089
1.92302
1.91845
1.89542
1.86364
1.83786
1.82515
1.82094
1.81859
1.81597
1.81439
1.81801
1.83377
1.86579
1.91008
1.95826
2.00305
2.03916
2.06299
2.07257
2.06701
2.04597
2.01072
1.96667
1.92351
1.89081
1.8728
1.86794
1.87246
1.8828
1.89578
1.90844
1.91882
1.92686
1.93398
1.94208
1.95278
1.96603
1.97825
1.9831
1.97557
1.95544
1.92729
1.89871
1.87743
1.86765
1.86839
1.87522
1.88281
1.88647
1.88327
1.87322
1.85961
1.84766
1.84199
1.84452
1.85384
1.86678
1.88109
1.89663
1.91406
1.93317
1.95293
1.97204
1.98872
2.00045
2.00463
2.00031
1.98902
1.97394
1.95805
1.9429
1.9287
1.9158
1.90597
1.90236
1.9075
1.92075
1.93762
1.95163
1.95688
1.95006
1.93132
1.90472
1.87825
1.86217
1.8646
1.88676
1.92246
1.96185
1.99571
2.01744
2.02353
2.01341
1.98953
1.95772
1.92706
1.90601
1.89608
1.89175
1.888
1.88504
1.88585
1.89184
1.90157
1.91225
1.92151
1.92836
1.93331
1.93766
1.9423
1.94735
1.95313
1.96044
1.96936
1.97771
1.98132
1.97609
1.96013
1.93527
1.90682
1.88032
1.85739
1.83609
1.81763
1.81098
1.82334
1.847
1.86594
1.86934
1.8537
1.82078
1.77759
1.73559
1.70703
1.70107
1.72195
1.76762
1.82967
1.89633
1.95716
2.00596
2.04049
2.06071
2.06749
2.0623
2.04744
2.02614
2.00252
1.98085
1.96373
1.95007
1.93566
1.91697
1.89525
1.87572
1.86194
1.85179
1.84198
1.83631
1.84533
1.87384
1.91288
1.94795
1.96974
1.97653
1.97266
1.96577
1.96267
1.96542
1.97108
1.97453
1.97129
1.95941
1.94058
1.9203
1.90603
1.90282
1.91019
1.9239
1.93939
1.95353
1.96416
1.96941
1.96769
1.9576
1.93842
1.91069
1.87654
1.83974
1.80555
1.77964
1.7657
1.76298
1.76681
1.77227
1.77783
1.78577
1.7992
1.81807
1.83755
1.84999
1.8495
1.83591
1.81654
1.80451
1.81204
1.84175
1.88373
1.92249
1.94741
1.95791
1.96143
1.96753
1.98146
2.00182
2.02297
2.03902
2.04686
2.04713
2.04256
2.035
2.02355
2.00523
1.97737
1.93988
1.89714
1.85802
1.83056
1.8165
1.81519
1.82661
1.84442
1.85785
1.86251
1.86164
1.85927
1.85685
1.85576
1.8588
1.86885
1.88773
1.91581
1.95106
1.98791
2.01797
2.03289
2.02722
1.99982
1.95286
1.89075
1.8244
1.77973
1.78518
1.83517
1.89548
1.94188
1.96915
1.98019
1.97898
1.96983
1.95879
1.95206
1.95174
1.95476
1.95701
1.95672
1.95442
1.95129
1.94797
1.94409
1.93837
1.92963
1.9183
1.90736
1.90075
1.90033
1.9045
1.90986
1.91337
1.91352
1.91046
1.90574
1.90129
1.89795
1.89448
1.88868
1.88062
1.87436
1.87449
1.88073
1.88858
1.89472
1.89951
1.90553
1.91492
1.92738
1.93987
1.94781
1.94676
1.93359
1.90712
1.86917
1.82608
1.78843
1.76553
1.75952
1.7678
1.78758
1.81455
1.84265
1.86808
1.89008
1.90726
1.91497
1.90703
1.88202
1.85318
1.84522
1.86429
1.88972
1.90393
1.9046
1.89718
1.88862
1.88468
1.88803
1.89745
1.90873
1.91682
1.9177
1.90889
1.88964
1.86239
1.83499
1.81926
1.82305
1.84288
1.86674
1.8833
1.88783
1.88174
1.86939
1.85524
1.84255
1.83324
1.82814
1.82725
1.82987
1.83487
1.8415
1.85006
1.86148
1.87607
1.89279
1.90885
1.91996
1.92171
1.91161
1.89017
1.86098
1.82981
1.80265
1.78325
1.77182
1.76608
1.7639
1.76496
1.77068
1.78354
1.8056
1.83579
1.86868
1.89726
1.91697
1.92632
1.9255
1.9156
1.89901
1.87933
1.8602
1.84429
1.83323
1.82813
1.83039
1.84237
1.86541
1.89647
1.9286
1.95511
1.97295
1.98282
1.98669
1.98573
1.98039
1.97163
1.96156
1.95274
1.94687
1.9439
1.94236
1.94061
1.93764
1.93322
1.9279
1.92301
1.91987
1.91959
1.92264
1.92805
1.93342
1.93626
1.93571
1.93382
1.93573
1.9469
1.96912
2.00046
2.03701
2.07237
2.09768
2.10485
2.09086
2.05998
2.02118
1.98141
1.94175
1.9023
1.86914
1.85329
1.86203
1.89188
1.93057
1.96451
1.98479
1.98888
1.97919
1.96039
1.93679
1.91102
1.88468
1.8597
1.83908
1.82606
1.82279
1.82944
1.84472
1.86695
1.89468
1.92583
1.95699
1.98375
2.00199
2.00885
2.00303
1.98456
1.95414
1.91294
1.86358
1.81136
1.76452
1.73365
1.72804
1.74828
1.78525
1.82681
1.86226
1.8833
1.88599
1.87246
1.84989
1.82867
1.82009
1.83121
1.85954
1.89384
1.92104
1.93245
1.92592
1.90497
1.87673
1.84937
1.82944
1.81935
1.81674
1.81681
1.81626
1.81537
1.81668
1.82277
1.83533
1.85472
1.8793
1.90623
1.93334
1.9593
1.98181
1.99711
2.00173
1.99471
1.97879
1.96013
1.94596
1.94117
1.94644
1.95945
1.97721
1.99655
2.0128
2.02001
2.01326
1.99106
1.95698
1.91965
1.89015
1.87604
1.87699
1.88756
1.90248
1.91911
1.93669
1.95527
1.97457
1.9929
2.00717
2.0143
2.01265
2.00247
1.98661
1.97139
1.96498
1.97115
1.98491
1.99748
2.00333
2.00124
1.99159
1.97569
1.95719
1.94259
1.93774
1.9431
1.95399
1.96483
1.97149
1.97131
1.96356
1.95017
1.93506
1.92217
1.91375
1.90962
1.90799
1.90732
1.90789
1.91099
1.91563
1.91811
1.9152
1.9069
1.89667
1.8902
1.89271
1.90508
1.92235
1.93671
1.94175
1.93447
1.91462
1.88361
1.84542
1.81055
1.79565
1.81
1.8456
1.88789
1.92676
1.95664
1.97422
1.97786
1.9675
1.94479
1.91353
1.87979
1.85059
1.8311
1.82237
1.82198
1.82662
1.83416
1.84385
1.85526
1.86707
1.87681
1.88154
1.87926
1.87074
1.86102
1.85839
1.86927
1.89318
1.92298
1.94923
1.96398
1.96281
1.94519
1.91362
1.8729
1.83067
1.79734
1.78223
1.78699
1.80502
1.82772
1.84915
1.86553
1.87325
1.86901
1.85252
1.82905
1.80889
1.80204
1.80971
1.82373
1.83623
1.84656
1.85941
1.87887
1.90394
1.92894
1.94721
1.95507
1.95397
1.95004
1.95005
1.95603
1.96308
1.9625
1.94755
1.91797
1.88068
1.84701
1.82736
1.82587
1.83866
1.85716
1.87343
1.8834
1.88662
1.88506
1.88324
1.88755
1.90293
1.92877
1.95867
1.9845
2.00036
2.00388
1.99547
1.97693
1.95051
1.91835
1.88226
1.84338
1.80202
1.75821
1.71327
1.67239
1.64494
1.63819
1.64914
1.66814
1.69013
1.71816
1.75656
1.80499
1.86019
1.91843
1.97371
2.01776
2.04428
2.0518
2.04281
2.02118
1.99035
1.95319
1.91358
1.87795
1.85391
1.84586
1.8522
1.86627
1.8795
1.88474
1.87837
1.86069
1.83508
1.80678
1.78162
1.76466
1.75982
1.77021
1.79604
1.83189
1.86954
1.90287
1.9283
1.94263
1.94278
1.92788
1.90106
1.86951
1.84223
1.82656
1.82562
1.83798
1.85916
1.88364
1.9067
1.92553
1.93911
1.94769
1.95277
1.95647
1.95939
1.95933
1.95319
1.93998
1.92175
1.90255
1.88673
1.87759
1.87643
1.88218
1.89174
1.90048
1.90315
1.89574
1.87791
1.85383
1.83065
1.81622
1.81593
1.82956
1.85214
1.87838
1.90473
1.92891
1.94948
1.96624
1.98028
1.99339
2.00691
2.02107
2.03494
2.04661
2.05339
2.05214
2.04016
2.01629
1.98204
1.94258
1.9067
1.88355
1.87644
1.88079
1.88838
1.89215
1.88818
1.87586
1.85706
1.83463
1.81136
1.79018
1.77456
1.76819
1.77381
1.7912
1.81581
1.83994
1.85699
1.86633
1.87436
1.88715
1.90145
1.90872
1.90658
1.90074
1.89842
1.90346
1.91564
1.93092
1.94319
1.94709
1.9401
1.92316
1.90146
1.88558
1.8869
1.90643
1.93339
1.95655
1.97047
1.97315
1.96364
1.94253
1.91337
1.88307
1.86112
1.85836
1.88226
1.92908
1.98433
2.0339
2.07032
2.09137
2.09681
2.08692
2.06276
2.02867
1.9942
1.97085
1.96306
1.96449
1.96577
1.96317
1.95894
1.95604
1.95438
1.95112
1.94332
1.92975
1.91128
1.8903
1.86984
1.85285
1.84165
1.8377
1.84081
1.84891
1.85885
1.86808
1.87599
1.88334
1.89051
1.89627
1.89867
1.89724
1.89422
1.89351
1.89762
1.90563
1.91476
1.92341
1.93187
1.93976
1.94454
1.94329
1.93566
1.92613
1.92409
1.93752
1.96307
1.98725
1.99974
2.00116
1.99709
1.98861
1.97443
1.95887
1.95093
1.95549
1.96967
1.98748
2.00404
2.0147
2.01346
1.99452
1.95633
1.90509
1.85348
1.8128
1.7861
1.77206
1.77148
1.78446
1.80644
1.83154
1.85647
1.88021
1.90203
1.92003
1.93108
1.93186
1.92059
1.89858
1.87095
1.84502
1.82655
1.8169
1.81316
1.80986
1.80112
1.7839
1.76088
1.74027
1.73128
1.73885
1.76166
1.79391
1.82891
1.86128
1.88592
1.89795
1.89559
1.88246
1.86784
1.86369
1.8764
1.90012
1.92251
1.93431
1.93147
1.91531
1.89459
1.88313
1.88986
1.9119
1.93908
1.96229
1.97687
1.98158
1.97695
1.96507
1.95
1.9377
1.93432
1.94312
1.96173
1.98283
1.99793
2.00085
1.98913
1.96381
1.92894
1.89086
1.85657
1.83109
1.81605
1.8108
1.81464
1.82627
1.84136
1.85428
1.86337
1.87223
1.8852
1.90258
1.92031
1.93377
1.9415
1.94523
1.94778
1.9509
1.95491
1.95874
1.95964
1.95367
1.93738
1.90976
1.87277
1.83043
1.78724
1.74728
1.71436
1.69295
1.68755
1.70019
1.72856
1.76656
1.80657
1.84181
1.86801
1.88376
1.89002
1.88981
1.88785
1.88941
1.89765
1.91051
1.92049
1.91882
1.90099
1.86937
1.83253
1.80178
1.78598
1.78778
1.80478
1.83322
1.86837
1.90312
1.92987
1.94452
1.94756
1.94239
1.93275
1.92088
1.90744
1.89271
1.87813
1.86631
1.85945
1.85748
1.85786
1.8575
1.85506
1.85175
1.85027
1.8529
1.86025
1.87111
1.88357
1.89654
1.91013
1.9247
1.93967
1.95318
1.96251
1.96474
1.95816
1.94379
1.9254
1.9075
1.89235
1.87873
1.86458
1.85207
1.849
1.8609
1.88387
1.90945
1.93222
1.95036
1.96187
1.9637
1.95473
1.93779
1.91824
1.90166
1.89286
1.89581
1.9123
1.93988
1.97138
1.99726
2.00919
2.00285
1.97913
1.94369
1.90549
1.87546
1.86359
1.87295
1.89725
1.92634
1.95258
1.97241
1.98459
1.98813
1.98133
1.96264
1.93468
1.91053
1.90941
1.93481
1.96902
1.99509
2.00784
2.00931
2.00313
1.99207
1.97756
1.96026
1.94071
1.91987
1.89908
1.87958
1.86225
1.84778
1.83705
1.83141
1.83298
1.84409
1.86474
1.89011
1.9123
1.92468
1.92479
1.91413
1.89711
1.88023
1.86995
1.86864
1.87261
1.87545
1.87362
1.86879
1.86578
1.86889
1.88006
1.90009
1.92933
1.96449
1.99695
2.01921
2.03187
2.04115
2.04995
2.05476
2.05136
2.03924
2.02064
1.99823
1.97405
1.94986
1.92771
1.9095
1.89587
1.88574
1.87736
1.86946
1.86115
1.85094
1.83618
1.81447
1.78615
1.75562
1.72951
1.71335
1.71012
1.72038
1.74268
1.77407
1.81044
1.84737
1.88088
1.90805
1.92668
1.93499
1.93243
1.9217
1.90888
1.90055
1.90006
1.90689
1.91909
1.93477
1.95095
1.96153
1.9592
1.94189
1.91844
1.90425
1.90749
1.92228
1.93799
1.94993
1.95966
1.96969
1.97951
1.98484
1.97979
1.96114
1.93264
1.90581
1.8923
1.89276
1.89782
1.89845
1.89135
1.87868
1.86703
1.86505
1.87851
1.90512
1.93479
1.95564
1.96013
1.94711
1.9206
1.88751
1.85598
1.83379
1.82687
1.83722
1.86198
1.89467
1.92807
1.9566
1.97714
1.98916
1.9943
1.99497
1.99233
1.98536
1.97203
1.95167
1.92591
1.89779
1.87088
1.84953
1.83903
1.84244
1.85736
1.87795
1.89942
1.91957
1.93772
1.95322
1.96453
1.96915
1.96464
1.95015
1.92736
1.90046
1.875
1.85541
1.84271
1.83464
1.82773
1.81933
1.80927
1.80016
1.79603
1.79986
1.81219
1.83175
1.85703
1.8868
1.91957
1.95318
1.98528
2.01407
2.03819
2.05651
2.06835
2.07347
2.07131
2.06064
2.04044
2.01124
1.97603
1.93984
1.90782
1.88323
1.8681
1.86409
1.86996
1.88034
1.88935
1.89523
1.90206
1.91629
1.94049
1.97023
1.99788
2.01785
2.02735
2.02512
2.01146
1.98895
1.96179
1.93397
1.90843
1.88809
1.87664
1.87757
1.89233
1.91874
1.95081
1.98079
2.00185
2.00976
2.00298
1.9822
1.9499
1.91056
1.87102
1.84005
1.82572
1.83112
1.85145
1.87552
1.8915
1.89288
1.88084
1.86235
1.84582
1.83754
1.84047
1.85401
1.87345
1.89035
1.89628
1.88871
1.87304
1.8587
1.85274
1.85577
1.86282
1.86703
1.86366
1.85259
1.83916
1.8332
1.84447
1.87465
1.91516
1.9548
1.98668
2.00832
2.01947
2.02136
2.01706
2.01145
2.00889
2.01038
2.01345
2.01579
2.01899
2.02747
2.04281
2.06137
2.07751
2.08696
2.08733
2.07771
2.05892
2.03363
2.00598
1.9808
1.96282
1.95548
1.95951
1.97187
1.98603
1.99425
1.99085
1.97499
1.95106
1.92593
1.90485
1.89004
1.88139
1.87724
1.87553
1.87497
1.87587
1.87964
1.88693
1.89541
1.89948
1.89301
1.8738
1.84699
1.82444
1.81897
1.83604
1.87053
1.91157
1.94986
1.98109
2.00473
2.02143
2.03139
2.03426
2.0296
2.01739
1.99849
1.97461
1.94778
1.9197
1.8916
1.86522
1.84423
1.83448
1.84133
1.8646
1.89659
1.92641
1.946
1.95266
1.94905
1.9422
1.93976
1.94393
1.94954
1.94859
1.9354
1.90903
1.87288
1.83206
1.79225
1.76116
1.74475
1.74114
1.74424
1.75147
1.76402
1.78254
1.80524
1.83018
1.85726
1.88712
1.91881
1.95025
1.97983
2.00636
2.0281
2.04246
2.04677
2.03904
2.0187
1.98717
1.94819
1.90695
1.86868
1.83799
1.81877
1.81207
1.81404
1.81778
1.8171
1.80895
1.79398
1.7761
1.76056
1.75093
1.7473
1.7473
1.74804
1.74793
1.74919
1.75769
1.77548
1.79659
1.81496
1.83019
1.84481
1.85952
1.87159
1.87582
1.86699
1.8425
1.80475
1.76179
1.72503
1.70517
1.70877
1.73634
1.78121
1.83119
1.8747
1.90655
1.92842
1.9447
1.95837
1.96954
1.97644
1.9764
1.96691
1.94683
1.91749
1.88306
1.84994
1.82473
1.81159
1.81044
1.81715
1.82567
1.83096
1.83126
1.82846
1.82687
1.83212
1.84937
1.87924
1.91611
1.95197
1.98119
2.0015
2.01332
2.01878
2.01936
2.01344
1.99838
1.97514
1.94887
1.9248
1.90517
1.8913
1.88581
1.89042
1.90228
1.91439
1.92013
1.91696
1.90587
1.88935
1.8708
1.85454
1.84453
1.84235
1.84601
1.85172
1.85673
1.86001
1.86007
1.85334
1.83546
1.807
1.78053
1.77607
1.79769
1.82605
1.84108
1.83679
1.81862
1.79671
1.78057
1.77522
1.77993
1.78974
1.79857
1.80169
1.79668
1.78372
1.76587
1.74796
1.7344
1.7275
1.72719
1.7319
1.74016
1.75192
1.7682
1.78872
1.81058
1.83005
1.84552
1.85825
1.87029
1.88222
1.89271
1.89982
1.90251
1.90174
1.90079
1.90394
1.91365
1.92878
1.94567
1.96084
1.9723
1.97886
1.97933
1.97331
1.96308
1.95419
1.95244
1.95868
1.9672
1.96929
1.95829
1.93262
1.89689
1.86003
1.83018
1.80944
1.79424
1.78055
1.76798
1.75941
1.75825
1.76613
1.78282
1.8069
1.83626
1.86908
1.90556
1.94787
1.99572
2.04279
2.07965
2.09988
2.10349
2.09547
2.0812
2.06225
2.03616
2.00046
1.9566
1.91037
1.86906
1.83884
1.82306
1.8202
1.8244
1.83034
1.83703
1.84701
1.86231
1.88105
1.89827
1.91023
1.91686
1.91986
1.91927
1.91213
1.89419
1.86463
1.83414
1.82405
1.84355
1.87854
1.91204
1.93659
1.95095
1.95739
1.96055
1.96423
1.96824
1.969
1.96322
1.95056
1.93348
1.91579
1.901
1.89062
1.88348
1.87782
1.87434
1.87596
1.88372
1.89514
1.90791
1.92203
1.93831
1.95665
1.97474
1.98795
1.99201
1.98519
1.96831
1.94293
1.91071
1.87553
1.8466
1.83514
1.84321
1.86006
1.87201
1.87279
1.86474
1.85509
1.85214
1.86088
1.87982
1.90314
1.92539
1.94283
1.95126
1.94541
1.92235
1.88551
1.84474
1.81011
1.78537
1.76918
1.76047
1.75952
1.76561
1.77592
1.78737
1.79853
1.80968
1.82098
1.83114
1.83799
1.84074
1.84174
1.84625
1.8598
1.88363
1.91215
1.93582
1.94724
1.94566
1.93712
1.93038
1.93212
1.94386
1.96169
1.97853
1.98753
1.98496
1.97188
1.95336
1.93442
1.91641
1.89856
1.88165
1.86875
1.8623
1.8611
1.86091
1.8586
1.8562
1.8605
1.87759
1.90704
1.94231
1.9759
2.00282
2.02033
2.0272
2.02412
2.01405
2.00117
1.98899
1.97936
1.97308
1.97051
1.97106
1.97267
1.97217
1.96629
1.95248
1.93006
1.90093
1.8688
1.83719
1.80821
1.78346
1.76564
1.75849
1.76478
1.78416
1.81298
1.84562
1.87664
1.90132
1.91478
1.91232
1.89131
1.85282
1.80237
1.74978
1.70641
1.68035
1.67376
1.68324
1.70333
1.73179
1.77028
1.81767
1.86609
1.90645
1.93531
1.95595
1.97322
1.98734
1.99327
1.98579
1.96382
1.93125
1.89538
1.86428
1.8437
1.83508
1.83575
1.84095
1.84628
1.84966
1.85172
1.85477
1.8616
1.87458
1.89499
1.92137
1.94844
1.96941
1.9821
1.99287
2.00795
2.02124
2.0211
2.00366
1.97326
1.93683
1.90081
1.87009
1.84662
1.82833
1.8108
1.79104
1.7703
1.75418
1.74909
1.75657
1.77111
1.78392
1.78896
1.78706
1.78461
1.78708
1.79397
1.80107
1.80527
1.80651
1.80701
1.81015
1.81947
1.83756
1.86485
1.89922
1.93675
1.97298
2.00402
2.02715
2.04062
2.04341
2.03538
2.01756
1.9922
1.96203
1.92987
1.89908
1.87459
1.86261
1.86798
1.89044
1.92405
1.96123
1.99652
2.02594
2.04478
2.04861
2.03642
2.01138
1.97881
1.9444
1.91383
1.89179
1.87974
1.87476
1.87177
1.86703
1.85984
1.8519
1.84624
1.84655
1.8564
1.87726
1.90697
1.94078
1.9736
2.00137
2.02131
2.03232
2.03487
2.03024
2.01909
2.00087
1.97452
1.94017
1.90061
1.86122
1.82736
1.80229
1.78878
1.79099
1.81086
1.8433
1.87767
1.90387
1.91624
1.91486
1.90489
1.89353
1.88572
1.88205
1.88031
1.87806
1.87393
1.86829
1.86389
1.86596
1.87961
1.90574
1.93915
1.97141
1.99486
2.00453
1.99844
1.97692
1.94139
1.89413
1.84115
1.79625
1.77342
1.76885
1.76551
1.75443
1.738
1.72149
1.70932
1.70544
1.71232
1.72943
1.75383
1.78152
1.80838
1.83069
1.84603
1.85388
1.85626
1.85688
1.85872
1.86252
1.86853
1.87655
1.88365
1.88515
1.87864
1.86571
1.84963
1.83235
1.81537
1.80255
1.80033
1.81393
1.84221
1.87701
1.90824
1.92949
1.93975
1.94133
1.93722
1.9298
1.92199
1.91798
1.92119
1.93087
1.94156
1.94605
1.93896
1.9195
1.89281
1.86823
1.8526
1.8454
1.84267
1.84315
1.84751
1.85359
1.85496
1.84467
1.82005
1.78468
1.74684
1.71617
1.70021
1.70334
1.72761
1.77207
1.83069
1.89321
1.9491
1.99088
2.01501
2.02151
2.01352
1.99633
1.9757
1.95633
1.94173
1.93483
1.93799
1.95165
1.97319
1.99771
2.01993
2.03587
2.04345
2.04237
2.03367
2.01901
2.00008
1.97847
1.95557
1.93255
1.91053
1.89115
1.87671
1.86927
1.86873
1.87187
1.87337
1.86831
1.85468
1.83533
1.81772
1.80951
1.81317
1.8269
1.8484
1.87513
1.90274
1.92535
1.93731
1.93467
1.91586
1.88213
1.83762
1.78796
1.74001
1.70591
1.70172
1.73132
1.77943
1.82782
1.86792
1.89925
1.92506
1.94927
1.97335
1.99495
2.00998
2.01546
2.0104
1.99583
1.97502
1.95284
1.9339
1.92025
1.91054
1.90166
1.89171
1.88182
1.8758
1.87769
1.88873
1.90573
1.92267
1.9341
1.93735
1.93254
1.92181
1.9088
1.89757
1.89142
1.89221
1.9
1.91276
1.92688
1.93805
1.94222
1.93664
1.92089
1.89809
1.87615
1.86546
1.8702
1.88498
1.9038
1.9247
1.94602
1.9653
1.97982
1.9853
1.97692
1.95277
1.91506
1.86891
1.82135
1.7817
1.76009
1.76006
1.77426
1.79185
1.80647
1.81618
1.82059
1.82011
1.81664
1.81359
1.8144
1.82039
1.82996
1.84003
1.84776
1.85089
1.84726
1.83588
1.81952
1.80553
1.80304
1.81726
1.84511
1.87709
1.90385
1.92084
1.92816
1.92746
1.91975
1.90527
1.88462
1.86014
1.83735
1.82459
1.8272
1.84038
1.85108
1.84833
1.83153
1.81173
1.80141
1.80034
1.79898
1.7922
1.78336
1.7801
1.78816
1.80638
1.82679
1.84045
1.84313
1.83739
1.83093
1.83165
1.84138
1.85392
1.86019
1.8539
1.8332
1.79967
1.75725
1.71285
1.67802
1.66754
1.69127
1.74444
1.80978
1.87087
1.91844
1.948
1.95799
1.95176
1.94019
1.93804
1.95248
1.97631
1.99632
2.0042
1.99944
1.98688
1.97253
1.95906
1.9437
1.92069
1.88638
1.84354
1.80232
1.77553
1.77021
1.78311
1.80486
1.82633
1.84135
1.84676
1.84246
1.8317
1.82005
1.81328
1.81535
1.82756
1.84889
1.87627
1.90494
1.93023
1.95027
1.96613
1.97869
1.98638
1.98632
1.97655
1.95711
1.93046
1.90114
1.87419
1.85297
1.83858
1.83083
1.8292
1.83302
1.84072
1.84923
1.85477
1.85502
1.85096
1.84593
1.8431
1.84425
1.8502
1.86067
1.87396
1.88734
1.89794
1.90381
1.90366
1.89604
1.88042
1.85896
1.83656
1.81868
1.80915
1.80985
1.82191
1.84501
1.87479
1.90367
1.9258
1.93974
1.94668
1.94781
1.94508
1.94282
1.944
1.94539
1.94095
1.92828
1.90964
1.89001
1.8746
1.86611
1.86415
1.86778
1.87796
1.89582
1.91921
1.94241
1.96006
1.97102
1.97801
1.98363
1.98704
1.98492
1.97594
1.96461
1.96046
1.97088
1.99434
2.02195
2.04407
2.05431
2.04968
2.02923
1.99385
1.94834
1.90282
1.86851
1.85073
1.85085
1.87015
1.90181
1.93104
1.94772
1.95159
1.94924
1.94959
1.95904
1.97817
2.00209
2.02367
2.03665
2.03707
2.02322
1.99524
1.95556
1.90982
1.86659
1.83494
1.82086
1.82486
1.84205
1.86458
1.88515
1.89988
1.90841
1.91184
1.91081
1.90558
1.89731
1.88853
1.88119
1.87397
1.8629
1.84554
1.82382
1.80304
1.78766
1.77776
1.76993
1.76215
1.75694
1.7586
1.76797
1.7814
1.79472
1.80722
1.82143
1.83955
1.85977
1.87641
1.88409
1.88173
1.8731
1.86373
1.85742
1.85643
1.8642
1.88499
1.91732
1.95084
1.97446
1.98533
1.98749
1.98504
1.97959
1.97267
1.96636
1.96008
1.94933
1.92946
1.90012
1.86611
1.83447
1.81008
1.79415
1.78532
1.78084
1.77712
1.77076
1.76055
1.74962
1.74443
1.74845
1.759
1.77109
1.78073
1.78533
1.78417
1.77892
1.773
1.77044
1.7745
1.78622
1.8043
1.82663
1.85108
1.87551
1.89889
1.92128
1.94133
1.95529
1.95966
1.95342
1.93764
1.91383
1.88293
1.84577
1.80519
1.76867
1.74672
1.74616
1.76534
1.79618
1.82939
1.85873
1.88212
1.90056
1.91642
1.9323
1.95032
1.97106
1.992
2.00726
2.00968
1.99367
1.95734
1.90394
1.84251
1.7863
1.74775
1.73175
1.73328
1.74191
1.74892
1.75138
1.75137
1.75215
1.75446
1.75546
1.75198
1.74576
1.74441
1.75378
1.77065
1.78687
1.79809
1.80574
1.81428
1.82812
1.84936
1.87618
1.9028
1.92095
1.92246
1.90337
1.86865
1.83336
1.8157
1.8227
1.84467
1.86798
1.88716
1.90442
1.92419
1.94838
1.97423
1.99522
2.00457
1.99865
1.9785
1.94897
1.91664
1.88767
1.86673
1.85696
1.85982
1.87448
1.89749
1.92352
1.94686
1.96317
1.97027
1.96772
1.95595
1.9362
1.91102
1.88421
1.86
1.84205
1.83296
1.8339
1.84461
1.86377
1.8882
1.91151
1.92648
1.92993
1.92438
1.91507
1.90639
1.90055
1.89797
1.89778
1.89824
1.89762
1.89543
1.89287
1.89214
1.89535
1.90346
1.91562
1.9291
1.93988
1.94549
1.94957
1.96071
1.9818
2.00414
2.01606
2.01221
1.99399
1.96628
1.93523
1.90797
1.89125
1.88767
1.89341
1.90144
1.90667
1.90856
1.91219
1.92571
1.95219
1.98405
2.00864
2.01622
2.00301
1.97105
1.92707
1.88096
1.84353
1.82303
1.82199
1.83625
1.85734
1.87696
1.89047
1.89723
1.89847
1.89498
1.88714
1.87566
1.86152
1.8453
1.82762
1.81036
1.79728
1.79313
1.80143
1.82278
1.8543
1.8904
1.92382
1.94741
1.95619
1.9491
1.92931
1.90295
1.87646
1.85362
1.8337
1.81229
1.78444
1.74799
1.70472
1.65957
1.61898
1.58861
1.57123
1.56693
1.57545
1.59731
1.63241
1.67829
1.72943
1.77863
1.81959
1.8488
1.86557
1.87094
1.86727
1.8585
1.84953
1.84305
1.83754
1.82974
1.81904
1.80886
1.80424
1.80832
1.82117
1.84135
1.86745
1.89756
1.92812
1.95405
1.9704
1.97396
1.96442
1.94598
1.92857
1.92268
1.92758
1.93183
1.92742
1.91633
1.90639
1.90428
1.91128
1.92357
1.93562
1.94307
1.94355
1.93619
1.92077
1.89748
1.8681
1.83663
1.80799
1.78516
1.76735
1.7514
1.73525
1.72032
1.71031
1.70806
1.71402
1.72631
1.7408
1.75334
1.76387
1.77726
1.79852
1.82786
1.86074
1.89085
1.9129
1.92451
1.92715
1.92489
1.92144
1.91834
1.91647
1.91817
1.92637
1.94192
1.96251
1.98357
2.00005
2.00857
2.00942
2.00566
1.99912
1.98851
1.97327
1.95752
1.94751
1.94554
1.94835
1.95142
1.95297
1.95389
1.95514
1.95528
1.95078
1.93851
1.91857
1.89453
1.87082
1.85047
1.83508
1.82521
1.82061
1.82025
1.82273
1.8278
1.83738
1.85322
1.87266
1.89
1.9019
1.90935
1.91496
1.91942
1.92064
1.91566
1.90352
1.88697
1.87208
1.86507
1.86901
1.88344
1.9061
1.93316
1.95847
1.9744
1.97499
1.95912
1.93172
1.90079
1.87089
1.84021
1.80519
1.76631
1.72889
1.69974
1.68426
1.68574
1.70588
1.74386
1.79501
1.8521
1.90922
1.96333
2.01105
2.04574
2.06
2.05148
2.02684
1.99832
1.97396
1.9538
1.93655
1.92449
1.92053
1.92419
1.93143
1.93772
1.94088
1.9421
1.94485
1.95263
1.96656
1.98455
2.00266
2.01729
2.02588
2.02671
2.0187
2.00195
1.97789
1.94884
1.91738
1.88638
1.85923
1.8394
1.82974
1.83128
1.84207
1.85725
1.87075
1.87777
1.87643
1.8678
1.85438
1.83767
1.81748
1.79454
1.77253
1.75602
1.74803
1.75103
1.76802
1.79933
1.8389
1.8763
1.90143
1.90753
1.89213
1.85738
1.80993
1.75894
1.71284
1.67853
1.66306
1.67225
1.70548
1.7534
1.80207
1.83947
1.85953
1.86307
1.85665
1.84946
1.84865
1.85626
1.8695
1.8828
1.88985
1.88555
1.86766
1.83783
1.80164
1.76702
1.74086
1.72599
1.72188
1.72782
1.74426
1.7712
1.80641
1.84502
1.88041
1.90603
1.91717
1.91202
1.89175
1.86001
1.82173
1.78189
1.74477
1.71404
1.69362
1.68818
1.7019
1.73598
1.78675
1.8465
1.90686
1.9619
2.00897
2.0477
2.07857
2.10202
2.11789
2.12527
2.12263
2.10827
2.08124
2.04208
1.99295
1.93731
1.87927
1.8229
1.77237
1.7328
1.70992
1.70629
1.7178
1.73585
1.75239
1.76281
1.76673
1.76754
1.77038
1.77929
1.79524
1.81517
1.83276
1.84176
1.84064
1.83429
1.83062
1.83482
1.84701
1.86435
1.88379
1.90347
1.92247
1.93993
1.95467
1.96535
1.97073
1.97015
1.96513
1.95969
1.95633
1.95272
1.94464
1.93116
1.91646
1.90794
1.91177
1.92931
1.95739
1.99117
2.02605
2.05795
2.08306
2.09797
2.10006
2.08789
2.06123
2.02192
1.97533
1.93023
1.89477
1.87181
1.85989
1.857
1.86153
1.8711
1.88228
1.89145
1.89559
1.8925
1.88129
1.86338
1.84323
1.82735
1.82115
1.82597
1.83794
1.84923
1.85085
1.83677
1.8087
1.77742
1.75411
1.73946
1.72677
1.71202
1.6976
1.69066
1.69866
1.72335
1.7586
1.79519
1.82763
1.85625
1.8844
1.91429
1.94561
1.97754
2.01048
2.04409
2.07468
2.09672
2.10683
2.10561
2.0967
2.08437
2.0715
2.05874
2.04516
2.0296
2.01182
1.99264
1.97307
1.95319
1.93227
1.9097
1.88609
1.86418
1.84835
1.84222
1.84603
1.85684
1.87136
1.88728
1.90302
1.91734
1.92926
1.93754
1.94053
1.93697
1.92705
1.91288
1.89777
1.88499
1.8769
1.87526
1.88092
1.8925
1.90557
1.91487
1.91783
1.91658
1.91689
1.9247
1.94218
1.96609
1.98957
2.00608
2.01232
2.00846
1.99753
1.98619
1.98291
1.9904
2.00247
2.01055
2.00932
1.99755
1.97696
1.95066
1.92207
1.89485
1.87349
1.86205
1.8621
1.87199
1.88771
1.90421
1.91717
1.92427
1.92548
1.92265
1.91821
1.91418
1.91174
1.91153
1.914
1.91943
1.92739
1.93679
1.94655
1.95594
1.96373
1.96703
1.96143
1.94209
1.90626
1.85848
1.81347
1.78494
1.7743
1.7794
1.80119
1.83693
1.87738
1.91222
1.93469
1.94264
1.93789
1.92517
1.91073
1.89996
1.89527
1.89537
1.89655
1.89482
1.8876
1.87417
1.85458
1.82861
1.7972
1.76492
1.73972
1.72845
1.73237
1.74739
1.76744
1.78669
1.8011
1.80941
1.8116
1.80628
1.79264
1.77529
1.76306
1.7609
1.7671
1.77878
1.79602
1.82128
1.8572
1.90364
1.95604
2.00656
2.04753
2.07493
2.08948
2.0942
2.09063
2.07843
2.05924
2.03868
2.02338
2.01669
2.01667
2.01754
2.01321
2.00009
1.97719
1.94552
1.90882
1.87552
1.85765
1.86328
1.88991
1.92818
1.96927
2.00688
2.03566
2.05096
2.05054
2.03635
2.01437
1.99259
1.97789
1.97288
1.97539
1.98059
1.9847
1.98652
1.98563
1.98097
1.9727
1.96402
1.95954
1.96065
1.9626
1.95721
1.93971
1.91423
1.89267
1.88378
1.88465
1.88769
1.89014
1.893
1.89568
1.89515
1.88887
1.87554
1.85386
1.82507
1.79847
1.79071
1.81394
1.86276
1.91768
1.95955
1.97797
1.97168
1.94706
1.9158
1.88911
1.87082
1.85779
1.84662
1.83748
1.83243
1.83248
1.83667
1.84356
1.85276
1.86444
1.87771
1.88967
1.89573
1.89137
1.87536
1.85182
1.82943
1.81709
1.81829
1.82869
1.84067
1.8495
1.85405
1.85327
1.84499
1.82817
1.80561
1.78464
1.77546
1.78578
1.81363
1.84739
1.87469
1.88927
1.89065
1.8812
1.86459
1.84502
1.82621
1.81065
1.79953
1.79286
1.78876
1.78358
1.77505
1.76547
1.76085
1.76612
1.7826
1.80965
1.84651
1.89094
1.93731
1.97772
2.00486
2.01418
2.00432
1.97801
1.94465
1.92056
1.91813
1.93345
1.95346
1.96932
1.97884
1.9835
1.98571
1.98688
1.98703
1.98606
1.9844
1.98252
1.98012
1.97586
1.968
1.95505
1.93632
1.91233
1.88529
1.859
1.83823
1.82725
1.82758
1.83647
1.84745
1.85308
1.84791
1.83013
1.80218
1.77092
1.74688
1.74046
1.75584
1.78848
1.82967
1.87278
1.91465
1.95346
1.98677
2.01153
2.02535
2.02808
2.02193
2.00972
1.99262
1.96959
1.93911
1.90177
1.86224
1.8291
1.81128
1.81343
1.83515
1.87367
1.92419
1.97807
2.02434
2.05418
2.06445
2.05924
2.04845
2.04211
2.04256
2.04283
2.03326
2.00881
1.97161
1.92929
1.89087
1.8631
1.8489
1.84694
1.85203
1.85707
1.85644
1.84894
1.83856
1.83121
1.82897
1.82831
1.82453
1.81682
1.8092
1.80821
1.81902
1.84202
1.87215
1.9009
1.91952
1.92195
1.90669
1.8766
1.83823
1.80095
1.77518
1.76999
1.79038
1.83497
1.89643
1.96457
2.02872
2.07884
2.10647
2.10606
2.07633
2.02178
1.95419
1.89157
1.85112
1.83916
1.84855
1.86694
1.88578
1.90259
1.91819
1.93369
1.94926
1.96424
1.9774
1.98733
1.99309
1.99519
1.99552
1.99606
1.99746
1.99876
1.99839
1.99503
1.98791
1.97681
1.96247
1.94704
1.93388
1.92628
1.92606
1.93299
1.9449
1.95784
1.96669
1.96713
1.95746
1.93844
1.91179
1.87941
1.84373
1.80829
1.77702
1.75299
1.73781
1.73234
1.73734
1.75331
1.77869
1.80829
1.83487
1.85341
1.86426
1.87268
1.88491
1.90361
1.92614
1.9465
1.95833
1.95758
1.94424
1.92226
1.89754
1.8746
1.8552
1.84001
1.83157
1.83459
1.85255
1.8837
1.92152
1.95822
1.98736
2.00603
2.01521
2.01672
2.01082
1.99732
1.97742
1.95389
1.93067
1.91175
1.89936
1.89192
1.88421
1.87124
1.85271
1.83381
1.82164
1.8208
1.83156
1.85139
1.87725
1.90764
1.94355
1.98588
2.03147
2.07324
2.10434
2.12134
2.12452
2.11664
2.10131
2.08164
2.05918
2.03342
2.00295
1.96764
1.9301
1.8951
1.86744
1.84931
1.83972
1.8368
1.83905
1.84415
1.84991
1.85641
1.86561
1.87832
1.89255
1.90477
1.91241
1.9152
1.91468
1.91295
1.91202
1.91337
1.91716
1.92166
1.924
1.92181
1.91518
1.90822
1.90747
1.91575
1.92774
1.93324
1.92506
1.90318
1.87176
1.83435
1.79429
1.75767
1.73268
1.72621
1.74143
1.77759
1.83041
1.89201
1.95237
2.00269
2.03791
2.05631
2.05793
2.04407
2.01764
1.98444
1.95545
1.94544
1.96167
1.99545
2.03151
2.0593
2.07377
2.0731
2.0597
2.0411
2.02366
2.00426
1.97383
1.92699
1.86755
1.812
1.78552
1.80129
1.8472
1.90313
1.95795
2.00704
2.04551
2.06802
2.07223
2.06043
2.03701
2.004
1.96036
1.90612
1.84626
1.79069
1.75088
1.73573
1.74875
1.78687
1.84019
1.89435
1.93638
1.96015
1.9675
1.96584
1.96357
1.96481
1.96674
1.96259
1.94783
1.92736
1.91689
1.92683
1.94682
1.95887
1.95379
1.93258
1.90641
1.89515
1.90924
1.93488
1.95286
1.95768
1.95486
1.95105
1.94813
1.94409
1.93694
1.92598
1.91121
1.89276
1.87123
1.84798
1.82566
1.80866
1.80267
1.81263
1.83919
1.87637
1.91388
1.94234
1.95646
1.95484
1.93856
1.91029
1.87482
1.83948
1.81274
1.80079
1.80531
1.82498
1.85755
1.8983
1.93769
1.96346
1.9661
1.94222
1.89419
1.83026
1.76737
1.72935
1.73123
1.76532
1.81127
1.85445
1.89027
1.91842
1.93846
1.95005
1.9548
1.95588
1.95515
1.9508
1.93826
1.9146
1.88299
1.85309
1.83595
1.83784
1.85791
1.8891
1.92185
1.94857
1.96534
1.97079
1.96486
1.94834
1.92286
1.89101
1.85642
1.82353
1.79708
1.78126
1.77838
1.78805
1.80811
1.83506
1.86343
1.88686
1.90145
1.9081
1.91149
1.91643
1.92474
1.93457
1.94218
1.9441
1.93892
1.92789
1.91404
1.90041
1.88914
1.88137
1.87733
1.87667
1.87966
1.88791
1.90285
1.92296
1.94296
1.95608
1.95709
1.94453
1.92114
1.89263
1.86485
1.84097
1.81991
1.79746
1.77086
1.74449
1.72918
1.73347
1.75787
1.7965
1.83948
1.8761
1.89814
1.90105
1.8835
1.84685
1.79517
1.73652
1.68457
1.65735
1.66815
1.71347
1.77321
1.82414
1.85274
1.85938
1.85439
1.84965
1.85172
1.86096
1.87428
1.88781
1.89851
1.90477
1.90683
1.9066
1.90712
1.91173
1.92295
1.9407
1.96188
1.9833
2.00383
2.02244
2.03576
2.03942
2.03098
2.0104
1.97956
1.94278
1.90734
1.88226
1.87443
1.88425
1.90512
1.92801
1.94651
1.95802
1.96245
1.96062
1.95381
1.94417
1.93458
1.92723
1.92203
1.91694
1.90918
1.89554
1.87273
1.83936
1.79932
1.76284
1.741
1.73763
1.7486
1.7681
1.7925
1.82001
1.84983
1.88138
1.91324
1.94291
1.96786
1.98679
1.99961
2.00664
2.0081
2.005
1.99986
1.99548
1.9922
1.98735
1.97785
1.96271
1.94329
1.9223
1.90256
1.88579
1.87202
1.86014
1.84941
1.84091
1.83734
1.84082
1.84997
1.85931
1.86257
1.85755
1.84956
1.84901
1.86031
1.8746
1.87824
1.86469
1.83825
1.81389
1.80978
1.83113
1.86674
1.90355
1.93514
1.95979
1.97742
1.98817
1.99192
1.98842
1.97738
1.95947
1.9378
1.91788
1.90433
1.89772
1.8953
1.89393
1.89153
1.88727
1.88234
1.8803
1.8844
1.89356
1.90118
1.89888
1.88147
1.84947
1.80927
1.77165
1.74815
1.74611
1.76537
1.79806
1.83234
1.8585
1.87291
1.87738
1.87708
1.87893
1.88951
1.91133
1.94021
1.96722
1.9834
1.98351
1.96742
1.94001
1.91025
1.88879
1.88371
1.89604
1.91865
1.94009
1.95044
1.94463
1.92274
1.88858
1.84764
1.80579
1.76984
1.74868
1.75024
1.77507
1.81497
1.85922
1.90028
1.93424
1.95919
1.97435
1.98063
1.98054
1.97659
1.96951
1.95836
1.94227
1.9224
1.90277
1.8889
1.88552
1.89465
1.9142
1.93808
1.95906
1.97252
1.97748
1.97571
1.97084
1.96764
1.9706
1.98251
2.00343
2.03028
2.05761
2.07943
2.09129
2.09163
2.08159
2.06365
2.04009
2.01241
1.98183
1.95063
1.92289
1.90315
1.89331
1.89089
1.89108
1.89008
1.88664
1.88146
1.87558
1.86927
1.86202
1.85317
1.84269
1.8331
1.83059
1.84153
1.86693
1.90186
1.93963
1.97463
2.00281
2.02139
2.02929
2.02764
2.01964
2.00933
2.0001
1.99357
1.9889
1.98277
1.9715
1.95398
1.93296
1.91393
1.90229
1.90148
1.91219
1.93156
1.95299
1.96831
1.97141
1.96036
1.93707
1.90498
1.86684
1.82568
1.78905
1.76954
1.77575
1.80335
1.83976
1.8749
1.90468
1.92818
1.94501
1.95501
1.95864
1.95692
1.95084
1.94071
1.92625
1.9078
1.88751
1.86959
1.85875
1.85803
1.86775
1.88582
1.90882
1.93307
1.95532
1.97268
1.98219
1.9812
1.96917
1.94875
1.92416
1.89865
1.87416
1.85453
1.84687
1.85631
1.88043
1.91185
1.94407
1.97358
1.99856
2.01724
2.02766
2.02858
2.01969
2.00104
1.97404
1.94449
1.92279
1.91708
1.92528
1.93776
1.94588
1.94522
1.93355
1.90909
1.87209
1.82807
1.78753
1.76096
1.7532
1.76234
1.78227
1.80594
1.82661
1.83892
1.84147
1.83929
1.84292
1.8621
1.89787
1.94183
1.9841
2.02006
2.04989
2.07458
2.09333
2.10364
2.10256
2.08782
2.05858
2.01587
1.96282
1.90518
1.85156
1.81145
1.7903
1.78671
1.79618
1.81601
1.8454
1.88254
1.922
1.95443
1.96926
1.95993
1.92924
1.89079
1.86259
1.85494
1.86385
1.87638
1.88035
1.86986
1.8464
1.81856
1.80006
1.80374
1.83344
1.88167
1.93547
1.9843
2.02306
2.0504
2.0663
2.07122
2.06627
2.05334
2.03469
2.01173
1.98425
1.95145
1.91449
1.87833
1.85124
1.84116
1.85103
1.87608
1.90604
1.93157
1.94987
1.96277
1.96777
1.95666
1.92569
1.88418
1.85386
1.85529
1.88795
1.93035
1.96027
1.96684
1.94984
1.91577
1.87448
1.83601
1.80857
1.7984
1.80889
1.83836
1.88059
1.92797
1.9731
2.00928
2.03203
2.04145
2.04216
2.03859
2.03099
2.01806
2.00123
1.9845
1.97155
1.96341
1.95795
1.95091
1.93718
1.91208
1.87307
1.8232
1.77393
1.73966
1.72676
1.73214
1.74749
1.7646
1.78047
1.79662
1.81492
1.83471
1.85258
1.86428
1.86716
1.86085
1.84689
1.82848
1.81078
1.80049
1.80328
1.82119
1.85194
1.89005
1.92921
1.96415
1.99054
2.00378
1.99946
1.97627
1.9398
1.90266
1.876
1.85892
1.84242
1.82248
1.80425
1.7974
1.80961
1.84161
1.88553
1.9287
1.96031
1.97592
1.97766
1.97175
1.96473
1.95934
1.95231
1.93789
1.91364
1.88233
1.84877
1.81588
1.78403
1.75475
1.7345
1.73221
1.75043
1.78115
1.81258
1.8372
1.85486
1.87108
1.88947
1.90586
1.91299
1.90731
1.89011
1.86593
1.84161
1.82473
1.81993
1.82647
1.83968
1.85403
1.86561
1.87341
1.879
1.88453
1.89102
1.89806
1.90522
1.913
1.92163
1.92861
1.92867
1.9171
1.89354
1.86231
1.82902
1.79721
1.77106
1.76132
1.78052
1.82708
1.88488
1.93928
1.98433
2.01942
2.04514
2.06137
2.06702
2.06082
2.04269
2.01543
1.98553
1.96154
1.95093
1.95829
1.98394
2.02119
2.05777
2.08311
2.09281
2.08716
2.06809
2.03759
1.99737
1.94975
1.89962
1.8553
1.82664
1.82126
1.84108
1.88111
1.93135
1.98126
2.02346
2.05451
2.0739
2.08289
2.08335
2.07659
2.06209
2.03761
2.00102
1.95335
1.90027
1.85073
1.81358
1.79485
1.79642
1.81469
1.84024
1.86072
1.86579
1.8511
1.81904
1.77672
1.73272
1.69448
1.66717
1.65298
1.65079
1.65713
1.66849
1.68307
1.70079
1.72139
1.74285
1.7617
1.775
1.78168
1.78221
1.77747
1.7688
1.75911
1.75312
1.75488
1.76461
1.77829
1.79196
1.80622
1.82557
1.85257
1.88349
1.9106
1.92765
1.93338
1.93077
1.92277
1.90892
1.88806
1.86332
1.84126
1.82634
1.81809
1.81272
1.80616
1.79639
1.7847
1.77452
1.76899
1.76976
1.77674
1.78832
1.80232
1.81731
1.8324
1.84531
1.85153
1.84617
1.82801
1.80218
1.7781
1.76271
1.75561
1.75124
1.74414
1.73185
1.71496
1.69726
1.68656
1.69297
1.72203
1.76873
1.81972
1.86188
1.88798
1.89723
1.89342
1.88304
1.8737
1.87255
1.88435
1.91013
1.94716
1.98969
2.0307
2.06454
2.08838
2.1014
2.10359
2.09585
2.08024
2.05918
2.03412
2.00524
1.97216
1.93456
1.89279
1.84805
1.80275
1.76241
1.73681
1.73594
1.76187
1.80638
1.85737
1.90469
1.94101
1.9612
1.96319
1.94978
1.92825
1.90538
1.88272
1.85889
1.83517
1.81706
1.81178
1.82407
1.85258
1.8896
1.92462
1.94897
1.95801
1.95066
1.92797
1.89249
1.84913
1.80609
1.77348
1.75902
1.76444
1.78555
1.81546
1.848
1.87901
1.90656
1.9309
1.95389
1.97687
1.99885
2.0164
2.02515
2.02232
2.00838
1.98581
1.95659
1.92165
1.88254
1.84267
1.80683
1.77972
1.76444
1.76145
1.76812
1.7796
1.79079
1.79764
1.79737
1.78854
1.77158
1.74933
1.72706
1.7118
1.7106
1.72809
1.7641
1.81217
1.86108
1.89973
1.92165
1.92612
1.9171
1.9022
1.89082
1.8904
1.90159
1.91683
1.92563
1.92277
1.90991
1.88966
1.86287
1.8315
1.79881
1.76809
1.74395
1.73257
1.73839
1.76045
1.79169
1.82338
1.85057
1.87314
1.89283
1.90876
1.91702
1.91647
1.91289
1.91237
1.91198
1.90378
1.88483
1.85897
1.8327
1.81172
1.80008
1.79961
1.80862
1.82225
1.83658
1.851
1.86594
1.87969
1.88857
1.88968
1.8835
1.87413
1.86659
1.86302
1.86146
1.85893
1.85582
1.85667
1.86597
1.88326
1.90374
1.92299
1.93892
1.95015
1.95435
1.94933
1.93583
1.91836
1.90269
1.89197
1.88523
1.87905
1.8707
1.86036
1.85205
1.85227
1.86625
1.89387
1.92869
1.96134
1.98407
1.99314
1.98846
1.97189
1.94613
1.91456
1.88148
1.85191
1.83071
1.82062
1.82052
1.82601
1.83247
1.83766
1.84192
1.84655
1.85186
1.8557
1.85369
1.84263
1.82612
1.81454
1.81436
1.82191
1.83019
1.83557
1.8384
1.8411
1.84581
1.85274
1.86062
1.86829
1.87533
1.8812
1.8841
1.88153
1.87227
1.85867
1.84728
1.84442
1.84952
1.8558
1.85762
1.85408
1.84886
1.84921
1.86282
1.89161
1.92867
1.96253
1.98385
1.98851
1.97763
1.95627
1.93163
1.9104
1.89602
1.8873
1.87997
1.87012
1.85724
1.84464
1.83743
1.83924
1.85039
1.86858
1.89057
1.91294
1.9321
1.94429
1.94586
1.93392
1.90791
1.87199
1.83576
1.81042
1.80255
1.81216
1.83558
1.86726
1.90017
1.92742
1.9445
1.95004
1.94505
1.93194
1.91358
1.89177
1.86714
1.84205
1.82301
1.81757
1.82882
1.85332
1.88334
1.91077
1.92997
1.93828
1.935
1.9205
1.8963
1.86618
1.83698
1.81729
1.81445
1.83112
1.86322
1.90196
1.93854
1.96742
1.98704
1.99947
2.00904
2.01987
2.03318
2.0458
2.05113
2.04241
2.01606
1.97324
1.91976
1.86496
1.81874
1.78785
1.77369
1.77346
1.78363
1.80274
1.83143
1.8696
1.91373
1.95696
1.99189
2.01353
2.01952
2.00791
1.97649
1.926
1.86538
1.81122
1.77531
1.75296
1.73142
1.70639
1.68566
1.681
1.69818
1.73342
1.7774
1.82101
1.85834
1.88674
1.90529
1.9133
1.91022
1.89676
1.87648
1.85614
1.84362
1.84389
1.85594
1.87314
1.88581
1.8848
1.86565
1.83185
1.7947
1.76824
1.76167
1.77479
1.80015
1.82923
1.85632
1.87892
1.89632
1.90842
1.91516
1.91646
1.91185
1.90009
1.87998
1.85318
1.8262
1.8073
1.79936
1.79822
1.7983
1.79716
1.79541
1.79468
1.79608
1.80076
1.8107
1.82741
1.84979
1.87388
1.89529
1.9115
1.92177
1.92559
1.92187
1.90977
1.89044
1.86775
1.84779
1.83714
1.84032
1.85761
1.88484
1.91556
1.94365
1.96497
1.97759
1.98176
1.98
1.97624
1.97326
1.97074
1.96673
1.96027
1.95206
1.94307
1.93355
1.9237
1.91424
1.90631
1.90085
1.89843
1.8995
1.90473
1.9143
1.92669
1.93852
1.94648
1.94965
1.94958
1.94904
1.95093
1.95714
1.96711
1.97721
1.98236
1.97875
1.96588
1.94653
1.9239
1.89882
1.87029
1.83863
1.80724
1.78058
1.76107
1.74813
1.74046
1.73856
1.74503
1.76218
1.78939
1.82265
1.85617
1.88396
1.90134
1.90597
1.89882
1.88503
1.87428
1.87723
1.89861
1.93344
1.97015
1.99728
2.00847
2.00373
1.9879
1.96821
1.95141
1.94091
1.93574
1.9326
1.92912
1.92585
1.92551
1.93077
1.94209
1.95662
1.96907
1.97436
1.97001
1.95693
1.9387
1.92067
1.90859
1.90651
1.91441
1.92759
1.93875
1.941
1.9306
1.90935
1.88552
1.86963
1.86563
1.86804
1.87003
1.87177
1.87918
1.89678
1.92389
1.95556
1.9847
2.0044
2.01031
2.0017
1.98091
1.95227
1.92135
1.89427
1.87538
1.86444
1.85751
1.85168
1.84759
1.84711
1.84976
1.85278
1.854
1.8534
1.85139
1.84684
1.83806
1.82454
1.80826
1.79483
1.79257
1.80639
1.83102
1.85567
1.87554
1.89245
1.90557
1.90961
1.90269
1.8896
1.87755
1.87162
1.87339
1.88197
1.89519
1.90995
1.92279
1.93198
1.94099
1.95695
1.98108
2.00504
2.02037
2.02466
2.01886
2.00428
1.98316
1.95974
1.93941
1.92639
1.92151
1.92191
1.92314
1.9222
1.91924
1.91683
1.91701
1.9189
1.91919
1.91595
1.912
1.91369
1.92539
1.94616
1.9713
1.99488
2.0108
2.01376
2.00055
1.97051
1.92527
1.86829
1.80505
1.74381
1.69516
1.66775
1.66214
1.67026
1.68252
1.69502
1.70945
1.72708
1.74424
1.75616
1.76353
1.77192
1.78572
1.80576
1.83052
1.85705
1.88162
1.9009
1.91209
1.91253
1.89979
1.87291
1.83453
1.79268
1.75996
1.74828
1.76215
1.79705
1.84383
1.89354
1.93951
1.97754
2.00604
2.0259
2.03932
2.04796
2.05183
2.04956
2.03964
2.02157
1.99671
1.96821
1.93962
1.91369
1.8931
1.88159
1.8817
1.89118
1.90338
1.91158
1.91212
1.90392
1.88735
1.8647
1.84143
1.82512
1.82188
1.83314
1.85529
1.88204
1.90782
1.93045
1.95105
1.97108
1.98966
2.00389
2.01179
2.01451
2.01512
2.01496
2.01239
2.00528
1.99382
1.98104
1.97111
1.96699
1.96864
1.97344
1.97803
1.97962
1.9759
1.9649
1.9461
1.92194
1.89786
1.87882
1.86566
1.8556
1.84629
1.83897
1.83788
1.84553
1.85765
1.86509
1.86252
1.85425
1.85161
1.86356
1.88872
1.91581
1.93216
1.93181
1.9169
1.89276
1.86393
1.83465
1.81013
1.79474
1.78957
1.79285
1.80237
1.8159
1.83003
1.84198
1.85344
1.86855
1.88746
1.90648
1.92315
1.93832
1.95461
1.97316
1.99145
2.00616
2.0168
2.02241
2.01798
2.00108
1.98266
1.98506
2.01667
2.05858
2.08877
2.1001
2.0958
2.08108
2.05898
2.03204
2.00646
1.99159
1.99313
2.00758
2.02532
2.03789
2.04093
2.0329
2.01411
1.98772
1.96061
1.94189
1.93839
1.9479
1.95812
1.95586
1.93547
1.90062
1.86206
1.8324
1.81928
1.82169
1.83211
1.84192
1.84536
1.84123
1.83244
1.82468
1.82322
1.82933
1.84035
1.85245
1.86284
1.87008
1.8742
1.87735
1.88359
1.89594
1.91293
1.92904
1.93902
1.94274
1.94613
1.95573
1.97104
1.98434
1.98785
1.97961
1.96393
1.9488
1.94133
1.9432
1.95023
1.9567
1.95887
1.95411
1.93922
1.91269
1.8781
1.84424
1.82194
1.81992
1.84111
1.87981
1.92313
1.95763
1.9762
1.98051
1.97703
1.96945
1.95614
1.93563
1.91132
1.88931
1.87388
1.86643
1.86603
1.86939
1.87279
1.87463
1.8755
1.87678
1.88013
1.88738
1.89843
1.90918
1.91406
1.91096
1.90314
1.8967
1.89586
1.8996
1.90209
1.89561
1.87383
1.83489
1.78399
1.73339
1.69803
1.68876
1.70737
1.74605
1.7921
1.83502
1.87046
1.89951
1.92554
1.95015
1.97059
1.98134
1.97853
1.96341
1.94238
1.92373
1.91297
1.91034
1.91216
1.91336
1.90941
1.89783
1.87952
1.85907
1.84243
1.8326
1.82768
1.8237
1.81816
1.81089
1.80343
1.79832
1.79812
1.80347
1.8118
1.81831
1.81904
1.81398
1.80674
1.80081
1.79747
1.79812
1.80614
1.82475
1.85351
1.88796
1.92213
1.95092
1.97115
1.9815
1.98274
1.97751
1.96866
1.9573
1.94213
1.92141
1.89581
1.86945
1.84777
1.83426
1.82935
1.83174
1.83906
1.84648
1.84751
1.84268
1.84531
1.86669
1.89828
1.9241
1.9372
1.93817
1.9295
1.91402
1.89455
1.87302
1.84992
1.82525
1.80069
1.78132
1.77434
1.78408
1.80756
1.83662
1.86357
1.88364
1.89409
1.89342
1.88208
1.86343
1.84359
1.82977
1.82793
1.84123
1.86906
1.90685
1.94757
1.98381
2.00932
2.01971
2.01342
1.99269
1.96334
1.93228
1.90401
1.87914
1.85523
1.82937
1.80076
1.77207
1.74853
1.73549
1.73593
1.74936
1.77272
1.80226
1.83474
1.86701
1.89526
1.91554
1.92564
1.9263
1.92099
1.91399
1.90843
1.90587
1.90746
1.91459
1.92759
1.9438
1.95741
1.96205
1.95432
1.93555
1.9105
1.88403
1.85819
1.83259
1.80747
1.78677
1.77716
1.78272
1.79971
1.8181
1.82809
1.82492
1.80978
1.78865
1.771
1.76667
1.77906
1.80208
1.82683
1.84827
1.86543
1.87925
1.89173
1.90559
1.92291
1.94332
1.96249
1.97245
1.96482
1.93739
1.8994
1.86657
1.84769
1.84163
1.84559
1.85686
1.86985
1.87786
1.87669
1.86536
1.84449
1.81542
1.78103
1.74633
1.717
1.6967
1.6859
1.68291
1.68565
1.69305
1.70576
1.72543
1.75323
1.78817
1.82663
1.86362
1.89478
1.91736
1.93035
1.93501
1.93605
1.9399
1.94917
1.96076
1.97077
1.9783
1.98469
1.99178
2.00053
2.0108
2.0224
2.03653
2.05426
2.0734
2.08876
2.09585
2.09348
2.08347
2.06872
2.05123
2.03129
2.00879
1.98495
1.9625
1.94421
1.93227
1.92898
1.93666
1.95555
1.98196
2.00898
2.02917
2.03663
2.02786
2.00238
1.96334
1.91736
1.87329
1.84045
1.82598
1.83196
1.8547
1.88736
1.92264
1.95393
1.97619
1.98708
1.98728
1.97974
1.96807
1.95497
1.94181
1.92929
1.91865
1.91221
1.91264
1.92078
1.93368
1.94453
1.94503
1.92886
1.89443
1.8468
1.79729
1.75923
1.74122
1.74404
1.76422
1.79744
1.83769
1.87725
1.90995
1.9333
1.94748
1.95471
1.95978
1.9682
1.98147
1.99502
2.00249
2.00161
1.99608
1.99287
1.99655
2.00574
2.0148
2.0199
2.02375
2.03368
2.05365
2.07893
2.09973
2.10757
2.09837
2.07289
2.03599
1.99437
1.95305
1.91405
1.87839
1.84852
1.82884
1.82416
1.83681
1.86502
1.90408
1.94796
1.99004
2.0241
2.04535
2.05118
2.0417
2.01994
1.99177
1.96466
1.9442
1.9302
1.91593
1.89295
1.85805
1.81774
1.78686
1.7795
1.79742
1.82831
1.85543
1.8668
1.85771
1.83051
1.79368
1.75922
1.73658
1.72776
1.72922
1.73626
1.74372
1.74535
1.73656
1.71996
1.70803
1.71352
1.73628
1.7659
1.79243
1.81053
1.82008
1.82551
1.83308
1.8471
1.86761
1.89087
1.91176
1.92597
1.93118
1.92781
1.91938
1.91215
1.91268
1.92391
1.94272
1.96207
1.97578
1.98145
1.98062
1.97737
1.97639
1.98098
1.9918
2.00716
2.02471
2.04293
2.06069
2.07609
2.08711
2.09324
2.0956
2.09545
2.09219
2.08304
2.06494
2.03698
2.001
1.96027
1.91808
1.87661
1.83608
1.79539
1.75493
1.71826
1.69011
1.67429
1.67525
1.69838
1.74533
1.8096
1.87896
1.94214
1.9932
2.03116
2.05692
2.07038
2.06961
2.05246
2.01961
1.97647
1.93242
1.89755
1.87847
1.87625
1.88734
1.90643
1.92878
1.95094
1.97036
1.98476
1.99235
1.99349
1.99164
1.99139
1.99426
1.99776
1.99839
1.99401
1.98395
1.96903
1.9514
1.93364
1.91729
1.90264
1.891
1.88566
1.88871
1.89724
1.90489
1.9059
1.89715
1.87872
1.85401
1.82886
1.8099
1.80251
1.8096
1.83106
1.86396
1.9038
1.94593
1.98556
2.01736
2.03607
2.03843
2.02526
2.00224
1.97801
1.9599
1.95002
1.94526
1.94055
1.93233
1.92097
1.9114
1.91026
1.92045
1.93894
1.95971
1.97745
1.98989
2.00107
2.0199
2.04767
2.07162
2.07866
2.06657
2.04215
2.01555
1.99576
1.98762
1.99082
2.00135
2.01405
2.02455
2.03001
2.02888
2.01982
2.00119
1.9723
1.93576
1.8985
1.86913
1.85287
1.84907
1.85384
1.8643
1.88031
1.9034
1.93417
1.96959
2.00244
2.02399
2.0279
2.01275
1.98212
1.94303
1.90365
1.87112
1.85047
1.84397
1.84984
1.86127
1.86849
1.8641
1.84861
1.83219
1.82758
1.83771
1.85422
1.86808
1.87644
1.88035
1.88057
1.87701
1.86967
1.85851
1.8437
1.82715
1.81311
1.8066
1.8109
1.82522
1.84447
1.86209
1.87265
1.87132
1.85543
1.82968
1.80723
1.80205
1.81865
1.84948
1.88102
1.90119
1.90323
1.88632
1.85483
1.81723
1.7843
1.76456
1.75866
1.7596
1.75927
1.75443
1.74692
1.74031
1.73674
1.73664
1.74152
1.7558
1.78368
1.82434
1.87214
1.92075
1.96578
2.00427
2.03359
2.05132
2.05593
2.04708
2.02533
1.99202
1.94948
1.90118
1.85157
1.80532
1.76588
1.7338
1.70679
1.68272
1.66339
1.65496
1.66393
1.69169
1.7319
1.77388
1.80925
1.83567
1.85441
1.86497
1.86365
1.84831
1.82275
1.79659
1.7811
1.78364
1.80396
1.83499
1.8672
1.89322
1.91027
1.9198
1.92548
1.93059
1.93661
1.94309
1.94799
1.94812
1.94013
1.92205
1.89404
1.85855
1.82022
1.78531
1.76065
1.75209
1.76228
1.78839
1.82194
1.85273
1.87412
1.88502
1.8877
1.88446
1.87634
1.86408
1.84891
1.8321
1.81498
1.80059
1.79416
1.79871
1.81077
1.82427
1.83647
1.84871
1.86353
1.88201
1.90331
1.9262
1.95005
1.9741
1.9964
2.01401
2.02457
2.02726
2.02239
2.01019
1.99057
1.96465
1.93629
1.91043
1.88833
1.86676
1.8435
1.82218
1.81022
1.81231
1.82588
1.84288
1.8553
1.85877
1.8529
1.83983
1.8229
1.80612
1.79398
1.7906
1.79762
1.81293
1.83168
1.84832
1.85833
1.85891
1.84938
1.83206
1.81296
1.80072
1.8029
1.82213
1.85497
1.89384
1.93039
1.95862
1.9762
1.98426
1.98655
1.98835
1.99408
2.00428
2.01474
2.01891
2.01142
1.98995
1.95575
1.91356
1.8707
1.83487
1.81116
1.80108
1.80364
1.81554
1.83061
1.84299
1.85262
1.86454
1.88065
1.89499
1.89878
1.88801
1.8671
1.84677
1.83309
1.81727
1.78508
1.734
1.67826
1.64094
1.63816
1.66861
1.71957
1.77781
1.83381
1.8812
1.91575
1.93452
1.93619
1.92198
1.89641
1.86716
1.84395
1.83617
1.84814
1.87536
1.90761
1.9354
1.95324
1.95945
1.9551
1.9426
1.92434
1.90223
1.87895
1.85906
1.84718
1.84464
1.84844
1.85394
1.85863
1.8635
1.87178
1.88722
1.91269
1.94837
1.99069
2.03357
2.07051
2.09637
2.10825
2.10575
2.09056
2.06577
2.03514
2.00238
1.97134
1.9468
1.93378
1.93399
1.94187
1.94744
1.9441
1.93252
1.91784
1.90368
1.88906
1.87044
1.84563
1.81591
1.78659
1.76514
1.75765
1.76693
1.79289
1.83203
1.87716
1.91961
1.95326
1.97633
1.98991
1.99577
1.99506
1.98861
1.97892
1.97176
1.97326
1.9843
1.99894
2.008
2.00459
1.98729
1.95973
1.92794
1.8983
1.87675
1.86778
1.87171
1.88396
1.89795
1.90903
1.91613
1.92036
1.92185
1.91752
1.9032
1.87934
1.85488
1.84274
1.84852
1.86572
1.88295
1.89305
1.89541
1.89293
1.88814
1.88208
1.87563
1.87078
1.86933
1.87079
1.87192
1.86927
1.86297
1.85886
1.86581
1.88806
1.92033
1.95217
1.97628
1.99137
1.99975
2.00421
2.0068
2.00923
2.01296
2.01813
2.02214
2.0199
2.006
1.97784
1.93813
1.89509
1.85854
1.83305
1.81583
1.80205
1.79037
1.78324
1.78403
1.79398
1.81022
1.82695
1.8391
1.84546
1.84913
1.85513
1.86649
1.88153
1.89519
1.90329
1.90609
1.90815
1.91406
1.9242
1.93485
1.94183
1.94317
1.93968
1.93394
1.92878
1.92596
1.92556
1.92667
1.92853
1.93151
1.93714
1.94698
1.96088
1.97592
1.98697
1.98838
1.97595
1.94918
1.91296
1.87758
1.85487
1.85127
1.86402
1.88496
1.90677
1.92502
1.93711
1.94204
1.94065
1.93494
1.92715
1.91851
1.90904
1.89852
1.88715
1.8747
1.86149
1.85126
1.85158
1.86963
1.90435
1.94232
1.96812
1.97609
1.9694
1.95373
1.93354
1.91214
1.89292
1.87933
1.87329
1.87412
1.87909
1.8854
1.89197
1.89864
1.90266
1.89829
1.88155
1.85414
1.82273
1.79566
1.77961
1.7771
1.78494
1.79634
1.80596
1.8131
1.8206
1.83152
1.84635
1.86233
1.87551
1.88473
1.89363
1.90627
1.9207
1.92971
1.92763
1.91423
1.8939
1.87312
1.85739
1.84779
1.83977
1.82691
1.80665
1.78315
1.76562
1.76271
1.77782
1.81064
1.85959
1.9194
1.97946
2.0281
2.05779
2.06619
2.05471
2.02752
1.99129
1.954
1.92135
1.89359
1.868
1.84416
1.82531
1.81537
1.81627
1.82714
1.84352
1.85836
1.86655
1.86855
1.86931
1.8741
1.88471
1.8987
1.9121
1.92145
1.92375
1.91737
1.9038
1.88709
1.87126
1.85859
1.84961
1.84315
1.83664
1.82729
1.81347
1.79585
1.77842
1.76859
1.77358
1.7939
1.82062
1.84012
1.84232
1.82775
1.8086
1.79999
1.80904
1.83357
1.86703
1.90101
1.92668
1.93773
1.93265
1.9144
1.88878
1.86213
1.83937
1.82364
1.81771
1.82399
1.84152
1.86437
1.88495
1.89956
1.91004
1.92041
1.93319
1.94837
1.96357
1.97474
1.97762
1.96871
1.94636
1.91394
1.88473
1.87654
1.89241
1.9174
1.9378
1.95033
1.95862
1.9681
1.98181
1.99702
2.0055
2.00007
1.98363
1.96933
1.96482
1.96216
1.95007
1.92553
1.89301
1.8597
1.83182
1.81243
1.80093
1.79384
1.78692
1.77827
1.77054
1.76828
1.77255
1.77995
1.78673
1.79243
1.80037
1.8149
1.83707
1.86326
1.8878
1.90639
1.91744
1.92178
1.92163
1.91936
1.91629
1.91233
1.90678
1.90059
1.89956
1.91448
1.95271
2.00776
2.06099
2.09438
2.1001
2.08026
2.04228
1.9954
1.94796
1.90537
1.87023
1.84378
1.82714
1.82078
1.82362
1.8331
1.84655
1.86233
1.87931
1.89565
1.90835
1.9142
1.9112
1.89889
1.878
1.85071
1.82148
1.79623
1.77924
1.77031
1.76627
1.76593
1.77251
1.79057
1.82194
1.86443
1.91191
1.95569
1.98816
2.00579
2.00834
1.99672
1.97263
1.93957
1.90232
1.86463
1.82735
1.78947
1.75102
1.71532
1.68841
1.67589
1.67959
1.69689
1.72273
1.7521
1.78056
1.8035
1.81578
1.81399
1.80131
1.78988
1.78964
1.79615
1.80245
1.81205
1.83056
1.85518
1.87727
1.88988
1.89082
1.88216
1.86865
1.85578
1.84791
1.84717
1.85376
1.86652
1.88349
1.90269
1.92209
1.93815
1.94561
1.94039
1.92319
1.90065
1.88243
1.87622
1.88441
1.90411
1.92941
1.95422
1.97449
1.98898
1.99891
2.00631
2.01191
2.01361
2.00739
1.99007
1.96237
1.92998
1.90175
1.8856
1.88498
1.89854
1.92252
1.95291
1.98566
2.01589
2.03811
2.04752
2.0414
2.01971
1.98481
1.94091
1.89366
1.84919
1.81212
1.78382
1.76259
1.74631
1.7351
1.73072
1.73436
1.7456
1.76238
1.78146
1.8
1.81662
1.83104
1.84316
1.85302
1.86089
1.86707
1.87183
1.87511
1.87562
1.87006
1.85496
1.83027
1.80127
1.77691
1.76522
1.76876
1.78396
1.80519
1.82901
1.85412
1.87871
1.89907
1.9105
1.90945
1.89595
1.87458
1.8525
1.83535
1.82425
1.81649
1.80899
1.80053
1.79185
1.7851
1.78382
1.79116
1.80595
1.82246
1.83482
1.84031
1.83926
1.83394
1.82702
1.81889
1.80693
1.78993
1.77306
1.76674
1.77885
1.80795
1.84559
1.88356
1.91773
1.94724
1.97193
1.99043
1.9998
1.99678
1.97944
1.94904
1.91138
1.87589
1.85223
1.84626
1.85823
1.88323
1.91367
1.94286
1.96691
1.98381
1.99184
1.98938
1.97611
1.9545
1.92991
1.9087
1.89487
1.8879
1.88497
1.8848
1.88766
1.89247
1.89463
1.88725
1.86475
1.82753
1.78427
1.74805
1.72809
1.72564
1.73731
1.75981
1.79074
1.82702
1.86446
1.89882
1.92674
1.94607
1.95577
1.95568
1.9455
1.92432
1.89234
1.85433
1.8214
1.80637
1.81434
1.84009
1.87428
1.90874
1.93689
1.95373
1.95691
1.94749
1.92885
1.90456
1.87664
1.84584
1.81341
1.78279
1.75956
1.74918
1.75338
1.76779
1.78396
1.79492
1.79871
1.79788
1.79678
1.79872
1.80421
1.81091
1.81547
1.81582
1.81288
1.81108
1.81596
1.83014
1.85168
1.87649
1.9007
1.92061
1.93217
1.9318
1.91804
1.89266
1.86076
1.8302
1.81036
1.80907
1.82861
1.86448
1.90908
1.95607
2.00064
2.037
2.058
2.0582
2.03707
2.0002
1.95779
1.92016
1.89295
1.87654
1.86867
1.86609
1.86521
1.86315
1.85903
1.8545
1.85272
1.8565
1.86659
1.88121
1.89647
1.90765
1.91063
1.90318
1.88532
1.85899
1.82794
1.79721
1.77227
1.75799
1.75728
1.76988
1.79244
1.82001
1.8474
1.87009
1.88514
1.89157
1.88957
1.87909
1.86001
1.83459
1.80971
1.79428
1.79203
1.79801
1.8038
1.80429
1.80026
1.79785
1.80524
1.82647
1.85756
1.88929
1.913
1.92417
1.92298
1.91363
1.90273
1.89659
1.89891
1.91006
1.92827
1.95091
1.97438
1.99404
2.00531
2.0046
1.98959
1.96041
1.92302
1.88932
1.86748
1.85438
1.84451
1.83823
1.83795
1.8431
1.8509
1.85886
1.86584
1.87204
1.87744
1.88095
1.88168
1.88004
1.87714
1.87436
1.87397
1.87818
1.88692
1.89711
1.90426
1.90436
1.89524
1.87819
1.85879
1.84561
1.84634
1.86332
1.89183
1.92338
1.95091
1.97163
1.98585
1.99434
1.99671
1.9918
1.97918
1.96106
1.94367
1.9363
1.94654
1.97428
2.01038
2.0423
2.0615
2.06637
2.06034
2.04815
2.03311
2.01638
1.99814
1.97933
1.9628
1.95259
1.95194
1.96066
1.97395
1.98459
1.98745
1.98215
1.97151
1.95772
1.94047
1.91868
1.89339
1.86796
1.84546
1.82624
1.80884
1.7932
1.78258
1.78222
1.7955
1.82104
1.85356
1.88698
1.91629
1.93739
1.94654
1.94058
1.91832
1.88218
1.8386
1.79621
1.76321
1.74525
1.74401
1.75697
1.77897
1.80498
1.8319
1.85795
1.88086
1.89663
1.90092
1.89197
1.87322
1.85288
1.8384
1.83057
1.82444
1.816
1.80657
1.80221
1.80869
1.82704
1.85393
1.88416
1.91257
1.93539
1.95109
1.9604
1.96579
1.96998
1.97423
1.97801
1.98001
1.97917
1.97508
1.96834
1.96074
1.9542
1.94942
1.94634
1.94578
1.94945
1.95748
1.96719
1.97487
1.97803
1.97584
1.96853
1.95744
1.94543
1.9351
1.92656
1.91905
1.91526
1.92176
1.94277
1.97414
2.00733
2.03732
2.06355
2.08631
2.10431
2.11491
2.11572
2.10605
2.08771
2.06491
2.04261
2.02439
2.0113
2.0028
1.99836
1.99799
2.00151
2.00792
2.01549
2.02246
2.02788
2.0321
2.03695
2.04449
2.05525
2.06807
2.08156
2.09472
2.10608
2.11273
2.11087
2.09749
2.07253
2.03993
2.00655
1.97875
1.95904
1.94577
1.9356
1.92594
1.91559
1.90407
1.89159
1.87972
1.87104
1.86727
1.86903
1.87679
1.89134
1.91281
1.93929
1.96575
1.98473
1.98889
1.97454
1.9444
1.90683
1.8713
1.84512
1.83366
1.83823
1.85282
1.86713
1.87373
1.87168
1.86555
1.86201
1.86549
1.87557
1.88816
1.89882
1.90553
1.90837
1.90702
1.89906
1.88216
1.85911
1.83987
1.83547
1.84961
1.87679
1.90661
1.92897
1.93764
1.93161
1.91516
1.89728
1.8886
1.89612
1.91886
1.94926
1.9789
2.00298
2.0206
2.03246
2.03931
2.0422
2.04277
2.04216
2.03947
2.03218
2.01849
1.99864
1.97494
1.95084
1.92954
1.91289
1.90149
1.89557
1.89487
1.89733
1.89879
1.89467
1.88245
1.86349
1.84311
1.82859
1.82525
1.83339
1.8489
1.86738
1.8871
1.90669
1.92142
1.9257
1.91884
1.90521
1.88941
1.87396
1.86092
1.85228
1.84822
1.84684
1.84604
1.84534
1.84589
1.84916
1.85567
1.86469
1.87446
1.88281
1.88836
1.89161
1.89455
1.89912
1.90577
1.91361
1.92131
1.92801
1.93378
1.93952
1.94638
1.95423
1.96046
1.96009
1.94783
1.92072
1.88112
1.83868
1.80594
1.78614
1.76885
1.74576
1.72928
1.74111
1.77848
1.81958
1.85171
1.87417
1.89035
1.90368
1.91528
1.92381
1.92789
1.92762
1.92412
1.91882
1.91342
1.90938
1.9065
1.90152
1.88903
1.86496
1.82993
1.78998
1.75425
1.73125
1.72607
1.74008
1.77183
1.81758
1.871
1.92321
1.9646
1.98796
1.9914
1.97904
1.95921
1.94066
1.92897
1.92535
1.92809
1.93452
1.94221
1.94933
1.95504
1.9597
1.96446
1.97028
1.97742
1.98533
1.99322
2.00055
2.00727
2.01365
2.02023
2.02767
2.03652
2.04643
2.05492
2.05672
2.04519
2.01586
1.97046
1.91874
1.87544
1.85289
1.85369
1.86941
1.88776
1.90127
1.90852
1.91006
1.90577
1.89518
1.87855
1.85693
1.83165
1.8055
1.78451
1.77604
1.78282
1.80077
1.82358
1.84708
1.8696
1.89094
1.9126
1.93881
1.97441
2.01796
2.05921
2.08639
2.09342
2.08097
2.05482
2.02387
1.9976
