-5.04409
-5.04763
-5.05007
-5.05131
-5.05242
-5.05589
-5.06244
-5.07519
-5.09523
-5.12391
-5.15647
-5.18966
-5.21985
-5.23978
-5.24839
-5.24502
-5.23026
-5.20956
-5.18612
-5.16714
-5.15169
-5.1403
-5.12992
-5.11888
-5.10952
-5.09759
-5.08722
-5.07494
-5.06566
-5.05753
-5.05137
-5.04431
-5.03602
-5.02524
-5.01286
-5.00102
-4.99133
-4.98545
-4.98226
-4.98215
-4.98644
-4.99453
-5.00398
-5.01333
-5.02064
-5.02429
-5.02925
-5.03678
-5.0482
-5.06329
-5.07951
-5.09426
-5.1053
-5.11035
-5.11181
-5.10807
-5.10293
-5.09428
-5.08534
-5.07418
-5.06333
-5.05086
-5.0381
-5.02501
-5.01748
-5.01483
-5.01781
-5.02552
-5.03757
-5.04841
-5.05542
-5.058
-5.05554
-5.04802
-5.03914
-5.03358
-5.03219
-5.03665
-5.04344
-5.05351
-5.06343
-5.06772
-5.06766
-5.05984
-5.04613
-5.02588
-5.00372
-4.98248
-4.96278
-4.95146
-4.95096
-4.96387
-4.98532
-5.01189
-5.03519
-5.05282
-5.06543
-5.07341
-5.07678
-5.07426
-5.06643
-5.05194
-5.03535
-5.01711
-5.00295
-4.99177
-4.98407
-4.98196
-4.98555
-4.99504
-5.00802
-5.02618
-5.045
-5.05906
-5.06972
-5.07376
-5.07253
-5.06165
-5.04216
-5.01693
-4.98858
-4.96105
-4.93379
-4.90753
-4.88046
-4.8541
-4.83005
-4.81046
-4.79681
-4.79442
-4.80719
-4.83637
-4.87781
-4.92815
-4.97769
-5.02273
-5.0577
-5.08192
-5.09609
-5.10057
-5.09619
-5.08935
-5.08172
-5.0766
-5.0751
-5.07526
-5.07818
-5.07949
-5.07732
-5.07035
-5.06008
-5.04603
-5.03072
-5.01647
-5.00554
-4.99714
-4.99439
-4.99486
-4.99713
-5.00264
-5.00726
-5.00973
-5.01079
-5.00735
-5.00101
-4.99446
-4.99026
-4.99325
-5.00441
-5.02225
-5.041
-5.05641
-5.06598
-5.06854
-5.06623
-5.06172
-5.05843
-5.05843
-5.0635
-5.07064
-5.07899
-5.08714
-5.09236
-5.0935
-5.09273
-5.09289
-5.09675
-5.10376
-5.11444
-5.12617
-5.13534
-5.13987
-5.13912
-5.13504
-5.13037
-5.1279
-5.12905
-5.13507
-5.14749
-5.16847
-5.1938
-5.22483
-5.25306
-5.27791
-5.29352
-5.2989
-5.29212
-5.2727
-5.24013
-5.19885
-5.15445
-5.11132
-5.07754
-5.05167
-5.03816
-5.03503
-5.03832
-5.04275
-5.04986
-5.05908
-5.07264
-5.08699
-5.0978
-5.10179
-5.09549
-5.07946
-5.05796
-5.03308
-5.0127
-5.0005
-4.99917
-5.00776
-5.02459
-5.04379
-5.06251
-5.07405
-5.07937
-5.07745
-5.0723
-5.06911
-5.0728
-5.08524
-5.10673
-5.13195
-5.15579
-5.17298
-5.17859
-5.17305
-5.1598
-5.13909
-5.11285
-5.08414
-5.05575
-5.02858
-5.00608
-4.99303
-4.9924
-5.0001
-5.00999
-5.01922
-5.02707
-5.03356
-5.04059
-5.04832
-5.05577
-5.06072
-5.05931
-5.05071
-5.03252
-5.00664
-4.97656
-4.94721
-4.92527
-4.91321
-4.91097
-4.92157
-4.94068
-4.96455
-4.98547
-4.99833
-4.99972
-4.99218
-4.97687
-4.96011
-4.94503
-4.93779
-4.93782
-4.94539
-4.96193
-4.98382
-5.00943
-5.03431
-5.05641
-5.07201
-5.08178
-5.08238
-5.07379
-5.05781
-5.03705
-5.01216
-4.98787
-4.96743
-4.95311
-4.9478
-4.95021
-4.95979
-4.97107
-4.98124
-4.9888
-4.99519
-5.00187
-5.01293
-5.028
-5.04738
-5.06802
-5.0865
-5.09985
-5.10623
-5.10574
-5.098
-5.08228
-5.06151
-5.03299
-5.00066
-4.96502
-4.92907
-4.89573
-4.86518
-4.84064
-4.82203
-4.8108
-4.80878
-4.81391
-4.82708
-4.84766
-4.87663
-4.9133
-4.95822
-5.00719
-5.05907
-5.1099
-5.15648
-5.19538
-5.22482
-5.24211
-5.24696
-5.24027
-5.2246
-5.20402
-5.17957
-5.15411
-5.13221
-5.11575
-5.10961
-5.10983
-5.11766
-5.13158
-5.14801
-5.16287
-5.1746
-5.17989
-5.17928
-5.17112
-5.15473
-5.13295
-5.10776
-5.08607
-5.0717
-5.06654
-5.06702
-5.07133
-5.07413
-5.07076
-5.06162
-5.04825
-5.03261
-5.01704
-5.00208
-4.99192
-4.98406
-4.97805
-4.97564
-4.9783
-4.9864
-5.00258
-5.02222
-5.04165
-5.05718
-5.06665
-5.0689
-5.06452
-5.053
-5.03521
-5.0151
-4.99587
-4.97876
-4.96581
-4.95766
-4.95638
-4.96111
-4.97213
-4.98935
-5.00849
-5.03239
-5.05483
-5.07548
-5.09115
-5.10076
-5.10327
-5.09945
-5.08656
-5.06695
-5.04106
-5.01113
-4.98173
-4.95599
-4.93589
-4.92445
-4.92085
-4.92584
-4.94026
-4.96208
-4.99051
-5.02333
-5.0567
-5.08689
-5.1079
-5.11815
-5.11887
-5.10935
-5.09436
-5.07471
-5.05332
-5.03306
-5.01737
-5.00451
-4.99731
-4.99588
-4.99881
-5.00619
-5.01698
-5.0298
-5.04184
-5.05368
-5.0664
-5.07838
-5.08699
-5.09265
-5.09363
-5.09089
-5.08649
-5.08099
-5.07867
-5.07752
-5.07778
-5.07687
-5.0726
-5.06648
-5.05768
-5.04563
-5.03268
-5.01747
-5.00285
-4.9887
-4.97721
-4.96687
-4.96026
-4.95931
-4.9666
-4.98231
-5.00564
-5.03423
-5.06208
-5.08734
-5.10674
-5.11788
-5.12352
-5.11992
-5.11095
-5.09983
-5.08864
-5.08076
-5.07971
-5.08442
-5.09286
-5.10324
-5.11247
-5.11645
-5.11665
-5.11331
-5.10878
-5.10154
-5.09191
-5.07947
-5.06474
-5.04624
-5.02746
-5.0086
-4.99401
-4.98169
-4.9768
-4.97782
-4.98139
-4.9917
-5.00696
-5.02956
-5.05745
-5.08933
-5.11991
-5.14679
-5.16412
-5.17153
-5.17027
-5.16185
-5.14899
-5.13571
-5.12116
-5.10806
-5.09716
-5.08982
-5.08667
-5.08767
-5.08759
-5.08779
-5.08443
-5.07777
-5.06909
-5.05721
-5.04449
-5.03133
-5.01679
-5.00561
-5.00015
-5.00513
-5.01771
-5.03564
-5.05133
-5.06007
-5.06046
-5.05285
-5.04021
-5.02833
-5.02151
-5.02222
-5.03027
-5.04318
-5.05977
-5.07804
-5.09419
-5.10457
-5.10823
-5.10419
-5.09317
-5.07352
-5.0478
-5.01771
-4.99013
-4.97238
-4.97205
-4.98677
-5.01174
-5.04064
-5.06691
-5.08341
-5.09078
-5.09244
-5.09041
-5.08845
-5.08683
-5.08361
-5.07753
-5.06893
-5.05903
-5.04879
-5.03829
-5.0252
-5.01425
-5.00796
-5.00656
-5.01117
-5.02145
-5.03674
-5.05459
-5.077
-5.10326
-5.12953
-5.15267
-5.16526
-5.16499
-5.15079
-5.12411
-5.09222
-5.05832
-5.02715
-5.00072
-4.98016
-4.9648
-4.95422
-4.94659
-4.94045
-4.93418
-4.92823
-4.92432
-4.92311
-4.92482
-4.92828
-4.93449
-4.94522
-4.95961
-4.97771
-4.99558
-5.01142
-5.02437
-5.03475
-5.04278
-5.04699
-5.04995
-5.05029
-5.0498
-5.04521
-5.03913
-5.03091
-5.02183
-5.01005
-4.99706
-4.98384
-4.97317
-4.96603
-4.96296
-4.96407
-4.97
-4.97826
-4.98658
-4.99541
-5.00306
-5.00819
-5.01068
-5.012
-5.01357
-5.02027
-5.03481
-5.05912
-5.08984
-5.12137
-5.15013
-5.17373
-5.18904
-5.19905
-5.20286
-5.20092
-5.19238
-5.17799
-5.15808
-5.13269
-5.1025
-5.06761
-5.02979
-4.99225
-4.95753
-4.92958
-4.91097
-4.89842
-4.89158
-4.89041
-4.89509
-4.90549
-4.91927
-4.9374
-4.95694
-4.97703
-4.99427
-5.0086
-5.02217
-5.03394
-5.04552
-5.05902
-5.0731
-5.08791
-5.10331
-5.116
-5.12224
-5.12271
-5.11319
-5.09743
-5.0788
-5.0597
-5.04805
-5.0478
-5.05792
-5.07996
-5.10776
-5.13822
-5.16385
-5.18094
-5.18694
-5.18003
-5.16292
-5.13801
-5.11339
-5.09228
-5.07839
-5.06903
-5.06435
-5.06081
-5.05936
-5.05771
-5.05875
-5.06046
-5.06282
-5.06305
-5.05769
-5.04896
-5.03566
-5.02113
-5.00645
-4.99224
-4.97781
-4.96145
-4.94519
-4.92689
-4.90844
-4.8936
-4.88348
-4.87999
-4.88448
-4.89773
-4.91874
-4.94393
-4.97182
-4.99792
-5.01942
-5.03938
-5.05344
-5.06491
-5.07103
-5.07498
-5.07598
-5.07177
-5.05985
-5.04064
-5.01434
-4.98288
-4.9471
-4.91184
-4.88071
-4.85883
-4.84953
-4.85454
-4.87424
-4.90296
-4.938
-4.97508
-5.01029
-5.04467
-5.07351
-5.10081
-5.12465
-5.1467
-5.16394
-5.17805
-5.18774
-5.19188
-5.19067
-5.18743
-5.17884
-5.16909
-5.15726
-5.14831
-5.14036
-5.13623
-5.13247
-5.12849
-5.12506
-5.1174
-5.10367
-5.08539
-5.06246
-5.04055
-5.02061
-5.00711
-5.00287
-5.01049
-5.02941
-5.05736
-5.0908
-5.12306
-5.14995
-5.16966
-5.17892
-5.18307
-5.18547
-5.18792
-5.19041
-5.1937
-5.19613
-5.19504
-5.1901
-5.18199
-5.17281
-5.16314
-5.15436
-5.14651
-5.14195
-5.13803
-5.13636
-5.13278
-5.12579
-5.11511
-5.09988
-5.08211
-5.06472
-5.04585
-5.03224
-5.02346
-5.02055
-5.02495
-5.03808
-5.05877
-5.08453
-5.11162
-5.13667
-5.15597
-5.16904
-5.1749
-5.17404
-5.1658
-5.15284
-5.13624
-5.11638
-5.09548
-5.07309
-5.05003
-5.02489
-4.99947
-4.97795
-4.96361
-4.95936
-4.96162
-4.96974
-4.98037
-4.99125
-5.00152
-5.01313
-5.02345
-5.03701
-5.0526
-5.06647
-5.07546
-5.07904
-5.07386
-5.06173
-5.04159
-5.01621
-4.98815
-4.95952
-4.93724
-4.92036
-4.9089
-4.90354
-4.90193
-4.90474
-4.90972
-4.91706
-4.92729
-4.9383
-4.94894
-4.95623
-4.96083
-4.96211
-4.96396
-4.96641
-4.96792
-4.97124
-4.97775
-4.98892
-5.00185
-5.01744
-5.03668
-5.05637
-5.07511
-5.09023
-5.09997
-5.10346
-5.09691
-5.08242
-5.0613
-5.03378
-5.00444
-4.98016
-4.96406
-4.95913
-4.96259
-4.9745
-4.99015
-5.01026
-5.03204
-5.05259
-5.07111
-5.08638
-5.09945
-5.11024
-5.1188
-5.12434
-5.12443
-5.11725
-5.10275
-5.07769
-5.04496
-5.00671
-4.96577
-4.9282
-4.89796
-4.87754
-4.86848
-4.86996
-4.8794
-4.89376
-4.91177
-4.92944
-4.94534
-4.95825
-4.96732
-4.9729
-4.97881
-4.98837
-5.00136
-5.01863
-5.03676
-5.0546
-5.06761
-5.07396
-5.07281
-5.0631
-5.04394
-5.01719
-4.98815
-4.96093
-4.94256
-4.93867
-4.94994
-4.97722
-5.01527
-5.05709
-5.09754
-5.13104
-5.15549
-5.16992
-5.17617
-5.17372
-5.16577
-5.15252
-5.13328
-5.11009
-5.08519
-5.06211
-5.0404
-5.02644
-5.02145
-5.02612
-5.04038
-5.06057
-5.0825
-5.10066
-5.11299
-5.11797
-5.11446
-5.10447
-5.08769
-5.06808
-5.04703
-5.02636
-5.00677
-4.99008
-4.97794
-4.97079
-4.96844
-4.97244
-4.98342
-4.99719
-5.01103
-5.02445
-5.03375
-5.04207
-5.05225
-5.06191
-5.06972
-5.07163
-5.06756
-5.05968
-5.05057
-5.04233
-5.03572
-5.03081
-5.02623
-5.02251
-5.01836
-5.01463
-5.01367
-5.01183
-5.01123
-5.01137
-5.01226
-5.01353
-5.01541
-5.01642
-5.01555
-5.01298
-5.0074
-4.9993
-4.99033
-4.98031
-4.96749
-4.95184
-4.93745
-4.92178
-4.90928
-4.90358
-4.90579
-4.91784
-4.9381
-4.96494
-4.99433
-5.02366
-5.04951
-5.07061
-5.08602
-5.09845
-5.10587
-5.11015
-5.11198
-5.10946
-5.10782
-5.10621
-5.10484
-5.10465
-5.10328
-5.09775
-5.08597
-5.06522
-5.03815
-5.00914
-4.98275
-4.96403
-4.95649
-4.95911
-4.97104
-4.98728
-5.00611
-5.02412
-5.0396
-5.04995
-5.05484
-5.05762
-5.05679
-5.05397
-5.04902
-5.04299
-5.03243
-5.01846
-5.00395
-4.99204
-4.98335
-4.98107
-4.9841
-4.99226
-5.00129
-5.00887
-5.01594
-5.02116
-5.02513
-5.02943
-5.03412
-5.03587
-5.03666
-5.03476
-5.03114
-5.02583
-5.02347
-5.02497
-5.02864
-5.0325
-5.03278
-5.03316
-5.03428
-5.03622
-5.03786
-5.03851
-5.03497
-5.02639
-5.01401
-4.99996
-4.98996
-4.98381
-4.98223
-4.984
-4.98655
-4.98971
-4.99103
-4.99236
-4.99605
-4.99997
-5.00237
-5.00223
-4.99601
-4.98516
-4.96892
-4.95097
-4.93645
-4.92868
-4.93269
-4.94761
-4.97314
-5.00112
-5.0277
-5.04863
-5.06349
-5.07261
-5.07545
-5.07504
-5.06904
-5.0568
-5.04092
-5.02211
-5.00231
-4.98332
-4.96997
-4.96413
-4.96851
-4.98063
-4.99987
-5.02193
-5.04368
-5.06404
-5.08126
-5.09699
-5.10949
-5.12018
-5.12983
-5.13895
-5.14537
-5.1505
-5.15281
-5.15281
-5.15203
-5.15173
-5.14973
-5.1458
-5.14111
-5.13192
-5.11704
-5.09406
-5.06187
-5.02202
-4.98103
-4.9478
-4.92884
-4.92338
-4.9303
-4.94563
-4.96639
-4.99212
-5.01549
-5.03418
-5.04334
-5.03771
-5.02187
-4.99927
-4.98167
-4.97489
-4.9741
-4.97907
-4.98468
-4.99064
-4.99481
-4.9973
-4.99847
-4.99741
-4.99626
-4.9957
-4.99595
-5.00029
-5.00614
-5.01188
-5.01676
-5.01856
-5.01834
-5.01549
-5.01273
-5.01273
-5.01888
-5.03036
-5.04542
-5.06298
-5.07346
-5.07704
-5.07387
-5.061
-5.04205
-5.0216
-5.00656
-4.99814
-4.99871
-5.00741
-5.02515
-5.04716
-5.0724
-5.09525
-5.11529
-5.13113
-5.14031
-5.14346
-5.13967
-5.13059
-5.11603
-5.10003
-5.08454
-5.06931
-5.05473
-5.04079
-5.02697
-5.01259
-4.99496
-4.97689
-4.95646
-4.93539
-4.91644
-4.89998
-4.88766
-4.88046
-4.87808
-4.88227
-4.89249
-4.90969
-4.93247
-4.95835
-4.9869
-5.01271
-5.03516
-5.05091
-5.06108
-5.065
-5.06476
-5.05888
-5.04538
-5.02859
-5.00711
-4.98228
-4.95779
-4.93635
-4.92636
-4.9308
-4.95056
-4.9819
-5.01965
-5.05788
-5.09037
-5.11577
-5.13187
-5.13759
-5.13715
-5.12739
-5.11221
-5.09349
-5.07411
-5.0551
-5.04053
-5.03073
-5.02826
-5.03145
-5.03824
-5.04533
-5.05078
-5.05423
-5.0522
-5.04457
-5.03362
-5.0226
-5.01061
-4.99893
-4.99038
-4.98495
-4.98398
-4.98511
-4.99045
-4.9982
-5.00835
-5.0185
-5.03085
-5.0414
-5.05348
-5.06407
-5.07247
-5.08016
-5.0858
-5.08953
-5.08991
-5.08929
-5.09054
-5.09305
-5.09893
-5.10713
-5.11669
-5.12993
-5.14422
-5.16188
-5.17749
-5.18914
-5.19477
-5.19344
-5.18504
-5.17195
-5.15565
-5.13479
-5.11043
-5.0836
-5.05499
-5.02769
-5.0028
-4.9833
-4.9694
-4.95938
-4.95134
-4.9457
-4.94261
-4.9442
-4.95294
-4.96628
-4.97922
-4.98657
-4.98841
-4.98628
-4.98338
-4.97973
-4.97941
-4.97811
-4.97881
-4.98101
-4.98376
-4.98817
-4.99313
-5.00096
-5.01251
-5.02518
-5.03789
-5.05051
-5.06073
-5.06948
-5.07551
-5.07665
-5.07429
-5.07045
-5.0627
-5.0512
-5.03575
-5.01815
-4.99709
-4.97653
-4.95478
-4.93631
-4.9243
-4.91952
-4.92303
-4.9361
-4.95681
-4.98152
-5.00656
-5.02687
-5.03898
-5.04356
-5.03816
-5.02671
-5.01141
-4.99892
-4.99016
-4.98916
-4.99552
-5.00964
-5.02753
-5.04559
-5.0626
-5.07111
-5.07447
-5.07286
-5.06706
-5.06111
-5.05387
-5.04898
-5.04713
-5.0456
-5.04243
-5.03873
-5.03177
-5.02107
-5.0091
-4.99987
-4.99604
-5.00257
-5.01868
-5.04225
-5.06618
-5.08991
-5.11322
-5.13391
-5.15306
-5.17134
-5.18386
-5.19043
-5.18954
-5.18236
-5.16869
-5.15304
-5.13757
-5.12473
-5.11792
-5.11415
-5.11416
-5.11468
-5.1177
-5.11772
-5.11609
-5.11179
-5.10498
-5.09489
-5.08223
-5.06645
-5.05246
-5.04024
-5.03162
-5.02359
-5.01634
-5.00756
-4.998
-4.98788
-4.98138
-4.98003
-4.98413
-4.99445
-5.00859
-5.02555
-5.0432
-5.05987
-5.07431
-5.08627
-5.09581
-5.10127
-5.1034
-5.10361
-5.10156
-5.09852
-5.09656
-5.09721
-5.09926
-5.10439
-5.10913
-5.11114
-5.10833
-5.10011
-5.0885
-5.07606
-5.06493
-5.05903
-5.0571
-5.05919
-5.06046
-5.06112
-5.06018
-5.05719
-5.05222
-5.04628
-5.04071
-5.03599
-5.03229
-5.02912
-5.02644
-5.0195
-5.00978
-4.99662
-4.98065
-4.96907
-4.96341
-4.96739
-4.97909
-4.99299
-5.0049
-5.0097
-5.00662
-4.99646
-4.98042
-4.95966
-4.93756
-4.9163
-4.89762
-4.88376
-4.87601
-4.87527
-4.87991
-4.88972
-4.90234
-4.91459
-4.92404
-4.92939
-4.93166
-4.93384
-4.93633
-4.9457
-4.96231
-4.99025
-5.02665
-5.07013
-5.11384
-5.15496
-5.19002
-5.21582
-5.23428
-5.24421
-5.2494
-5.24913
-5.24262
-5.23136
-5.21369
-5.19158
-5.16534
-5.13703
-5.10901
-5.08297
-5.06077
-5.0427
-5.03166
-5.02692
-5.02618
-5.02705
-5.02575
-5.02048
-5.01216
-5.00255
-4.99464
-4.99066
-4.99132
-4.99476
-5.00152
-5.01225
-5.02614
-5.04102
-5.0573
-5.07276
-5.08626
-5.09751
-5.10739
-5.116
-5.128
-5.13984
-5.15285
-5.1649
-5.17392
-5.17614
-5.1726
-5.16497
-5.15491
-5.144
-5.1349
-5.12485
-5.11492
-5.10106
-5.08555
-5.06932
-5.05018
-5.03274
-5.01679
-5.0052
-4.99913
-4.99695
-4.99809
-4.9994
-5.00182
-5.00464
-5.00731
-5.00985
-5.01364
-5.01744
-5.02418
-5.03645
-5.05267
-5.07413
-5.09581
-5.11725
-5.13209
-5.14113
-5.14408
-5.1424
-5.13872
-5.1321
-5.12359
-5.11366
-5.10172
-5.08693
-5.06948
-5.04714
-5.02168
-4.99077
-4.95749
-4.92456
-4.89766
-4.88019
-4.87797
-4.88765
-4.90914
-4.93573
-4.96626
-4.99532
-5.01993
-5.04268
-5.05955
-5.07303
-5.08361
-5.09248
-5.0981
-5.09872
-5.09398
-5.08172
-5.06085
-5.0346
-5.00583
-4.97953
-4.9638
-4.96035
-4.97084
-4.98759
-5.0072
-5.02421
-5.03652
-5.04524
-5.05156
-5.05658
-5.05862
-5.05671
-5.053
-5.04911
-5.05009
-5.05877
-5.07083
-5.08139
-5.08735
-5.08492
-5.07715
-5.06542
-5.05406
-5.04452
-5.03926
-5.03774
-5.03516
-5.0305
-5.02043
-5.00449
-4.98404
-4.95817
-4.93177
-4.90734
-4.8874
-4.87357
-4.86521
-4.86182
-4.86551
-4.87626
-4.89142
-4.9103
-4.93005
-4.94692
-4.95932
-4.96729
-4.96981
-4.96714
-4.96258
-4.95643
-4.95403
-4.95742
-4.96835
-4.98901
-5.0162
-5.04936
-5.0865
-5.12375
-5.15998
-5.19297
-5.21968
-5.24123
-5.25435
-5.25761
-5.25443
-5.24616
-5.23551
-5.2222
-5.20821
-5.19255
-5.17511
-5.15513
-5.13397
-5.11223
-5.09239
-5.08014
-5.07403
-5.07668
-5.08335
-5.09125
-5.09798
-5.1033
-5.10842
-5.11542
-5.12404
-5.13097
-5.13233
-5.1286
-5.12066
-5.11312
-5.10649
-5.10173
-5.09946
-5.09678
-5.09369
-5.08647
-5.07808
-5.06739
-5.05561
-5.04479
-5.03578
-5.02913
-5.02435
-5.02314
-5.02245
-5.02221
-5.02348
-5.02409
-5.02499
-5.02606
-5.02694
-5.02982
-5.03357
-5.03937
-5.04728
-5.0541
-5.06067
-5.06517
-5.06596
-5.06175
-5.05067
-5.03392
-5.01095
-4.98219
-4.95299
-4.92467
-4.90081
-4.88289
-4.87279
-4.87489
-4.88683
-4.90752
-4.93613
-4.96882
-5.00014
-5.02768
-5.04924
-5.06302
-5.06814
-5.06744
-5.06324
-5.05722
-5.05387
-5.0558
-5.06078
-5.06914
-5.078
-5.08768
-5.09606
-5.1027
-5.10635
-5.10802
-5.10791
-5.10487
-5.09834
-5.08919
-5.07695
-5.06543
-5.05514
-5.04458
-5.03587
-5.02703
-5.02099
-5.01796
-5.01937
-5.02622
-5.03536
-5.04547
-5.05088
-5.05301
-5.04899
-5.04154
-5.03329
-5.02596
-5.01933
-5.01439
-5.00881
-5.00382
-5.00029
-4.99694
-4.99821
-5.00069
-5.00622
-5.01371
-5.01999
-5.02366
-5.02506
-5.02465
-5.02407
-5.02592
-5.0301
-5.03781
-5.04757
-5.06081
-5.07403
-5.08591
-5.09603
-5.10237
-5.10433
-5.10251
-5.09845
-5.09418
-5.09165
-5.08854
-5.08412
-5.08049
-5.07603
-5.0732
-5.07218
-5.07374
-5.07933
-5.0859
-5.09104
-5.09173
-5.08585
-5.07588
-5.06093
-5.04277
-5.02342
-5.00295
-4.98178
-4.96093
-4.94208
-4.92768
-4.91703
-4.91389
-4.91875
-4.93351
-4.95753
-4.99067
-5.02912
-5.06653
-5.10051
-5.12609
-5.14051
-5.14618
-5.14245
-5.13306
-5.1232
-5.11655
-5.11145
-5.10707
-5.10397
-5.10129
-5.10162
-5.10161
-5.09887
-5.0918
-5.07729
-5.05577
-5.02899
-5.00189
-4.97703
-4.95708
-4.94543
-4.93823
-4.93588
-4.93349
-4.93032
-4.92393
-4.91744
-4.91355
-4.91358
-4.92011
-4.93052
-4.94624
-4.96163
-4.9721
-4.97915
-4.98132
-4.97807
-4.97264
-4.96893
-4.97035
-4.98026
-4.99474
-5.01233
-5.0312
-5.04926
-5.06547
-5.07404
-5.07126
-5.05705
-5.03162
-5.00215
-4.97084
-4.94072
-4.91695
-4.89874
-4.88383
-4.87154
-4.86251
-4.85988
-4.86378
-4.87425
-4.89387
-4.91844
-4.94684
-4.97567
-5.00119
-5.02233
-5.03723
-5.04621
-5.05067
-5.05381
-5.05789
-5.06064
-5.06618
-5.07485
-5.08654
-5.10151
-5.11822
-5.13373
-5.14688
-5.15703
-5.16036
-5.15793
-5.14815
-5.13075
-5.10619
-5.07785
-5.04784
-5.02001
-4.99637
-4.97718
-4.96489
-4.96175
-4.96397
-4.9712
-4.98385
-4.9999
-5.01947
-5.04213
-5.06756
-5.09189
-5.11503
-5.13313
-5.14513
-5.1512
-5.1505
-5.14684
-5.13854
-5.12839
-5.11474
-5.10111
-5.0893
-5.08387
-5.08305
-5.08772
-5.09629
-5.10398
-5.10903
-5.11272
-5.1158
-5.11824
-5.12218
-5.12331
-5.12179
-5.11479
-5.10343
-5.09425
-5.08688
-5.08208
-5.07833
-5.07261
-5.06378
-5.05239
-5.04067
-5.03069
-5.02255
-5.01687
-5.01433
-5.01451
-5.01892
-5.02809
-5.04365
-5.06346
-5.08629
-5.11044
-5.13028
-5.14293
-5.14719
-5.14064
-5.12865
-5.11275
-5.09653
-5.07944
-5.06223
-5.04676
-5.03289
-5.02446
-5.02409
-5.03182
-5.04874
-5.07061
-5.09493
-5.11909
-5.14213
-5.16394
-5.18274
-5.19855
-5.2108
-5.21715
-5.2149
-5.20177
-5.17646
-5.14297
-5.10736
-5.07605
-5.05414
-5.04397
-5.04535
-5.05194
-5.06182
-5.07373
-5.08385
-5.09106
-5.09465
-5.09395
-5.09003
-5.08154
-5.07213
-5.06498
-5.06134
-5.06353
-5.0638
-5.06296
-5.05527
-5.03874
-5.01684
-4.99253
-4.97261
-4.95922
-4.95294
-4.95281
-4.9604
-4.97174
-4.9865
-5.00125
-5.01308
-5.02209
-5.02752
-5.02766
-5.02475
-5.01468
-4.99811
-4.97568
-4.9509
-4.92789
-4.91076
-4.90202
-4.90661
-4.92148
-4.94497
-4.97104
-4.9963
-5.01801
-5.03439
-5.04577
-5.04961
-5.05022
-5.04559
-5.03697
-5.02468
-5.00931
-4.9907
-4.97191
-4.9559
-4.9453
-4.9409
-4.9455
-4.959
-4.97731
-5.00008
-5.01963
-5.03489
-5.04439
-5.04957
-5.04917
-5.04619
-5.04208
-5.03944
-5.03954
-5.04683
-5.06055
-5.08079
-5.1065
-5.13297
-5.16004
-5.1844
-5.20441
-5.21687
-5.22185
-5.2181
-5.20584
-5.18827
-5.16835
-5.15057
-5.13771
-5.12949
-5.12617
-5.12363
-5.12026
-5.1142
-5.10373
-5.09036
-5.07713
-5.06886
-5.06818
-5.07592
-5.09076
-5.10886
-5.12635
-5.13855
-5.14401
-5.14058
-5.13008
-5.11712
-5.10476
-5.0946
-5.08821
-5.08514
-5.0852
-5.08693
-5.08861
-5.09008
-5.08972
-5.08709
-5.08165
-5.07266
-5.0627
-5.05429
-5.04741
-5.04375
-5.04436
-5.04581
-5.04722
-5.04612
-5.04121
-5.02975
-5.01543
-5.00062
-4.98784
-4.97835
-4.97123
-4.96624
-4.96518
-4.97074
-4.98361
-4.99996
-5.01203
-5.01483
-5.00954
-4.99685
-4.97891
-4.96254
-4.95329
-4.95483
-4.96613
-4.98487
-5.0065
-5.02959
-5.05432
-5.08156
-5.10885
-5.13701
-5.15992
-5.17328
-5.17568
-5.1665
-5.14551
-5.11865
-5.08849
-5.06498
-5.04815
-5.04361
-5.04755
-5.05843
-5.07305
-5.08696
-5.09746
-5.10336
-5.10539
-5.10618
-5.10513
-5.10014
-5.09178
-5.07888
-5.06249
-5.04276
-5.02198
-5.00138
-4.98381
-4.96929
-4.95991
-4.95633
-4.95922
-4.96868
-4.9832
-4.99882
-5.01246
-5.02098
-5.02048
-5.01575
-5.00587
-4.99435
-4.98639
-4.9829
-4.98745
-4.99942
-5.01799
-5.04145
-5.06719
-5.09243
-5.11557
-5.13333
-5.14642
-5.15131
-5.15123
-5.14837
-5.14484
-5.1424
-5.14203
-5.14456
-5.14701
-5.14863
-5.14805
-5.14492
-5.13747
-5.12551
-5.10733
-5.08478
-5.05778
-5.03147
-5.0065
-4.98756
-4.97652
-4.97146
-4.97345
-4.97752
-4.98531
-4.99256
-4.99666
-4.99866
-4.99688
-4.9884
-4.97467
-4.95542
-4.93293
-4.90985
-4.89127
-4.87784
-4.87662
-4.88861
-4.91127
-4.94107
-4.97461
-5.00661
-5.03458
-5.0592
-5.07676
-5.08759
-5.09128
-5.08855
-5.08004
-5.06935
-5.05731
-5.04251
-5.02836
-5.01327
-4.99747
-4.98233
-4.96979
-4.96258
-4.9591
-4.96417
-4.97393
-4.99051
-5.00945
-5.02818
-5.04258
-5.05295
-5.05624
-5.05779
-5.06753
-5.08746
-5.11476
-5.14426
-5.16732
-5.18233
-5.18521
-5.18224
-5.17242
-5.15802
-5.13807
-5.1133
-5.08266
-5.05055
-5.02216
-5.00307
-4.99708
-5.00289
-5.01884
-5.03853
-5.0582
-5.074
-5.08604
-5.09033
-5.08762
-5.07742
-5.06263
-5.04722
-5.03315
-5.02439
-5.02183
-5.024
-5.03359
-5.04731
-5.06435
-5.08102
-5.09359
-5.10266
-5.10747
-5.10875
-5.10587
-5.10248
-5.09577
-5.08475
-5.0688
-5.04871
-5.0266
-5.00336
-4.98177
-4.96325
-4.94879
-4.93993
-4.93796
-4.9432
-4.95362
-4.96894
-4.98476
-4.99538
-4.99834
-4.99219
-4.97713
-4.9609
-4.94595
-4.93604
-4.93334
-4.93529
-4.94327
-4.95329
-4.96777
-4.98545
-5.0031
-5.01814
-5.03014
-5.03949
-5.04399
-5.0448
-5.04269
-5.03937
-5.03608
-5.03262
-5.02921
-5.0255
-5.02283
-5.02082
-5.01994
-5.02284
-5.02937
-5.03727
-5.04462
-5.04783
-5.04619
-5.03748
-5.01897
-4.99422
-4.96366
-4.93183
-4.90295
-4.88145
-4.87092
-4.86978
-4.87962
-4.89813
-4.92227
-4.95168
-4.98291
-5.01503
-5.04584
-5.07484
-5.10168
-5.12401
-5.14205
-5.15575
-5.16224
-5.16047
-5.14835
-5.12951
-5.10291
-5.07106
-5.03843
-5.00951
-4.98939
-4.97919
-4.97948
-4.98646
-4.9978
-5.00756
-5.01845
-5.02625
-5.03392
-5.03882
-5.04427
-5.05097
-5.05684
-5.06208
-5.06551
-5.07084
-5.07812
-5.08751
-5.09416
-5.09666
-5.09396
-5.08909
-5.08447
-5.08207
-5.08212
-5.08518
-5.08806
-5.08849
-5.08205
-5.06911
-5.05331
-5.03792
-5.0265
-5.0218
-5.02356
-5.0302
-5.04386
-5.06573
-5.09413
-5.11686
-5.13229
-5.13352
-5.12515
-5.11189
-5.09659
-5.088
-5.08791
-5.09919
-5.12146
-5.14752
-5.17523
-5.19939
-5.21862
-5.23015
-5.23088
-5.22274
-5.20786
-5.18689
-5.16646
-5.148
-5.13326
-5.11946
-5.10553
-5.08997
-5.07531
-5.0631
-5.0538
-5.05002
-5.0496
-5.04953
-5.04674
-5.04057
-5.02781
-5.01077
-4.98933
-4.96336
-4.93775
-4.91365
-4.89468
-4.88268
-4.88112
-4.88997
-4.90771
-4.931
-4.9573
-4.98219
-5.00243
-5.0159
-5.02273
-5.02372
-5.02001
-5.01381
-5.00552
-4.99655
-4.9861
-4.97344
-4.96041
-4.9452
-4.93122
-4.91607
-4.90225
-4.88826
-4.87748
-4.86787
-4.86232
-4.86143
-4.86796
-4.88218
-4.90501
-4.93267
-4.96022
-4.98667
-5.01035
-5.03486
-5.05862
-5.08263
-5.10194
-5.1162
-5.12299
-5.1204
-5.11012
-5.09517
-5.0786
-5.06533
-5.05797
-5.06053
-5.07316
-5.09307
-5.11586
-5.13807
-5.15792
-5.17309
-5.18593
-5.19286
-5.19668
-5.19637
-5.19039
-5.18147
-5.16913
-5.15246
-5.13368
-5.11097
-5.0856
-5.05918
-5.0353
-5.01321
-4.99381
-4.97618
-4.96244
-4.95233
-4.94634
-4.94588
-4.95243
-4.96494
-4.98102
-4.99837
-5.01467
-5.02744
-5.03596
-5.04
-5.0401
-5.03698
-5.03084
-5.02189
-5.01111
-4.99952
-4.98933
-4.97871
-4.9679
-4.95505
-4.94499
-4.938
-4.9363
-4.94051
-4.95099
-4.967
-4.98541
-5.00371
-5.02159
-5.03731
-5.04971
-5.05737
-5.05946
-5.05257
-5.03697
-5.0146
-4.99124
-4.97174
-4.96151
-4.96343
-4.97757
-5.00089
-5.02888
-5.05729
-5.07895
-5.09123
-5.09261
-5.08486
-5.07049
-5.05693
-5.04957
-5.0485
-5.05406
-5.06083
-5.06433
-5.06354
-5.05838
-5.04988
-5.03855
-5.02803
-5.01908
-5.01163
-5.00521
-4.99873
-4.99433
-4.99247
-4.99507
-5.00418
-5.02134
-5.04083
-5.06051
-5.07849
-5.09258
-5.09908
-5.09958
-5.09457
-5.08382
-5.06633
-5.04561
-5.01981
-4.99294
-4.96785
-4.94456
-4.92844
-4.92233
-4.92631
-4.93908
-4.9587
-4.97992
-4.9991
-5.01305
-5.02229
-5.02931
-5.03524
-5.04222
-5.05281
-5.06371
-5.07606
-5.08321
-5.08658
-5.08293
-5.07285
-5.06009
-5.04699
-5.03863
-5.03639
-5.04171
-5.05123
-5.06327
-5.07219
-5.07565
-5.07109
-5.05804
-5.03838
-5.01531
-4.99138
-4.96815
-4.94854
-4.93733
-4.93513
-4.94065
-4.95077
-4.96234
-4.97312
-4.98102
-4.98617
-4.99058
-4.99426
-5.00013
-5.00843
-5.01801
-5.02953
-5.04143
-5.05145
-5.05965
-5.06438
-5.06724
-5.07054
-5.07597
-5.0831
-5.09241
-5.10217
-5.11141
-5.11806
-5.12232
-5.12406
-5.12605
-5.12774
-5.13036
-5.13232
-5.13287
-5.13195
-5.1292
-5.12511
-5.11965
-5.11277
-5.10287
-5.09183
-5.07989
-5.06577
-5.05044
-5.0339
-5.01662
-4.99915
-4.98493
-4.97569
-4.97247
-4.97686
-4.98396
-4.99571
-5.01028
-5.0284
-5.04902
-5.07168
-5.0921
-5.10582
-5.11081
-5.10547
-5.09326
-5.07623
-5.0578
-5.03798
-5.01957
-5.00307
-4.98991
-4.98076
-4.97603
-4.97175
-4.96637
-4.95928
-4.95067
-4.94284
-4.93888
-4.94072
-4.95004
-4.96804
-4.99019
-5.01601
-5.04182
-5.06596
-5.08761
-5.10593
-5.11997
-5.1291
-5.13251
-5.12786
-5.11645
-5.09911
-5.07685
-5.05339
-5.02814
-5.00709
-4.99165
-4.98497
-4.9889
-5.00543
-5.03332
-5.06919
-5.10696
-5.14195
-5.17135
-5.19106
-5.20069
-5.20375
-5.19961
-5.19181
-5.18274
-5.17172
-5.15917
-5.14692
-5.13256
-5.12108
-5.1123
-5.11029
-5.11345
-5.12245
-5.1317
-5.1416
-5.15098
-5.16099
-5.17016
-5.17857
-5.18593
-5.19098
-5.19405
-5.19243
-5.18824
-5.18046
-5.17028
-5.1608
-5.15242
-5.14531
-5.13653
-5.12567
-5.11267
-5.09495
-5.07229
-5.04562
-5.0162
-4.98844
-4.96624
-4.95605
-4.95771
-4.96967
-4.98518
-4.99643
-5.00373
-5.00416
-5.00065
-4.99577
-4.99134
-4.99029
-4.99291
-5.001
-5.01395
-5.03239
-5.05705
-5.0838
-5.10967
-5.13176
-5.14973
-5.16012
-5.16757
-5.16847
-5.16526
-5.16024
-5.1523
-5.14502
-5.13894
-5.13464
-5.13077
-5.12146
-5.10435
-5.08066
-5.05059
-5.01506
-4.9811
-4.95116
-4.92896
-4.91513
-4.9081
-4.90563
-4.9056
-4.90601
-4.90511
-4.9055
-4.90817
-4.91648
-4.93043
-4.95311
-4.98359
-5.01969
-5.05793
-5.09554
-5.12689
-5.14988
-5.1604
-5.16056
-5.14799
-5.12616
-5.09669
-5.05993
-5.02033
-4.97923
-4.94159
-4.90885
-4.88411
-4.86737
-4.85955
-4.86376
-4.87626
-4.89211
-4.90749
-4.91876
-4.92226
-4.92024
-4.91393
-4.90409
-4.89158
-4.87587
-4.85719
-4.83922
-4.83114
-4.83752
-4.85439
-4.87505
-4.89039
-4.90018
-4.90812
-4.92019
-4.93794
-4.96198
-4.9879
-5.01341
-5.0342
-5.04825
-5.05752
-5.06185
-5.06048
-5.05457
-5.04346
-5.03169
-5.01906
-5.0059
-4.99482
-4.98568
-4.97624
-4.97067
-4.96805
-4.96796
-4.97071
-4.97586
-4.97626
-4.97265
-4.96104
-4.9419
-4.91994
-4.90258
-4.89463
-4.89997
-4.91974
-4.95274
-4.99359
-5.0356
-5.07766
-5.11306
-5.14315
-5.16581
-5.18205
-5.19148
-5.19646
-5.19646
-5.19312
-5.18958
-5.18643
-5.18303
-5.1789
-5.17346
-5.16483
-5.15441
-5.14265
-5.13095
-5.11801
-5.10383
-5.09101
-5.07867
-5.06897
-5.06228
-5.05707
-5.05287
-5.05032
-5.05314
-5.06077
-5.07296
-5.08469
-5.0931
-5.09397
-5.09001
-5.08061
-5.06722
-5.05165
-5.03606
-5.02244
-5.01523
-5.01509
-5.0212
-5.03142
-5.04329
-5.05161
-5.05521
-5.05264
-5.0441
-5.03182
-5.01508
-4.99913
-4.98558
-4.97566
-4.97117
-4.97165
-4.97589
-4.9842
-4.99592
-5.00855
-5.02106
-5.03163
-5.03778
-5.04093
-5.04059
-5.03636
-5.03489
-5.03282
-5.03546
-5.04127
-5.04917
-5.05794
-5.06405
-5.06586
-5.06406
-5.05875
-5.0501
-5.04144
-5.03592
-5.03787
-5.04741
-5.06318
-5.08143
-5.09756
-5.10844
-5.11122
-5.10723
-5.09699
-5.08139
-5.06289
-5.04534
-5.03333
-5.02915
-5.03343
-5.0461
-5.06522
-5.08466
-5.09918
-5.10797
-5.10689
-5.09642
-5.07792
-5.05336
-5.02962
-5.00895
-4.99845
-4.99843
-5.01012
-5.03105
-5.05585
-5.08206
-5.10474
-5.12414
-5.13743
-5.14625
-5.15004
-5.15039
-5.1444
-5.13626
-5.12694
-5.11559
-5.10418
-5.09371
-5.08396
-5.07249
-5.05923
-5.04277
-5.02334
-4.99771
-4.96588
-4.93245
-4.89944
-4.86899
-4.84478
-4.83311
-4.83519
-4.855
-4.88612
-4.92325
-4.96032
-4.98885
-5.00768
-5.01675
-5.02079
-5.02437
-5.02951
-5.03762
-5.04646
-5.05306
-5.05691
-5.05737
-5.05534
-5.05139
-5.04916
-5.04982
-5.05482
-5.06295
-5.07386
-5.08636
-5.10245
-5.12106
-5.14217
-5.16494
-5.187
-5.20358
-5.21616
-5.22002
-5.21461
-5.20123
-5.1796
-5.15116
-5.11788
-5.08133
-5.04325
-5.00561
-4.97114
-4.94334
-4.92417
-4.91324
-4.9096
-4.91296
-4.92087
-4.93476
-4.95055
-4.96977
-4.98928
-5.00594
-5.01987
-5.03052
-5.03473
-5.03428
-5.03168
-5.02921
-5.02942
-5.03185
-5.03774
-5.04885
-5.06289
-5.07713
-5.09171
-5.1029
-5.11199
-5.11963
-5.12767
-5.1361
-5.14713
-5.1631
-5.18276
-5.20501
-5.22884
-5.25073
-5.26905
-5.2797
-5.28
-5.26922
-5.24608
-5.2124
-5.17476
-5.1317
-5.09193
-5.05999
-5.03774
-5.02493
-5.01993
-5.02064
-5.02226
-5.01999
-5.01189
-4.99825
-4.98468
-4.97132
-4.96346
-4.96381
-4.96947
-4.98034
-4.99297
-5.00159
-5.00853
-5.01139
-5.01688
-5.02485
-5.03823
-5.05343
-5.06711
-5.07797
-5.0855
-5.08745
-5.0854
-5.0769
-5.06467
-5.05074
-5.03628
-5.02478
-5.02263
-5.0271
-5.04216
-5.06462
-5.09141
-5.12041
-5.14653
-5.16688
-5.17945
-5.18289
-5.17844
-5.16786
-5.15263
-5.13341
-5.11268
-5.09193
-5.07305
-5.05614
-5.04173
-5.03018
-5.01913
-5.00988
-5.00068
-4.99429
-4.98863
-4.98576
-4.98043
-4.97383
-4.96247
-4.94866
-4.932
-4.91411
-4.90108
-4.8938
-4.89852
-4.91603
-4.94204
-4.97378
-5.00573
-5.03619
-5.06025
-5.07818
-5.09052
-5.09511
-5.09225
-5.08156
-5.06367
-5.0403
-5.01383
-4.98807
-4.96798
-4.95807
-4.95832
-4.96837
-4.98342
-5.00078
-5.01299
-5.01762
-5.0158
-5.00862
-4.99879
-4.99258
-4.99164
-4.99878
-5.01215
-5.0297
-5.04975
-5.07183
-5.09424
-5.11978
-5.14723
-5.17345
-5.19388
-5.20596
-5.20888
-5.20204
-5.18765
-5.16934
-5.15048
-5.13261
-5.1149
-5.0997
-5.08522
-5.07177
-5.05987
-5.04986
-5.04376
-5.04075
-5.04214
-5.04744
-5.05503
-5.06307
-5.06726
-5.06804
-5.06352
-5.05348
-5.03793
-5.0161
-4.98913
-4.95752
-4.92626
-4.89846
-4.87909
-4.87048
-4.87178
-4.88166
-4.89998
-4.92256
-4.94841
-4.97646
-5.00481
-5.03298
-5.0579
-5.07845
-5.0908
-5.09534
-5.0898
-5.07528
-5.05207
-5.02042
-4.98253
-4.9432
-4.90367
-4.87258
-4.85524
-4.85506
-4.87041
-4.89867
-4.93257
-4.96508
-4.99063
-5.00457
-5.00596
-4.99645
-4.98056
-4.9572
-4.92991
-4.90131
-4.875
-4.85717
-4.85071
-4.86041
-4.88659
-4.92583
-4.97143
-5.01503
-5.05325
-5.08197
-5.09886
-5.10639
-5.10944
-5.11137
-5.11639
-5.12585
-5.13972
-5.15323
-5.16357
-5.16798
-5.16653
-5.16033
-5.1495
-5.13506
-5.11997
-5.10094
-5.08077
-5.05785
-5.03338
-5.00816
-4.98543
-4.96626
-4.95139
-4.94356
-4.94004
-4.94183
-4.94539
-4.9469
-4.94723
-4.94429
-4.93951
-4.93744
-4.93819
-4.94285
-4.9499
-4.95635
-4.96207
-4.96518
-4.96469
-4.95971
-4.9561
-4.95831
-4.97205
-4.99638
-5.02982
-5.06891
-5.10703
-5.14249
-5.17113
-5.19183
-5.2043
-5.20723
-5.2008
-5.18378
-5.16033
-5.13114
-5.09787
-5.06148
-5.02472
-4.98758
-4.95224
-4.92088
-4.89671
-4.88216
-4.87759
-4.88039
-4.89039
-4.90446
-4.9193
-4.93304
-4.94744
-4.95997
-4.97364
-4.98662
-5.00152
-5.01752
-5.03375
-5.04834
-5.06193
-5.07381
-5.08401
-5.09514
-5.10547
-5.11431
-5.12288
-5.12905
-5.13543
-5.14253
-5.148
-5.15199
-5.15169
-5.14864
-5.14451
-5.14093
-5.13899
-5.13891
-5.13759
-5.13278
-5.12237
-5.10864
-5.09242
-5.07487
-5.05768
-5.04143
-5.02741
-5.01467
-5.00357
-4.9975
-4.99817
-5.00514
-5.0204
-5.04078
-5.06338
-5.08318
-5.09639
-5.10143
-5.099
-5.09152
-5.08155
-5.06982
-5.05525
-5.03849
-5.02284
-5.00863
-4.99748
-4.99013
-4.9807
-4.9668
-4.94669
-4.92158
-4.89379
-4.86703
-4.84297
-4.82624
-4.82194
-4.83365
-4.86076
-4.89756
-4.94
-4.98271
-5.02291
-5.05879
-5.08918
-5.11339
-5.12758
-5.13173
-5.12721
-5.11637
-5.10208
-5.08822
-5.07663
-5.06658
-5.05543
-5.04558
-5.0365
-5.0262
-5.01686
-5.0092
-5.00435
-5.00037
-4.99779
-4.99559
-4.99317
-4.99179
-4.99262
-4.99585
-4.99727
-4.99819
-4.99689
-4.9911
-4.9813
-4.96845
-4.95407
-4.94148
-4.9318
-4.92821
-4.92873
-4.93286
-4.94105
-4.95056
-4.9614
-4.97286
-4.98337
-4.99029
-4.99758
-5.00506
-5.01063
-5.01534
-5.02145
-5.02697
-5.02908
-5.02856
-5.02441
-5.01424
-5.00229
-4.98858
-4.97548
-4.96473
-4.95861
-4.95617
-4.95933
-4.96706
-4.97817
-4.99078
-5.00335
-5.01407
-5.02313
-5.02878
-5.03477
-5.04016
-5.04509
-5.05023
-5.05413
-5.05721
-5.05811
-5.05816
-5.05712
-5.05468
-5.04961
-5.04149
-5.03079
-5.01745
-5.00222
-4.98761
-4.97388
-4.96311
-4.95635
-4.95448
-4.95715
-4.96152
-4.96977
-4.97929
-4.9896
-5.00161
-5.01633
-5.03282
-5.05168
-5.07098
-5.08878
-5.10108
-5.10747
-5.10804
-5.10181
-5.08935
-5.0719
-5.05176
-5.02988
-5.01163
-5.00034
-4.99606
-4.99828
-5.00361
-5.013
-5.01926
-5.02475
-5.02772
-5.02909
-5.02673
-5.02141
-5.01047
-4.99435
-4.97081
-4.94254
-4.91104
-4.8791
-4.85127
-4.83113
-4.82294
-4.82739
-4.8456
-4.87379
-4.90819
-4.9443
-4.97785
-5.00816
-5.03328
-5.05446
-5.07403
-5.09286
-5.10729
-5.11842
-5.12697
-5.12797
-5.12415
-5.11435
-5.10152
-5.08727
-5.07066
-5.05192
-5.03067
-5.00604
-4.98038
-4.9541
-4.93227
-4.91447
-4.90297
-4.89919
-4.90161
-4.91295
-4.92841
-4.94638
-4.96681
-4.98776
-5.01058
-5.03123
-5.05045
-5.06751
-5.08004
-5.08915
-5.09431
-5.09902
-5.10213
-5.10569
-5.10789
-5.10954
-5.10614
-5.10053
-5.09275
-5.08381
-5.07255
-5.05994
-5.04503
-5.03069
-5.01654
-5.00711
-4.99987
-4.99716
-4.9985
-5.0007
-5.00098
-4.9958
-4.9842
-4.96477
-4.93969
-4.91249
-4.89063
-4.87855
-4.87642
-4.88507
-4.90215
-4.92414
-4.94795
-4.97456
-5.00226
-5.029
-5.05663
-5.07949
-5.09634
-5.10409
-5.10391
-5.09978
-5.09225
-5.08524
-5.07811
-5.07181
-5.06824
-5.06727
-5.07098
-5.07907
-5.08938
-5.09898
-5.10394
-5.10302
-5.09808
-5.08713
-5.0753
-5.06059
-5.04549
-5.03252
-5.02329
-5.01994
-5.0226
-5.03068
-5.04416
-5.06149
-5.08146
-5.10349
-5.12796
-5.15347
-5.17488
-5.19244
-5.20307
-5.2083
-5.20671
-5.20336
-5.19989
-5.19671
-5.19366
-5.18689
-5.1738
-5.15404
-5.12796
-5.09588
-5.06143
-5.02757
-4.99857
-4.97905
-4.97431
-4.98517
-5.01117
-5.04681
-5.08604
-5.12058
-5.14907
-5.17028
-5.18531
-5.19277
-5.19384
-5.18743
-5.1765
-5.16219
-5.14263
-5.12137
-5.09776
-5.07237
-5.04724
-5.02279
-5.00108
-4.98461
-4.9762
-4.97991
-4.99586
-5.02237
-5.05303
-5.07638
-5.08968
-5.0868
-5.07021
-5.04026
-5.00087
-4.95866
-4.92088
-4.88967
-4.87061
-4.86181
-4.86584
-4.87857
-4.89883
-4.92051
-4.94104
-4.95486
-4.96145
-4.96165
-4.95699
-4.94875
-4.9445
-4.94659
-4.95832
-4.98212
-5.0148
-5.05303
-5.0895
-5.11855
-5.14011
-5.15257
-5.15474
-5.1479
-5.13388
-5.11425
-5.09197
-5.06864
-5.04754
-5.03169
-5.01978
-5.01325
-5.01098
-5.01166
-5.01558
-5.02366
-5.03639
-5.05023
-5.06499
-5.07854
-5.08845
-5.0944
-5.09665
-5.09348
-5.08562
-5.07264
-5.05536
-5.03336
-5.00969
-4.98507
-4.96079
-4.93843
-4.91835
-4.90005
-4.88456
-4.87576
-4.87335
-4.87782
-4.88893
-4.90627
-4.92551
-4.94547
-4.96371
-4.97711
-4.9868
-4.99295
-4.99835
-5.00208
-5.00487
-5.0055
-5.00238
-4.99778
-4.99099
-4.98459
-4.98072
-4.98164
-4.98598
-4.99527
-5.01218
-5.03471
-5.06019
-5.08346
-5.09921
-5.10361
-5.09577
-5.07723
-5.05458
-5.0335
-5.01545
-5.0016
-4.99105
-4.97998
-4.9687
-4.95974
-4.95314
-4.94896
-4.94748
-4.94644
-4.9463
-4.94588
-4.9446
-4.94356
-4.94549
-4.95117
-4.9618
-4.97624
-4.99349
-5.01219
-5.03159
-5.05
-5.06793
-5.08425
-5.10077
-5.11208
-5.11935
-5.12243
-5.12012
-5.11447
-5.10576
-5.09694
-5.08943
-5.08566
-5.08538
-5.09006
-5.0964
-5.10287
-5.10719
-5.10727
-5.10189
-5.08835
-5.07072
-5.05166
-5.03551
-5.02358
-5.01872
-5.02021
-5.02391
-5.02985
-5.03526
-5.03802
-5.04176
-5.04339
-5.04537
-5.04551
-5.04389
-5.04152
-5.0368
-5.02945
-5.02017
-5.0115
-5.00547
-5.00429
-5.00766
-5.01803
-5.03347
-5.05068
-5.06818
-5.08158
-5.08962
-5.09353
-5.09397
-5.09166
-5.09012
-5.0889
-5.09035
-5.08994
-5.08846
-5.08274
-5.07233
-5.05806
-5.04081
-5.0221
-5.00451
-4.98909
-4.97711
-4.96937
-4.96847
-4.97636
-4.99424
-5.01997
-5.04936
-5.07628
-5.09209
-5.09803
-5.09503
-5.08488
-5.07528
-5.0677
-5.06108
-5.05445
-5.04566
-5.03826
-5.03223
-5.02945
-5.03176
-5.03743
-5.04464
-5.05387
-5.0633
-5.07119
-5.07534
-5.07615
-5.07488
-5.07374
-5.07119
-5.06989
-5.07013
-5.06929
-5.06823
-5.0642
-5.0575
-5.04735
-5.03607
-5.02549
-5.01677
-5.00837
-5.00234
-4.99594
-4.9922
-4.98915
-4.98911
-4.9895
-4.99329
-5.00065
-5.0107
-5.02257
-5.03509
-5.04705
-5.05657
-5.06473
-5.07369
-5.08322
-5.09246
-5.09769
-5.09517
-5.08407
-5.06705
-5.04703
-5.02392
-5.00392
-4.98957
-4.98139
-4.98109
-4.98436
-4.98946
-4.99456
-4.99579
-4.99115
-4.98263
-4.97112
-4.95835
-4.94615
-4.93742
-4.93408
-4.93702
-4.94351
-4.95162
-4.96221
-4.9727
-4.98453
-5.00086
-5.02525
-5.05757
-5.09143
-5.12193
-5.14481
-5.15955
-5.16644
-5.16869
-5.16969
-5.16986
-5.17103
-5.1733
-5.17482
-5.17529
-5.17617
-5.17598
-5.17443
-5.17231
-5.16903
-5.16678
-5.16812
-5.17365
-5.18528
-5.19835
-5.21085
-5.22022
-5.22292
-5.21708
-5.20433
-5.18608
-5.16394
-5.14285
-5.12617
-5.11782
-5.11854
-5.12626
-5.13513
-5.14472
-5.15145
-5.15401
-5.15186
-5.14546
-5.1337
-5.11959
-5.10072
-5.07781
-5.0523
-5.02571
-4.99955
-4.97653
-4.9552
-4.93573
-4.92157
-4.91016
-4.90293
-4.90074
-4.90458
-4.9146
-4.93273
-4.95578
-4.98187
-5.0086
-5.0354
-5.06024
-5.08287
-5.10077
-5.11532
-5.1251
-5.13278
-5.13668
-5.13727
-5.13608
-5.1301
-5.11958
-5.10353
-5.08373
-5.05974
-5.04039
-5.02898
-5.03213
-5.04758
-5.07393
-5.10786
-5.14258
-5.17515
-5.20119
-5.22022
-5.23033
-5.23055
-5.22262
-5.20618
-5.18271
-5.15043
-5.11175
-5.06835
-5.02651
-4.98639
-4.95392
-4.92929
-4.91351
-4.9052
-4.90074
-4.90031
-4.90347
-4.91169
-4.92591
-4.94549
-4.96643
-4.98564
-4.99658
-4.99801
-4.99017
-4.973
-4.95489
-4.94452
-4.9443
-4.95551
-4.97744
-5.00495
-5.03717
-5.068
-5.09618
-5.11829
-5.13285
-5.1393
-5.13518
-5.12366
-5.10634
-5.08493
-5.0632
-5.04203
-5.02296
-5.009
-4.99832
-4.98937
-4.98259
-4.97547
-4.96883
-4.96203
-4.95796
-4.95724
-4.96207
-4.97141
-4.98691
-5.00717
-5.03234
-5.057
-5.08103
-5.10064
-5.11476
-5.12355
-5.12557
-5.12055
-5.11069
-5.09466
-5.07583
-5.05798
-5.04219
-5.03238
-5.02746
-5.02924
-5.0365
-5.04582
-5.05736
-5.06759
-5.07513
-5.08065
-5.07999
-5.0745
-5.064
-5.04841
-5.02772
-5.00576
-4.98437
-4.96527
-4.9518
-4.94466
-4.94402
-4.94749
-4.95249
-4.95527
-4.95386
-4.94897
-4.93946
-4.92877
-4.91874
-4.91439
-4.9165
-4.92861
-4.94762
-4.97309
-5.00022
-5.02932
-5.05642
-5.0797
-5.09839
-5.11091
-5.11587
-5.11102
-5.10037
-5.08578
-5.06718
-5.0477
-5.03137
-5.01483
-4.99909
-4.98101
-4.96191
-4.93827
-4.91358
-4.89077
-4.8712
-4.86172
-4.86297
-4.87774
-4.90366
-4.93485
-4.96886
-4.9992
-5.0237
-5.04044
-5.04928
-5.04995
-5.04691
-5.04392
-5.0463
-5.05515
-5.0703
-5.08758
-5.10084
-5.10909
-5.10809
-5.09911
-5.08561
-5.07141
-5.05821
-5.04875
-5.0411
-5.03664
-5.03235
-5.02594
-5.02001
-5.01154
-4.99746
-4.97614
-4.94818
-4.91534
-4.88409
-4.85779
-4.84566
-4.84683
-4.86253
-4.88954
-4.92504
-4.96295
-5.00112
-5.03548
-5.06862
-5.09805
-5.12677
-5.15462
-5.1806
-5.20139
-5.2172
-5.22366
-5.22332
-5.21754
-5.20939
-5.20071
-5.19035
-5.17807
-5.16147
-5.14424
-5.12554
-5.10537
-5.0854
-5.06448
-5.04129
-5.01633
-4.99053
-4.96719
-4.94921
-4.9397
-4.93845
-4.94021
-4.94372
-4.94442
-4.94144
-4.93676
-4.93097
-4.92833
-4.9301
-4.93719
-4.94818
-4.96464
-4.98597
-5.00868
-5.03339
-5.05754
-5.08044
-5.1015
-5.12109
-5.1403
-5.15304
-5.15869
-5.1548
-5.14221
-5.12304
-5.101
-5.08053
-5.06525
-5.05521
-5.04798
-5.04253
-5.0379
-5.03062
-5.0227
-5.01258
-5.00253
-4.99497
-4.9913
-4.99312
-4.99669
-5.00147
-5.00504
-5.00876
-5.01224
-5.01523
-5.0193
-5.02036
-5.01912
-5.01533
-5.00743
-4.99984
-4.99301
-4.98842
-4.98759
-4.98939
-4.99384
-4.99771
-5.00428
-5.01683
-5.03419
-5.05817
-5.08722
-5.1157
-5.14039
-5.15897
-5.16684
-5.1664
-5.15556
-5.13756
-5.11546
-5.09245
-5.07035
-5.05133
-5.03488
-5.02231
-5.01135
-5.0016
-4.99555
-4.99283
-4.99472
-5.0032
-5.01549
-5.03058
-5.04901
-5.06633
-5.08333
-5.09998
-5.11593
-5.13088
-5.14302
-5.15215
-5.15759
-5.1594
-5.15856
-5.15358
-5.14703
-5.13667
-5.1216
-5.10265
-5.08321
-5.06223
-5.04231
-5.02552
-5.01024
-4.99582
-4.98127
-4.96428
-4.94271
-4.91786
-4.89319
-4.87113
-4.85728
-4.85403
-4.8635
-4.88235
-4.91245
-4.94948
-4.98839
-5.02718
-5.06059
-5.08778
-5.10747
-5.11936
-5.12516
-5.12363
-5.11655
-5.10745
-5.09708
-5.08826
-5.08322
-5.08322
-5.08608
-5.09114
-5.09503
-5.09527
-5.09083
-5.08142
-5.06939
-5.05547
-5.03989
-5.02193
-5.00443
-4.98408
-4.96179
-4.94008
-4.92396
-4.91463
-4.91619
-4.9276
-4.94456
-4.96622
-4.98607
-5.00477
-5.01846
-5.02935
-5.03873
-5.04966
-5.06152
-5.07423
-5.08452
-5.09068
-5.09336
-5.09099
-5.08408
-5.07348
-5.06247
-5.05469
-5.05121
-5.05035
-5.05205
-5.05357
-5.05166
-5.04807
-5.04189
-5.03307
-5.02283
-5.01342
-5.00772
-5.00413
-5.00656
-5.01457
-5.02521
-5.03818
-5.04994
-5.05667
-5.05524
-5.04501
-5.02722
-5.00897
-5.00003
-5.00347
-5.01591
-5.02558
-5.03011
-5.02806
-5.02175
-5.01859
-5.01737
-5.02091
-5.02677
-5.03631
-5.04619
-5.05261
-5.05172
-5.04247
-5.02425
-4.9985
-4.96969
-4.93991
-4.91434
-4.89595
-4.88721
-4.88812
-4.90314
-4.93014
-4.96733
-5.01363
-5.0639
-5.11388
-5.15731
-5.18797
-5.20488
-5.20822
-5.19873
-5.17858
-5.1501
-5.12153
-5.09358
-5.07036
-5.05217
-5.03656
-5.01979
-5.00308
-4.98565
-4.96929
-4.9573
-4.94867
-4.94073
-4.93452
-4.92883
-4.92581
-4.93281
-4.95248
-4.98723
-5.03351
-5.08009
-5.11898
-5.14509
-5.15397
-5.14596
-5.12282
-5.08913
-5.05194
-5.02066
-5.00181
-5.0018
-5.01936
-5.05099
-5.08803
-5.12424
-5.14911
-5.16272
-5.15998
-5.14225
-5.11271
-5.07642
-5.03925
-5.00556
-4.97798
-4.95772
-4.94384
-4.93694
-4.93467
-4.93439
-4.93306
-4.92693
-4.91766
-4.90356
-4.89045
-4.87824
-4.87427
-4.87912
-4.89559
-4.92313
-4.95938
-5.00271
-5.04953
-5.09543
-5.13727
-5.1728
-5.20091
-5.2188
-5.22857
-5.22862
-5.21936
-5.20223
-5.17925
-5.15242
-5.12748
-5.10798
-5.0952
-5.08808
-5.08614
-5.08304
-5.073
-5.05921
-5.04007
-5.01879
-4.99913
-4.98154
-4.96648
-4.95128
-4.9351
-4.92233
-4.91542
-4.91942
-4.93533
-4.95817
-4.98773
-5.01889
-5.04935
-5.07745
-5.10443
-5.12966
-5.14916
-5.16343
-5.17022
-5.17036
-5.16294
-5.15158
-5.1355
-5.11529
-5.09323
-5.07001
-5.04833
-5.03052
-5.02183
-5.0261
-5.04284
-5.06882
-5.0955
-5.11277
-5.11925
-5.111
-5.09379
-5.06766
-5.03539
-5.002
-4.96942
-4.94566
-4.93521
-4.94092
-4.96164
-4.99392
-5.03498
-5.07665
-5.11723
-5.15318
-5.18478
-5.21187
-5.23149
-5.24174
-5.24143
-5.23249
-5.21243
-5.18421
-5.15281
-5.1218
-5.09449
-5.07402
-5.06091
-5.0573
-5.06337
-5.07299
-5.08366
-5.09253
-5.10001
-5.10473
-5.10442
-5.09946
-5.09027
-5.07663
-5.05955
-5.03727
-5.01324
-4.99214
-4.97908
-4.98092
-4.9991
-5.03185
-5.07278
-5.1133
-5.1455
-5.16432
-5.16717
-5.15895
-5.14347
-5.12667
-5.11144
-5.09538
-5.07439
-5.04885
-5.01925
-4.99144
-4.96691
-4.94753
-4.93243
-4.9206
-4.9141
-4.91636
-4.92882
-4.95033
-4.97862
-5.01188
-5.04319
-5.06979
-5.0882
-5.09974
-5.10319
-5.10096
-5.09507
-5.09105
-5.08873
-5.09012
-5.09204
-5.09193
-5.08823
-5.07816
-5.06051
-5.03742
-5.01044
-4.98439
-4.96392
-4.9541
-4.95571
-4.9664
-4.98253
-4.99766
-5.0077
-5.01288
-5.01322
-5.01019
-5.00372
-4.99827
-4.99258
-4.98822
-4.9871
-4.9895
-4.99789
-5.013
-5.0338
-5.05488
-5.07149
-5.08102
-5.08268
-5.07885
-5.0708
-5.06358
-5.05789
-5.05572
-5.05968
-5.06698
-5.07599
-5.08526
-5.09229
-5.09519
-5.09732
-5.09682
-5.09472
-5.08786
-5.07644
-5.06168
-5.04124
-5.01875
-4.99697
-4.97821
-4.96654
-4.96672
-4.97918
-5.0033
-5.03465
-5.06685
-5.09412
-5.11386
-5.12491
-5.12895
-5.12807
-5.12443
-5.1183
-5.11246
-5.10531
-5.09938
-5.09467
-5.09128
-5.08875
-5.08508
-5.08107
-5.07839
-5.07841
-5.07986
-5.08154
-5.08395
-5.0832
-5.07977
-5.07629
-5.07307
-5.07212
-5.07369
-5.07707
-5.08277
-5.09027
-5.10096
-5.11439
-5.13024
-5.14525
-5.15899
-5.17098
-5.18052
-5.18622
-5.19046
-5.19421
-5.19982
-5.20507
-5.20896
-5.21066
-5.20799
-5.20253
-5.19106
-5.17259
-5.14907
-5.11947
-5.08632
-5.05243
-5.0213
-4.9933
-4.96966
-4.951
-4.93711
-4.92941
-4.92969
-4.93865
-4.95518
-4.98031
-5.01019
-5.04216
-5.0713
-5.09636
-5.11562
-5.12851
-5.13297
-5.13123
-5.12139
-5.10786
-5.0891
-5.06777
-5.04715
-5.02724
-5.00935
-4.99784
-4.9962
-5.0056
-5.02152
-5.04013
-5.0552
-5.06715
-5.07392
-5.07894
-5.0883
-5.10314
-5.12305
-5.14179
-5.15468
-5.15553
-5.14685
-5.1278
-5.10166
-5.0706
-5.03658
-4.99901
-4.96202
-4.93031
-4.911
-4.91286
-4.93489
-4.9746
-5.02157
-5.06721
-5.10865
-5.14365
-5.171
-5.18966
-5.19841
-5.19878
-5.19167
-5.17758
-5.15756
-5.13265
-5.1038
-5.07305
-5.04443
-5.02143
-5.00459
-4.99571
-4.99407
-4.99774
-5.00229
-5.00824
-5.01168
-5.01446
-5.0141
-5.01333
-5.01053
-5.00614
-4.9996
-4.99173
-4.98248
-4.97316
-4.96422
-4.95772
-4.95425
-4.95511
-4.96237
-4.97383
-4.98708
-5.00401
-5.01932
-5.03413
-5.04651
-5.05409
-5.05346
-5.04647
-5.03438
-5.0212
-5.01042
-5.00617
-5.00556
-5.00786
-5.01259
-5.02086
-5.03241
-5.04724
-5.06532
-5.08529
-5.10387
-5.12073
-5.13129
-5.13406
-5.12913
-5.11614
-5.09652
-5.07482
-5.05288
-5.03274
-5.02044
-5.01724
-5.02509
-5.04235
-5.06419
-5.08861
-5.11073
-5.12836
-5.14021
-5.14638
-5.14932
-5.14909
-5.14723
-5.14267
-5.13402
-5.11818
-5.09463
-5.06593
-5.03743
-5.01225
-4.99544
-4.99091
-4.99834
-5.01846
-5.04696
-5.0805
-5.11274
-5.14065
-5.16253
-5.17385
-5.17452
-5.16385
-5.14306
-5.1155
-5.08333
-5.05047
-5.01896
-4.99023
-4.96584
-4.94956
-4.93992
-4.93765
-4.94189
-4.95408
-4.97218
-4.99957
-5.03097
-5.06163
-5.08892
-5.10659
-5.11492
-5.11157
-5.09843
-5.07564
-5.04751
-5.01891
-4.99353
-4.97594
-4.96758
-4.96985
-4.98079
-4.99754
-5.01753
-5.03619
-5.05401
-5.06601
-5.07251
-5.07385
-5.07045
-5.06469
-5.05587
-5.04853
-5.04299
-5.03851
-5.03344
-5.02752
-5.01796
-5.00467
-4.98804
-4.9689
-4.94915
-4.9322
-4.91882
-4.90923
-4.90263
-4.89929
-4.89684
-4.89478
-4.89188
-4.88617
-4.87797
-4.86758
-4.8552
-4.84645
-4.84312
-4.84933
-4.8643
-4.88575
-4.91025
-4.93922
-4.96956
-5.00036
-5.02959
-5.05427
-5.07454
-5.08808
-5.09378
-5.09394
-5.08921
-5.0806
-5.0682
-5.05436
-5.04191
-5.0292
-5.01815
-5.01039
-5.00463
-4.99927
-4.99474
-4.9921
-4.99048
-4.99087
-4.99176
-4.99268
-4.99241
-4.993
-4.99211
-4.993
-4.99574
-5.00302
-5.01223
-5.02222
-5.03083
-5.03691
-5.03797
-5.03846
-5.03901
-5.04337
-5.05265
-5.06768
-5.08474
-5.09982
-5.11041
-5.11438
-5.11107
-5.10242
-5.08815
-5.07062
-5.0543
-5.04296
-5.04035
-5.04739
-5.05963
-5.07494
-5.08879
-5.1003
-5.10807
-5.11304
-5.11581
-5.11823
-5.12207
-5.12571
-5.1291
-5.13044
-5.12728
-5.11882
-5.10386
-5.0855
-5.0664
-5.04867
-5.03459
-5.02392
-5.01523
-5.0026
-4.98919
-4.97608
-4.9678
-4.96499
-4.97151
-4.98329
-4.99925
-5.01644
-5.0333
-5.04863
-5.0628
-5.0743
-5.08575
-5.09586
-5.10544
-5.11334
-5.11958
-5.12361
-5.1259
-5.12597
-5.12388
-5.12151
-5.11754
-5.11221
-5.10602
-5.09827
-5.08939
-5.08081
-5.0737
-5.06972
-5.06853
-5.07066
-5.07475
-5.07801
-5.07786
-5.07238
-5.05854
-5.03489
-5.00092
-4.96103
-4.91967
-4.88253
-4.85717
-4.8476
-4.85662
-4.87866
-4.90743
-4.9397
-4.96932
-4.99585
-5.01613
-5.03258
-5.04408
-5.05549
-5.06289
-5.06815
-5.06796
-5.0638
-5.05338
-5.03635
-5.01799
-4.99909
-4.98155
-4.96524
-4.95177
-4.94151
-4.93562
-4.93557
-4.94426
-4.96204
-4.98896
-5.0251
-5.06661
-5.10811
-5.14498
-5.17356
-5.19216
-5.19942
-5.19572
-5.18063
-5.15759
-5.12746
-5.09374
-5.05892
-5.03155
-5.01375
-5.00782
-5.01337
-5.02574
-5.03891
-5.05052
-5.05852
-5.06224
-5.06584
-5.07153
-5.0819
-5.09244
-5.10285
-5.1099
-5.11223
-5.10992
-5.1003
-5.08512
-5.06882
-5.05731
-5.05132
-5.0496
-5.04881
-5.04857
-5.04805
-5.0478
-5.04683
-5.0436
-5.03923
-5.02996
-5.01822
-5.00586
-4.99518
-4.98814
-4.98582
-4.98872
-4.99766
-5.01037
-5.02399
-5.03773
-5.04867
-5.05522
-5.05913
-5.0613
-5.06481
-5.06989
-5.07839
-5.08646
-5.09434
-5.09687
-5.09628
-5.09341
-5.0866
-5.07605
-5.06332
-5.04651
-5.0238
-4.9993
-4.97403
-4.95284
-4.9357
-4.92688
-4.9283
-4.93677
-4.95417
-4.97864
-5.00955
-5.04548
-5.08183
-5.11911
-5.15156
-5.17482
-5.1873
-5.18687
-5.17383
-5.15263
-5.12706
-5.11092
-5.10631
-5.11023
-5.11647
-5.11765
-5.1132
-5.10299
-5.08767
-5.06737
-5.04803
-5.03152
-5.02244
-5.02156
-5.0262
-5.03221
-5.03549
-5.03047
-5.01882
-4.99773
-4.96942
-4.93585
-4.90225
-4.87399
-4.85609
-4.85055
-4.85816
-4.87424
-4.89835
-4.92312
-4.95088
-4.97917
-5.00867
-5.03919
-5.06816
-5.09521
-5.11722
-5.1355
-5.14906
-5.15658
-5.15474
-5.14783
-5.13597
-5.1207
-5.10582
-5.09118
-5.07909
-5.06812
-5.05759
-5.046
-5.0303
-5.01138
-4.9898
-4.96864
-4.94938
-4.93456
-4.92788
-4.92714
-4.93176
-4.93933
-4.94642
-4.95147
-4.95218
-4.95107
-4.94693
-4.94104
-4.933
-4.92297
-4.9094
-4.89376
-4.87723
-4.86167
-4.84787
-4.84018
-4.84013
-4.84632
-4.8598
-4.88018
-4.90546
-4.93176
-4.95473
-4.9732
-4.98475
-4.99151
-4.99091
-4.98774
-4.98075
-4.96996
-4.95558
-4.94074
-4.9292
-4.92434
-4.92852
-4.94036
-4.95722
-4.97962
-5.0038
-5.02719
-5.04934
-5.0681
-5.08331
-5.09445
-5.09997
-5.10185
-5.1001
-5.09495
-5.08819
-5.0832
-5.07717
-5.07158
-5.06444
-5.05257
-5.03185
-5.00825
-4.99006
-4.98546
-4.99302
-5.00546
-5.01565
-5.02303
-5.03097
-5.04102
-5.05434
-5.06976
-5.08299
-5.09259
-5.09974
-5.10128
-5.09892
-5.092
-5.0802
-5.06391
-5.0465
-5.03156
-5.01995
-5.00971
-5.00129
-4.99129
-4.98054
-4.97028
-4.96248
-4.96029
-4.96558
-4.98119
-5.00504
-5.03367
-5.05871
-5.07791
-5.08539
-5.08099
-5.06557
-5.04508
-5.0244
-5.00837
-4.99997
-4.99827
-4.99953
-5.00216
-5.0057
-5.01005
-5.01065
-5.01085
-5.00989
-5.00926
-5.00867
-5.00816
-5.00452
-4.99928
-4.98937
-4.97503
-4.95735
-4.93946
-4.92208
-4.90966
-4.90316
-4.90396
-4.91664
-4.94007
-4.97174
-5.00502
-5.03912
-5.06551
-5.08066
-5.08484
-5.07814
-5.06563
-5.05073
-5.03788
-5.02699
-5.01852
-5.01027
-5.00235
-4.99476
-4.98926
-4.98863
-4.99237
-4.99992
-5.01029
-5.01813
-5.02284
-5.02097
-5.01326
-5.00207
-4.99216
-4.98696
-4.99059
-5.00637
-5.0289
-5.05494
-5.07835
-5.09103
-5.09491
-5.08951
-5.07448
-5.05558
-5.03557
-5.01543
-4.99787
-4.98052
-4.96607
-4.95101
-4.93917
-4.9307
-4.92546
-4.92414
-4.92362
-4.92238
-4.92243
-4.92329
-4.93026
-4.94478
-4.96664
-4.99362
-5.01984
-5.04028
-5.05354
-5.05456
-5.04356
-5.02191
-4.99543
-4.9682
-4.95095
-4.9525
-4.97286
-5.01073
-5.0573
-5.10343
-5.14047
-5.16672
-5.17944
-5.17835
-5.16458
-5.1376
-5.10081
-5.05542
-5.00756
-4.9631
-4.92659
-4.90055
-4.88653
-4.88338
-4.88975
-4.9056
-4.93071
-4.96274
-4.99975
-5.03559
-5.06749
-5.09221
-5.10919
-5.11748
-5.11703
-5.11094
-5.10211
-5.09379
-5.08904
-5.09003
-5.09645
-5.10545
-5.11561
-5.12471
-5.13236
-5.13858
-5.14288
-5.14551
-5.14536
-5.14002
-5.12827
-5.10931
-5.08625
-5.06099
-5.03759
-5.01971
-5.01056
-5.01302
-5.0253
-5.04452
-5.06286
-5.07591
-5.0815
-5.07788
-5.06506
-5.04506
-5.02215
-4.99429
-4.96825
-4.94279
-4.92169
-4.90371
-4.89231
-4.88631
-4.88827
-4.89766
-4.91143
-4.92531
-4.93793
-4.94643
-4.95369
-4.96189
-4.9729
-4.98707
-5.00396
-5.02228
-5.04136
-5.06036
-5.08059
-5.10052
-5.11983
-5.13408
-5.13918
-5.13112
-5.11073
-5.08596
-5.06488
-5.05617
-5.05761
-5.06233
-5.06575
-5.06403
-5.05795
-5.05168
-5.04896
-5.05134
-5.0618
-5.07819
-5.09484
-5.10783
-5.1149
-5.11143
-5.09716
-5.07386
-5.04536
-5.01778
-4.99632
-4.98531
-4.98467
-4.99012
-5.00114
-5.01413
-5.02555
-5.0369
-5.04405
-5.04561
-5.04137
-5.03296
-5.02071
-5.00944
-5.00358
-5.00432
-5.00883
-5.01369
-5.01312
-5.00555
-4.99104
-4.97114
-4.94871
-4.92401
-4.89867
-4.87964
-4.86524
-4.85798
-4.85732
-4.86304
-4.87132
-4.88275
-4.89622
-4.91037
-4.92581
-4.94073
-4.95715
-4.9755
-4.9944
-5.01411
-5.03376
-5.05085
-5.06398
-5.07162
-5.07216
-5.06341
-5.04927
-5.02838
-5.0042
-4.9792
-4.9563
-4.93895
-4.9261
-4.91884
-4.91432
-4.9114
-4.90837
-4.90278
-4.89693
-4.89606
-4.90211
-4.91774
-4.94474
-4.9771
-5.01218
-5.044
-5.06905
-5.08275
-5.08564
-5.07928
-5.0674
-5.05401
-5.04255
-5.03711
-5.03732
-5.04109
-5.04241
-5.04364
-5.04412
-5.04496
-5.04457
-5.04271
-5.03636
-5.02566
-5.01144
-5.00028
-4.99338
-4.99433
-5.00155
-5.01059
-5.01443
-5.01603
-5.01305
-5.0082
-5.00356
-5.00105
-4.99897
-4.99908
-5.00117
-5.00687
-5.01612
-5.02879
-5.04424
-5.06015
-5.07769
-5.09515
-5.1133
-5.13272
-5.15147
-5.16758
-5.18031
-5.18943
-5.19323
-5.18953
-5.17896
-5.16204
-5.14068
-5.11443
-5.08757
-5.06499
-5.04777
-5.03705
-5.03606
-5.04265
-5.05491
-5.06961
-5.08451
-5.09715
-5.10868
-5.11603
-5.11618
-5.1117
-5.10258
-5.08857
-5.07163
-5.04983
-5.0273
-4.99926
-4.97271
-4.94865
-4.93195
-4.92654
-4.93152
-4.94591
-4.96866
-4.99823
-5.03039
-5.06049
-5.08612
-5.10538
-5.11904
-5.12914
-5.13703
-5.14022
-5.13946
-5.13342
-5.12023
-5.09958
-5.07198
-5.04395
-5.01669
-4.99446
-4.98053
-4.97317
-4.97495
-4.98148
-4.99256
-5.00318
-5.01474
-5.02456
-5.03304
-5.04435
-5.0597
-5.07904
-5.10026
-5.11928
-5.13387
-5.14042
-5.14033
-5.13395
-5.12327
-5.11201
-5.10534
-5.10272
-5.10297
-5.10378
-5.10291
-5.09925
-5.09067
-5.07784
-5.06571
-5.05601
-5.05188
-5.05154
-5.05576
-5.06393
-5.07541
-5.09019
-5.10638
-5.12455
-5.14273
-5.15863
-5.16858
-5.17288
-5.17023
-5.16174
-5.14632
-5.12738
-5.1045
-5.08134
-5.06252
-5.04745
-5.03661
-5.02943
-5.0239
-5.02337
-5.02869
-5.04008
-5.05517
-5.0718
-5.08442
-5.09411
-5.09886
-5.10022
-5.09898
-5.09569
-5.09132
-5.08787
-5.08592
-5.08627
-5.08972
-5.09809
-5.10839
-5.11613
-5.1197
-5.11432
-5.09879
-5.07497
-5.04922
-5.03091
-5.02377
-5.0292
-5.04113
-5.05262
-5.05728
-5.05281
-5.0356
-5.00642
-4.96996
-4.93612
-4.91226
-4.90369
-4.90808
-4.92044
-4.93745
-4.94983
-4.95774
-4.96209
-4.96471
-4.96796
-4.97544
-4.98871
-5.0052
-5.02527
-5.04392
-5.05874
-5.06645
-5.06684
-5.05621
-5.03806
-5.01521
-4.99058
-4.96612
-4.94899
-4.9395
-4.94052
-4.95214
-4.9724
-4.99728
-5.02341
-5.04896
-5.06996
-5.08674
-5.09829
-5.10468
-5.1088
-5.10773
-5.1047
-5.09868
-5.08927
-5.07813
-5.06679
-5.05892
-5.05463
-5.05594
-5.06205
-5.06816
-5.0663
-5.05303
-5.02505
-4.98762
-4.9452
-4.90811
-4.88521
-4.88155
-4.89494
-4.9213
-4.95201
-4.97995
-5.00395
-5.02174
-5.03471
-5.04251
-5.04606
-5.04756
-5.04724
-5.04586
-5.04763
-5.05188
-5.06138
-5.07519
-5.08946
-5.10563
-5.11721
-5.12348
-5.12362
-5.11857
-5.1101
-5.09912
-5.09007
-5.08013
-5.07259
-5.06604
-5.06059
-5.05598
-5.05098
-5.04598
-5.04219
-5.04032
-5.04335
-5.05283
-5.06542
-5.07823
-5.08744
-5.09238
-5.09437
-5.09535
-5.09595
-5.09689
-5.09721
-5.09755
-5.09495
-5.09075
-5.0831
-5.07176
-5.06008
-5.0485
-5.03893
-5.03333
-5.03156
-5.03085
-5.03077
-5.03253
-5.0359
-5.03971
-5.04249
-5.04207
-5.04008
-5.03408
-5.02658
-5.01864
-5.01588
-5.0231
-5.04161
-5.06767
-5.09609
-5.12104
-5.13808
-5.14517
-5.14279
-5.13007
-5.10849
-5.08037
-5.04564
-5.00936
-4.97724
-4.95362
-4.9418
-4.94352
-4.95398
-4.96997
-4.9867
-5.00033
-5.01139
-5.01965
-5.02885
-5.04035
-5.05572
-5.06797
-5.07505
-5.07159
-5.05645
-5.03286
-5.00564
-4.98216
-4.97059
-4.97341
-4.98959
-5.01548
-5.04405
-5.07084
-5.08982
-5.10174
-5.10364
-5.09898
-5.0867
-5.07187
-5.05481
-5.03986
-5.02705
-5.01942
-5.01699
-5.02146
-5.02994
-5.03971
-5.04782
-5.0522
-5.05539
-5.05697
-5.05904
-5.0612
-5.06708
-5.07335
-5.07801
-5.07959
-5.08017
-5.08048
-5.07994
-5.08059
-5.08436
-5.09013
-5.09748
-5.10527
-5.11144
-5.11498
-5.11816
-5.11987
-5.12125
-5.1226
-5.1246
-5.12395
-5.11999
-5.11144
-5.09855
-5.08057
-5.06074
-5.04027
-5.02306
-5.00919
-4.99867
-4.98823
-4.97902
-4.97127
-4.96695
-4.96894
-4.9803
-4.99957
-5.02592
-5.05373
-5.07877
-5.09931
-5.11253
-5.12176
-5.12984
-5.13993
-5.14923
-5.15807
-5.16477
-5.16806
-5.16753
-5.16029
-5.14818
-5.13163
-5.11297
-5.09543
-5.08066
-5.06967
-5.06861
-5.0773
-5.09308
-5.11233
-5.13145
-5.14661
-5.15683
-5.16126
-5.16378
-5.16152
-5.15734
-5.14948
-5.13852
-5.1243
-5.10959
-5.09313
-5.07561
-5.0566
-5.03444
-5.01035
-4.9883
-4.96921
-4.9569
-4.95159
-4.95296
-4.95874
-4.96555
-4.97144
-4.9801
-4.98818
-4.99883
-5.01079
-5.02217
-5.03187
-5.03722
-5.03761
-5.03311
-5.02456
-5.02007
-5.02401
-5.03944
-5.06319
-5.08367
-5.09611
-5.09662
-5.08812
-5.07307
-5.05909
-5.04965
-5.04963
-5.05735
-5.07278
-5.08951
-5.10282
-5.10759
-5.10144
-5.08665
-5.06459
-5.03932
-5.0153
-4.99834
-4.99031
-4.99196
-4.99699
-5.0023
-5.00127
-4.99295
-4.97941
-4.96658
-4.95957
-4.96311
-4.97867
-5.00263
-5.0313
-5.05793
-5.07884
-5.09306
-5.09853
-5.09584
-5.09038
-5.08178
-5.07366
-5.06937
-5.06904
-5.0748
-5.08079
-5.08523
-5.08428
-5.0767
-5.06016
-5.03746
-5.01258
-4.98902
-4.96649
-4.94786
-4.93238
-4.92254
-4.9166
-4.91215
-4.90905
-4.90448
-4.90144
-4.89913
-4.89956
-4.90225
-4.90668
-4.91111
-4.9167
-4.92363
-4.93163
-4.9412
-4.95288
-4.96772
-4.98484
-5.00497
-5.02614
-5.04696
-5.06325
-5.07511
-5.08413
-5.08901
-5.09353
-5.09433
-5.09348
-5.08686
-5.07471
-5.0556
-5.03348
-5.01163
-4.99235
-4.97809
-4.97103
-4.96923
-4.97236
-4.97711
-4.98048
-4.98141
-4.97844
-4.97225
-4.96182
-4.9468
-4.92982
-4.91707
-4.91282
-4.92127
-4.94188
-4.97203
-5.00505
-5.03659
-5.06316
-5.0832
-5.09638
-5.10298
-5.1034
-5.09849
-5.08615
-5.07059
-5.04869
-5.02419
-4.99449
-4.96033
-4.92428
-4.88606
-4.85064
-4.82173
-4.80395
-4.80096
-4.81048
-4.83354
-4.86723
-4.90369
-4.93748
-4.96444
-4.98225
-4.98851
-4.98261
-4.96856
-4.94879
-4.92879
-4.91448
-4.91004
-4.91898
-4.93666
-4.96216
-4.98854
-5.01323
-5.03186
-5.04316
-5.04787
-5.04364
-5.031
-5.01407
-4.99401
-4.97646
-4.9642
-4.96084
-4.96571
-4.97728
-4.99484
-5.01427
-5.03299
-5.04757
-5.05918
-5.06656
-5.06802
-5.06573
-5.05857
-5.05052
-5.04201
-5.03282
-5.02426
-5.01588
-5.00643
-4.996
-4.9852
-4.97565
-4.96826
-4.9629
-4.96061
-4.96236
-4.96755
-4.97732
-4.98937
-5.00542
-5.02238
-5.03905
-5.05563
-5.07087
-5.08458
-5.09859
-5.11314
-5.12827
-5.14203
-5.15756
-5.17193
-5.18467
-5.1923
-5.1979
-5.1997
-5.19628
-5.18669
-5.17616
-5.16555
-5.15463
-5.144
-5.13252
-5.11762
-5.09905
-5.07833
-5.05923
-5.04236
-5.02814
-5.01994
-5.01581
-5.01517
-5.01608
-5.01689
-5.01748
-5.02051
-5.02449
-5.02049
-5.00795
-4.98768
-4.9657
-4.9485
-4.93899
-4.9382
-4.94579
-4.96017
-4.97767
-4.99661
-5.01521
-5.02927
-5.03951
-5.04207
-5.03642
-5.02632
-5.01506
-5.00253
-4.9917
-4.98487
-4.97824
-4.97428
-4.9736
-4.97883
-4.98901
-5.0057
-5.0272
-5.04814
-5.06599
-5.08077
-5.08997
-5.09436
-5.09418
-5.09289
-5.09076
-5.08912
-5.08806
-5.08609
-5.08106
-5.07361
-5.05993
-5.04313
-5.02427
-5.00466
-4.98626
-4.96963
-4.95753
-4.95017
-4.9474
-4.95097
-4.95971
-4.97412
-4.99439
-5.01631
-5.04003
-5.06069
-5.07484
-5.08146
-5.08
-5.07183
-5.06078
-5.04888
-5.04315
-5.04473
-5.05192
-5.06308
-5.07329
-5.0772
-5.07374
-5.06492
-5.05182
-5.03776
-5.02872
-5.0258
-5.03321
-5.04673
-5.06231
-5.07569
-5.08251
-5.0826
-5.076
-5.06413
-5.05202
-5.04404
-5.04235
-5.04765
-5.05882
-5.07127
-5.07857
-5.07637
-5.06248
-5.03842
-5.00996
-4.98402
-4.96626
-4.95647
-4.95395
-4.95817
-4.96911
-4.98694
-5.01077
-5.03684
-5.06315
-5.08504
-5.09847
-5.10149
-5.09586
-5.08439
-5.07239
-5.06422
-5.06209
-5.06616
-5.07606
-5.08558
-5.09422
-5.10034
-5.1023
-5.09922
-5.09026
-5.0753
-5.05396
-5.02913
-5.00498
-4.98206
-4.9626
-4.94555
-4.93103
-4.92057
-4.91245
-4.90845
-4.90881
-4.91217
-4.91581
-4.92107
-4.92904
-4.94261
-4.95954
-4.97886
-5.00074
-5.0232
-5.04556
-5.06494
-5.07965
-5.08926
-5.08955
-5.08493
-5.08083
-5.08125
-5.08793
-5.10107
-5.11486
-5.12674
-5.13321
-5.13704
-5.1381
-5.14056
-5.14022
-5.1386
-5.13433
-5.12389
-5.10775
-5.08701
-5.06343
-5.03862
-5.01723
-4.99822
-4.98447
-4.976
-4.97319
-4.97411
-4.97883
-4.98174
-4.98182
-4.97941
-4.97666
-4.97378
-4.97418
-4.97642
-4.97903
-4.9786
-4.97415
-4.96516
-4.95276
-4.9411
-4.93094
-4.92316
-4.91716
-4.9126
-4.90742
-4.9021
-4.89974
-4.90144
-4.91162
-4.92815
-4.95198
-4.98028
-5.00954
-5.03689
-5.05955
-5.07706
-5.08839
-5.08911
-5.08313
-5.06753
-5.04145
-5.00756
-4.96854
-4.92818
-4.89181
-4.86323
-4.84687
-4.84437
-4.85347
-4.87251
-4.89738
-4.9234
-4.94572
-4.95976
-4.96666
-4.96616
-4.9599
-4.95092
-4.94007
-4.92885
-4.91529
-4.90192
-4.88881
-4.87549
-4.86527
-4.85343
-4.84185
-4.83235
-4.82389
-4.82086
-4.8249
-4.83721
-4.85566
-4.87764
-4.89974
-4.91959
-4.93577
-4.94416
-4.94633
-4.94353
-4.93689
-4.92805
-4.92096
-4.91191
-4.90516
-4.90115
-4.8995
-4.89998
-4.89983
-4.90001
-4.90139
-4.90099
-4.90229
-4.90485
-4.9098
-4.91932
-4.93097
-4.94559
-4.95964
-4.97305
-4.98495
-4.99403
-4.99587
-4.99236
-4.98128
-4.96699
-4.9528
-4.94281
-4.9383
-4.93869
-4.94333
-4.95052
-4.95904
-4.96774
-4.97931
-4.99062
-5.00303
-5.0155
-5.02655
-5.03512
-5.04261
-5.05148
-5.06175
-5.07152
-5.08072
-5.0881
-5.09245
-5.09363
-5.08926
-5.0804
-5.06668
-5.05059
-5.03614
-5.02514
-5.0166
-5.0088
-5.00286
-4.99775
-4.99543
-4.99535
-4.99709
-5.00026
-5.00223
-5.00218
-4.99332
-4.98081
-4.96767
-4.95723
-4.94763
-4.94251
-4.9401
-4.93944
-4.94275
-4.94912
-4.95999
-4.96967
-4.97935
-4.98454
-4.98474
-4.97789
-4.96378
-4.94446
-4.92078
-4.8985
-4.88311
-4.87862
-4.88731
-4.90527
-4.9277
-4.94805
-4.9652
-4.97556
-4.9798
-4.97748
-4.97275
-4.9681
-4.96653
-4.96766
-4.97262
-4.98191
-4.98944
-4.99846
-5.00376
-5.00616
-5.00637
-5.00532
-5.00249
-4.99809
-4.99202
-4.98762
-4.98726
-4.99319
-5.00367
-5.0179
-5.03314
-5.04713
-5.05478
-5.05732
-5.05324
-5.04372
-5.03199
-5.02152
-5.01372
-5.01168
-5.01409
-5.02048
-5.02923
-5.03561
-5.0346
-5.02691
-5.0138
-5.00021
-4.98736
-4.97845
-4.97531
-4.97566
-4.98026
-4.98747
-4.99627
-5.00809
-5.01988
-5.03268
-5.04487
-5.05523
-5.06594
-5.07678
-5.08725
-5.09848
-5.10831
-5.11599
-5.11906
-5.11759
-5.10861
-5.09627
-5.08047
-5.06195
-5.0449
-5.02989
-5.01968
-5.01395
-5.00684
-4.99774
-4.98495
-4.97032
-4.95509
-4.94422
-4.93858
-4.93729
-4.93821
-4.93991
-4.94302
-4.94715
-4.95268
-4.95972
-4.9672
-4.9756
-4.98298
-4.98871
-4.99222
-4.99674
-5.00148
-5.00965
-5.0205
-5.0345
-5.0495
-5.06375
-5.07612
-5.08688
-5.09106
-5.09213
-5.0884
-5.08012
-5.06902
-5.05707
-5.04448
-5.03403
-5.02369
-5.01331
-4.9985
-4.98109
-4.96345
-4.94793
-4.93795
-4.93563
-4.93983
-4.94395
-4.94847
-4.94813
-4.94436
-4.93563
-4.92574
-4.91596
-4.91098
-4.91074
-4.91624
-4.9264
-4.93875
-4.94996
-4.96017
-4.97036
-4.98073
-4.99419
-5.00881
-5.02498
-5.04034
-5.05507
-5.06757
-5.07979
-5.0935
-5.10896
-5.12563
-5.14289
-5.15908
-5.17147
-5.18098
-5.18413
-5.1818
-5.1757
-5.16459
-5.15164
-5.13832
-5.12572
-5.11592
-5.10809
-5.10184
-5.09788
-5.09511
-5.09281
-5.08701
-5.08133
-5.07617
-5.07147
-5.07043
-5.07509
-5.08114
-5.08775
-5.08996
-5.08832
-5.08014
-5.07046
-5.06088
-5.05585
-5.05293
-5.05466
-5.06008
-5.07042
-5.08425
-5.09973
-5.1155
-5.12884
-5.13859
-5.14361
-5.14338
-5.13873
-5.13291
-5.1276
-5.12569
-5.13196
-5.14461
-5.16479
-5.18796
-5.20976
-5.22663
-5.23806
-5.23849
-5.23316
-5.22075
-5.20559
-5.19071
-5.1779
-5.16646
-5.15443
-5.14142
-5.12755
-5.11274
-5.09952
-5.08588
-5.0724
-5.05952
-5.04424
-5.02512
-5.00556
-4.9895
-4.97772
-4.97103
-4.9699
-4.97284
-4.97666
-4.98193
-4.98708
-4.99148
-4.9953
-4.99956
-5.00129
-5.00352
-5.00178
-4.99715
-4.99318
-4.99104
-4.99356
-4.99863
-5.00311
-5.00347
-4.99705
-4.98681
-4.97366
-4.96172
-4.9511
-4.94694
-4.94949
-4.96023
-4.97867
-5.00358
-5.03256
-5.06434
-5.09792
-5.13293
-5.16601
-5.19528
-5.21792
-5.23196
-5.2345
-5.22572
-5.20594
-5.17528
-5.13845
-5.09873
-5.06016
-5.02732
-5.00065
-4.98147
-4.9718
-4.96998
-4.97378
-4.98096
-4.98767
-4.99212
-4.99318
-4.99322
-4.99405
-4.9978
-5.00439
-5.01104
-5.01743
-5.01999
-5.02038
-5.0207
-5.02095
-5.02498
-5.03281
-5.04404
-5.05491
-5.06501
-5.07203
-5.0767
-5.07614
-5.07351
-5.06785
-5.05918
-5.04754
-5.03459
-5.02302
-5.01346
-5.00589
-4.99918
-4.98903
-4.97368
-4.95204
-4.92664
-4.89841
-4.87393
-4.86038
-4.86199
-4.8769
-4.90135
-4.92966
-4.95754
-4.98066
-4.99965
-5.01423
-5.02375
-5.02872
-5.02824
-5.02316
-5.01565
-5.00662
-4.99824
-4.99191
-4.98752
-4.98437
-4.98255
-4.9834
-4.98734
-4.99343
-5.00215
-5.01257
-5.02404
-5.03518
-5.04785
-5.05853
-5.06846
-5.07532
-5.08035
-5.08201
-5.08314
-5.08256
-5.07997
-5.07517
-5.06719
-5.0579
-5.04878
-5.04007
-5.03486
-5.03609
-5.0439
-5.05472
-5.0625
-5.06456
-5.05801
-5.0438
-5.02198
-5.00066
-4.97976
-4.96381
-4.95532
-4.95384
-4.95637
-4.96058
-4.96676
-4.97198
-4.97381
-4.97188
-4.96624
-4.95777
-4.9471
-4.93699
-4.92894
-4.92351
-4.91802
-4.91351
-4.90605
-4.89948
-4.89354
-4.88854
-4.88749
-4.88996
-4.89582
-4.90245
-4.91127
-4.92129
-4.93179
-4.93785
-4.93784
-4.93205
-4.92684
-4.93041
-4.94524
-4.96326
-4.97527
-4.98083
-4.9808
-4.97669
-4.97067
-4.96312
-4.95533
-4.95139
-4.94888
-4.94963
-4.95118
-4.95302
-4.95405
-4.95505
-4.95786
-4.96566
-4.98114
-5.00602
-5.03984
-5.07766
-5.11608
-5.15271
-5.18058
-5.19929
-5.21057
-5.21501
-5.21243
-5.20297
-5.18718
-5.16435
-5.13677
-5.10666
-5.07653
-5.05337
-5.04113
-5.04161
-5.05368
-5.07271
-5.09315
-5.10992
-5.12187
-5.12444
-5.11649
-5.09896
-5.07323
-5.04192
-5.01054
-4.98293
-4.96202
-4.94977
-4.94245
-4.93736
-4.9341
-4.92734
-4.92111
-4.91992
-4.92916
-4.95397
-4.99801
-5.05502
-5.1103
-5.15665
-5.19164
-5.21115
-5.2154
-5.20661
-5.18763
-5.16027
-5.12807
-5.09788
-5.0739
-5.05921
-5.05384
-5.05529
-5.05898
-5.06696
-5.07993
-5.09907
-5.11976
-5.13835
-5.15002
-5.14729
-5.13229
-5.10602
-5.07724
-5.05259
-5.03899
-5.03591
-5.04159
-5.05523
-5.07115
-5.08575
-5.09908
-5.10655
-5.1085
-5.10324
-5.09189
-5.0755
-5.05447
-5.03092
-5.00585
-4.98003
-4.95602
-4.93493
-4.91742
-4.90477
-4.89674
-4.89691
-4.90672
-4.92724
-4.95608
-4.9926
-5.0305
-5.06421
-5.08876
-5.09972
-5.09451
-5.0739
-5.03996
-5.00122
-4.96395
-4.93285
-4.90859
-4.89174
-4.88076
-4.87509
-4.87226
-4.86999
-4.86792
-4.86814
-4.87044
-4.87556
-4.88468
-4.89502
-4.9046
-4.91248
-4.91959
-4.92611
-4.93497
-4.94509
-4.95755
-4.97619
-4.99942
-5.02571
-5.05228
-5.07583
-5.09405
-5.10516
-5.10857
-5.10599
-5.10141
-5.09876
-5.10099
-5.10758
-5.11539
-5.12061
-5.11908
-5.10826
-5.08815
-5.06283
-5.03569
-5.00891
-4.99008
-4.98183
-4.98269
-4.98919
-4.99708
-5.00165
-4.99848
-4.99318
-4.98477
-4.97958
-4.97755
-4.98312
-4.99597
-5.01721
-5.0456
-5.07795
-5.11201
-5.14265
-5.1669
-5.18433
-5.19415
-5.1967
-5.19245
-5.18112
-5.16432
-5.14041
-5.11402
-5.08628
-5.05682
-5.02619
-4.99628
-4.96875
-4.94952
-4.94164
-4.94612
-4.96013
-4.9794
-4.99765
-5.01092
-5.0177
-5.01858
-5.01283
-5.00344
-4.99085
-4.97692
-4.95971
-4.9391
-4.91519
-4.89233
-4.87816
-4.8843
-4.91826
-4.97219
-5.033
-5.08796
-5.13307
-5.16578
-5.18462
-5.19295
-5.19005
-5.17931
-5.16193
-5.14107
-5.1178
-5.09247
-5.06469
-5.03842
-5.01539
-4.99875
-4.99043
-4.99103
-4.99943
-5.01444
-5.03153
-5.04554
-5.0527
-5.0526
-5.04291
-5.02787
-5.01144
-4.99681
-4.99065
-4.99582
-5.01277
-5.03944
-5.07144
-5.10304
-5.12999
-5.148
-5.1546
-5.15148
-5.14236
-5.13026
-5.11783
-5.10481
-5.09366
-5.08136
-5.06858
-5.05624
-5.04492
-5.03725
-5.0344
-5.0394
-5.04872
-5.06213
-5.07606
-5.08747
-5.09301
-5.09467
-5.09202
-5.08541
-5.07614
-5.06325
-5.0476
-5.02753
-5.00423
-4.98014
-4.95682
-4.93772
-4.92684
-4.92626
-4.93796
-4.95999
-4.99035
-5.0252
-5.05929
-5.0891
-5.11304
-5.12654
-5.12971
-5.12426
-5.11339
-5.09766
-5.08174
-5.06797
-5.05834
-5.0508
-5.04307
-5.03486
-5.02633
-5.01808
-5.01042
-5.00535
-5.00705
-5.01726
-5.03955
-5.07484
-5.11707
-5.16308
-5.20543
-5.23894
-5.25912
-5.26632
-5.26138
-5.24801
-5.22853
-5.20713
-5.18493
-5.16141
-5.13839
-5.11786
-5.09764
-5.08162
-5.06893
-5.05745
-5.04839
-5.03926
-5.03098
-5.02437
-5.01985
-5.01665
-5.01542
-5.01171
-5.00722
-5.001
-4.99439
-4.98889
-4.98579
-4.98642
-4.98649
-4.98487
-4.97767
-4.96419
-4.94574
-4.9255
-4.90699
-4.89198
-4.88197
-4.87871
-4.88174
-4.89199
-4.90932
-4.93175
-4.95605
-4.98108
-5.0041
-5.02652
-5.04479
-5.06188
-5.07433
-5.08547
-5.09272
-5.09828
-5.10222
-5.1033
-5.1023
-5.10171
-5.10072
-5.09897
-5.09528
-5.08978
-5.07951
-5.06481
-5.0478
-5.02732
-5.0061
-4.98286
-4.9588
-4.93509
-4.91377
-4.8965
-4.88467
-4.88173
-4.88854
-4.90459
-4.92723
-4.95042
-4.97
-4.98247
-4.98757
-4.98921
-4.98702
-4.98405
-4.98203
-4.983
-4.98756
-4.99721
-5.01137
-5.02746
-5.04613
-5.06595
-5.08581
-5.10498
-5.1223
-5.13638
-5.14542
-5.15072
-5.15097
-5.14621
-5.13822
-5.12704
-5.11442
-5.10063
-5.08771
-5.07575
-5.06218
-5.04633
-5.02736
-5.0059
-4.98441
-4.97045
-4.96993
-4.98178
-5.006
-5.03865
-5.07695
-5.11797
-5.15675
-5.19424
-5.22838
-5.25781
-5.27985
-5.29402
-5.29989
-5.29621
-5.28593
-5.27022
-5.25035
-5.22781
-5.20336
-5.18
-5.15629
-5.13413
-5.11387
-5.09748
-5.0863
-5.08178
-5.08292
-5.08952
-5.09863
-5.11048
-5.12052
-5.12811
-5.12947
-5.12415
-5.11202
-5.09586
-5.07352
-5.05077
-5.03326
-5.02396
-5.02528
-5.03836
-5.05889
-5.0814
-5.09976
-5.11189
-5.1167
-5.11546
-5.10976
-5.09956
-5.08843
-5.07621
-5.06603
-5.05871
-5.05653
-5.05707
-5.06283
-5.07109
-5.08072
-5.08949
-5.09658
-5.09879
-5.09529
-5.08701
-5.0744
-5.05956
-5.04401
-5.02939
-5.01906
-5.01335
-5.01224
-5.01595
-5.02625
-5.03929
-5.05296
-5.06679
-5.0767
-5.07882
-5.07516
-5.06349
-5.04576
-5.02426
-5.00086
-4.97877
-4.96149
-4.9513
-4.94704
-4.94781
-4.953
-4.9584
-4.96
-4.95766
-4.94912
-4.9387
-4.92919
-4.9245
-4.9273
-4.93693
-4.94686
-4.95603
-4.96287
-4.96974
-4.97601
-4.97741
-4.97876
-4.98299
-4.99352
-5.00968
-5.02936
-5.04624
-5.05762
-5.06399
-5.0704
-5.07614
-5.08479
-5.09555
-5.10491
-5.10764
-5.0993
-5.08142
-5.05544
-5.02316
-4.98969
-4.9593
-4.93803
-4.92672
-4.92798
-4.94138
-4.96291
-4.9881
-5.01248
-5.03062
-5.04121
-5.04618
-5.04432
-5.03744
-5.02669
-5.01128
-4.99439
-4.97585
-4.95925
-4.9477
-4.93855
-4.93491
-4.9362
-4.93909
-4.94425
-4.95185
-4.96282
-4.97799
-4.99713
-5.01718
-5.03589
-5.05077
-5.05893
-5.06059
-5.055
-5.04344
-5.02639
-5.00735
-4.98761
-4.97157
-4.9593
-4.95096
-4.9489
-4.95394
-4.96861
-4.99211
-5.02183
-5.05474
-5.08587
-5.11308
-5.13268
-5.1448
-5.14768
-5.14168
-5.12849
-5.10469
-5.07512
-5.04278
-5.0131
-4.98992
-4.97389
-4.96512
-4.96199
-4.96393
-4.9697
-4.97531
-4.98126
-4.98827
-4.99733
-5.00955
-5.02467
-5.04241
-5.05627
-5.06625
-5.07092
-5.07141
-5.06888
-5.06663
-5.066
-5.07085
-5.0808
-5.09684
-5.11632
-5.13668
-5.15532
-5.16782
-5.17243
-5.16555
-5.15056
-5.12673
-5.10106
-5.07721
-5.05763
-5.04631
-5.04365
-5.04738
-5.05726
-5.06846
-5.08049
-5.09185
-5.10078
-5.10551
-5.10464
-5.09703
-5.08248
-5.06319
-5.03941
-5.01306
-4.98505
-4.95624
-4.93091
-4.90752
-4.88947
-4.87755
-4.8744
-4.878
-4.88889
-4.90545
-4.92458
-4.94463
-4.96541
-4.98544
-5.00336
-5.01701
-5.02745
-5.03555
-5.04217
-5.04934
-5.05876
-5.07291
-5.09014
-5.10802
-5.12679
-5.14182
-5.15409
-5.15712
-5.15005
-5.13208
-5.1056
-5.07083
-5.0345
-5.00408
-4.98535
-4.98333
-4.996
-5.01907
-5.04613
-5.07327
-5.10015
-5.12377
-5.14632
-5.16446
-5.18004
-5.19112
-5.19793
-5.19994
-5.19965
-5.19552
-5.18794
-5.18127
-5.179
-5.1839
-5.19392
-5.20835
-5.22126
-5.23101
-5.23224
-5.22495
-5.209
-5.18716
-5.16012
-5.13348
-5.10445
-5.07312
-5.0419
-5.0085
-4.97223
-4.93833
-4.91066
-4.89502
-4.89302
-4.90294
-4.92325
-4.94781
-4.97088
-4.99361
-5.01382
-5.03127
-5.04769
-5.06135
-5.07532
-5.08935
-5.10513
-5.12334
-5.14339
-5.16082
-5.17528
-5.183
-5.17971
-5.16554
-5.14252
-5.11315
-5.08323
-5.05845
-5.0431
-5.03943
-5.04647
-5.06196
-5.08115
-5.09909
-5.1182
-5.1369
-5.15558
-5.16934
-5.17768
-5.17657
-5.16496
-5.14451
-5.11638
-5.08384
-5.05157
-5.02158
-4.99784
-4.97875
-4.96253
-4.94888
-4.93726
-4.93115
-4.93475
-4.94504
-4.96142
-4.98467
-5.01216
-5.04213
-5.07323
-5.10031
-5.12082
-5.13059
-5.12879
-5.11302
-5.08936
-5.05895
-5.02934
-5.00527
-4.99062
-4.98439
-4.98123
-4.97934
-4.97296
-4.96283
-4.94982
-4.93748
-4.92889
-4.92456
-4.92552
-4.93126
-4.9409
-4.95358
-4.97061
-4.98755
-5.00357
-5.01791
-5.0318
-5.04453
-5.05817
-5.07551
-5.09386
-5.1099
-5.11934
-5.11816
-5.10523
-5.0814
-5.05025
-5.01585
-4.98513
-4.96308
-4.9534
-4.95749
-4.97225
-4.99092
-5.00886
-5.02026
-5.025
-5.02262
-5.01589
-5.00696
-4.99963
-4.99648
-4.99857
-5.00866
-5.02307
-5.04117
-5.05664
-5.0677
-5.07522
-5.07656
-5.0746
-5.07173
-5.07103
-5.07353
-5.08052
-5.09152
-5.10663
-5.12481
-5.14204
-5.15517
-5.16337
-5.16143
-5.15065
-5.12888
-5.09846
-5.06201
-5.02357
-4.98914
-4.96432
-4.9566
-4.9653
-4.98599
-5.01054
-5.03268
-5.04784
-5.05242
-5.04625
-5.03157
-5.00993
-4.98672
-4.96508
-4.94932
-4.94346
-4.94777
-4.95962
-4.97461
-4.98962
-5.00382
-5.01767
-5.02994
-5.04319
-5.05636
-5.074
-5.0915
-5.1074
-5.11738
-5.11976
-5.11443
-5.10366
-5.09264
-5.08182
-5.07309
-5.06398
-5.05401
-5.04159
-5.02721
-5.01047
-4.99325
-4.97688
-4.96209
-4.95449
-4.9532
-4.96133
-4.98033
-5.00484
-5.03309
-5.05916
-5.08334
-5.10127
-5.11649
-5.12963
-5.13938
-5.14785
-5.15591
-5.16345
-5.16852
-5.17126
-5.17147
-5.17091
-5.16619
-5.15924
-5.15036
-5.13988
-5.12734
-5.1142
-5.09958
-5.08459
-5.07157
-5.06127
-5.05467
-5.05272
-5.05581
-5.06348
-5.07417
-5.08957
-5.11058
-5.13456
-5.15933
-5.18142
-5.19513
-5.1997
-5.19286
-5.17715
-5.15774
-5.1353
-5.1153
-5.10326
-5.0969
-5.09537
-5.09648
-5.09447
-5.08529
-5.06974
-5.0478
-5.02412
-4.99979
-4.98123
-4.97054
-4.96822
-4.97332
-4.97996
-4.98659
-4.99217
-4.99664
-5.00062
-5.00689
-5.01473
-5.02473
-5.03331
-5.04101
-5.04975
-5.05603
-5.0618
-5.06833
-5.07479
-5.08194
-5.09086
-5.09953
-5.10703
-5.11347
-5.12013
-5.12615
-5.12786
-5.12464
-5.11589
-5.1041
-5.09238
-5.08265
-5.07572
-5.06904
-5.06408
-5.06077
-5.06139
-5.06608
-5.07582
-5.09093
-5.10772
-5.12415
-5.13965
-5.15429
-5.16658
-5.17578
-5.18053
-5.18018
-5.17599
-5.1694
-5.15854
-5.14754
-5.1365
-5.12751
-5.12202
-5.1201
-5.12122
-5.12318
-5.12392
-5.12316
-5.12129
-5.11655
-5.10701
-5.09427
-5.08042
-5.06728
-5.05991
-5.0565
-5.05964
-5.0664
-5.07266
-5.07852
-5.08247
-5.08345
-5.08187
-5.07873
-5.07467
-5.07031
-5.06447
-5.05725
-5.04519
-5.02855
-5.00699
-4.98207
-4.95559
-4.93152
-4.91391
-4.90427
-4.90422
-4.91391
-4.9331
-4.95634
-4.98111
-5.00381
-5.0231
-5.03906
-5.04989
-5.05754
-5.06389
-5.06716
-5.06829
-5.06667
-5.06204
-5.05639
-5.04991
-5.04201
-5.03689
-5.03286
-5.03178
-5.03693
-5.04889
-5.06722
-5.09006
-5.11701
-5.14377
-5.1675
-5.18512
-5.1967
-5.19641
-5.18526
-5.16137
-5.12981
-5.09068
-5.0495
-5.0102
-4.9799
-4.958
-4.94543
-4.9349
-4.92474
-4.91153
-4.89374
-4.87124
-4.84928
-4.83054
-4.81902
-4.81665
-4.82508
-4.84304
-4.86617
-4.8919
-4.91731
-4.93942
-4.95717
-4.96864
-4.97709
-4.98281
-4.98467
-4.985
-4.98206
-4.97689
-4.97288
-4.97691
-4.99285
-5.01971
-5.05072
-5.08055
-5.10319
-5.11878
-5.12433
-5.12101
-5.11232
-5.0991
-5.08492
-5.07208
-5.06011
-5.04869
-5.03737
-5.02454
-5.01215
-5.00188
-4.99436
-4.99
-4.98813
-4.98652
-4.98747
-4.99017
-4.9964
-5.00354
-5.01331
-5.02471
-5.03718
-5.04943
-5.0626
-5.07762
-5.09604
-5.11569
-5.13427
-5.14661
-5.1503
-5.14342
-5.12762
-5.10571
-5.08066
-5.0551
-5.02979
-5.00793
-4.99074
-4.97818
-4.97105
-4.96817
-4.97001
-4.97626
-4.98543
-4.99643
-5.00851
-5.01934
-5.02868
-5.03436
-5.03657
-5.03397
-5.03199
-5.0297
-5.02969
-5.03267
-5.03556
-5.03748
-5.03482
-5.02715
-5.01302
-4.9943
-4.97296
-4.94838
-4.92441
-4.90015
-4.8788
-4.86178
-4.85242
-4.85177
-4.86119
-4.87843
-4.90155
-4.92985
-4.95899
-4.98695
-5.01119
-5.03208
-5.04994
-5.06385
-5.07455
-5.08298
-5.08877
-5.0895
-5.0856
-5.07659
-5.06322
-5.04898
-5.03812
-5.03263
-5.03386
-5.04083
-5.0505
-5.05955
-5.066
-5.07067
-5.07154
-5.07139
-5.06918
-5.06423
-5.0554
-5.04515
-5.03616
-5.03313
-5.0362
-5.0478
-5.06548
-5.08657
-5.10857
-5.13088
-5.14919
-5.16082
-5.16453
-5.15841
-5.14316
-5.11993
-5.09035
-5.06077
-5.03638
-5.01756
-5.00451
-4.99345
-4.98221
-4.97183
-4.95775
-4.94567
-4.93791
-4.93956
-4.94603
-4.95819
-4.97393
-4.99162
-5.01197
-5.03407
-5.05611
-5.07783
-5.09588
-5.11137
-5.12424
-5.13025
-5.133
-5.12981
-5.1233
-5.11446
-5.10636
-5.102
-5.09858
-5.09402
-5.08316
-5.06507
-5.04111
-5.01763
-4.9975
-4.98548
-4.97775
-4.97287
-4.96704
-4.95934
-4.94912
-4.93833
-4.92769
-4.92186
-4.92289
-4.93345
-4.95334
-4.97926
-5.00639
-5.03637
-5.06357
-5.08609
-5.10079
-5.10524
-5.10091
-5.09325
-5.08395
-5.0785
-5.07396
-5.06985
-5.06455
-5.05855
-5.05185
-5.04418
-5.03645
-5.02852
-5.02014
-5.01448
-5.01254
-5.01492
-5.02029
-5.0298
-5.04036
-5.04909
-5.05501
-5.05728
-5.05495
-5.04913
-5.04082
-5.03288
-5.02655
-5.01976
-5.01461
-5.01213
-5.01364
-5.01828
-5.02816
-5.03993
-5.05284
-5.06317
-5.06965
-5.0709
-5.07117
-5.06943
-5.07102
-5.07614
-5.08625
-5.09758
-5.11002
-5.12107
-5.129
-5.13219
-5.12875
-5.11922
-5.10351
-5.08183
-5.05954
-5.04143
-5.02915
-5.02922
-5.04093
-5.06247
-5.08802
-5.11101
-5.13129
-5.14338
-5.14592
-5.13893
-5.12419
-5.10137
-5.07253
-5.0394
-5.00553
-4.97103
-4.93681
-4.90457
-4.87804
-4.85786
-4.84557
-4.83991
-4.83916
-4.84505
-4.85722
-4.87677
-4.9013
-4.92589
-4.94669
-4.96042
-4.96508
-4.96668
-4.96782
-4.96988
-4.97592
-4.98357
-4.98691
-4.98596
-4.97872
-4.96923
-4.95984
-4.95472
-4.95551
-4.96228
-4.97287
-4.98341
-4.99
-4.9887
-4.97702
-4.95663
-4.92946
-4.90185
-4.8761
-4.85965
-4.85618
-4.86564
-4.8851
-4.91286
-4.9448
-4.97676
-5.00475
-5.02957
-5.0478
-5.05903
-5.06424
-5.06448
-5.05871
-5.04951
-5.03795
-5.02429
-5.01244
-5.00107
-4.99029
-4.98063
-4.97352
-4.97013
-4.97082
-4.97492
-4.97831
-4.98031
-4.97992
-4.97539
-4.96721
-4.95408
-4.93605
-4.91448
-4.89157
-4.87209
-4.8585
-4.85438
-4.8589
-4.8712
-4.88981
-4.91249
-4.93924
-4.96824
-5.00169
-5.03532
-5.067
-5.09699
-5.12289
-5.14519
-5.15894
-5.16562
-5.16454
-5.15587
-5.14105
-5.12151
-5.09847
-5.07629
-5.05778
-5.0435
-5.03424
-5.02983
-5.02969
-5.03034
-5.03005
-5.02643
-5.01809
-5.00517
-4.98873
-4.97057
-4.95446
-4.94413
-4.94301
-4.95021
-4.96046
-4.97301
-4.98249
-4.98935
-4.99323
-4.99679
-4.99583
-4.99322
-4.98711
-4.97909
-4.96988
-4.96139
-4.95626
-4.95711
-4.96621
-4.98185
-5.00223
-5.02424
-5.04649
-5.06697
-5.08431
-5.09805
-5.10756
-5.11254
-5.11304
-5.10794
-5.10171
-5.09516
-5.09141
-5.09013
-5.09352
-5.09788
-5.10134
-5.10267
-5.10111
-5.09482
-5.08771
-5.08053
-5.07614
-5.07657
-5.08412
-5.09964
-5.12101
-5.14383
-5.15925
-5.16404
-5.15309
-5.12921
-5.09717
-5.06705
-5.04394
-5.02868
-5.02149
-5.01864
-5.01878
-5.0173
-5.01512
-5.01362
-5.01334
-5.01502
-5.01737
-5.02042
-5.02543
-5.0327
-5.04096
-5.04791
-5.05547
-5.0641
-5.07364
-5.0843
-5.09499
-5.10531
-5.1133
-5.12126
-5.12817
-5.13341
-5.13783
-5.13977
-5.13939
-5.13551
-5.12943
-5.11978
-5.10459
-5.0898
-5.07366
-5.05872
-5.05068
-5.04842
-5.05471
-5.07051
-5.09443
-5.12237
-5.15311
-5.18292
-5.21077
-5.23161
-5.2444
-5.24737
-5.23899
-5.21763
-5.18785
-5.15187
-5.11338
-5.078
-5.0527
-5.03561
-5.03028
-5.03578
-5.0489
-5.06674
-5.08584
-5.10159
-5.1142
-5.12229
-5.12378
-5.119
-5.11003
-5.09962
-5.08856
-5.07834
-5.06915
-5.06007
-5.05092
-5.04318
-5.03424
-5.02552
-5.01636
-5.01008
-5.00838
-5.01604
-5.02909
-5.04445
-5.05917
-5.07006
-5.07969
-5.08867
-5.09953
-5.11053
-5.12276
-5.13454
-5.14095
-5.1443
-5.14263
-5.13499
-5.12338
-5.10834
-5.09122
-5.07278
-5.05448
-5.04122
-5.03269
-5.02997
-5.03629
-5.0517
-5.07477
-5.10303
-5.13107
-5.15543
-5.17264
-5.17882
-5.17376
-5.15877
-5.13539
-5.10667
-5.07604
-5.04555
-5.02048
-5.00185
-4.99179
-4.98924
-4.99091
-4.99238
-4.99232
-4.9858
-4.97666
-4.96573
-4.961
-4.96369
-4.97513
-4.99277
-5.0096
-5.02523
-5.0378
-5.04979
-5.0617
-5.07416
-5.086
-5.09672
-5.10629
-5.11423
-5.11975
-5.12539
-5.12836
-5.12732
-5.1219
-5.10969
-5.08811
-5.05936
-5.02468
-4.98615
-4.94965
-4.91621
-4.89155
-4.87596
-4.87156
-4.87389
-4.88409
-4.89802
-4.91378
-4.92772
-4.93965
-4.95
-4.95823
-4.9671
-4.97253
-4.97349
-4.9686
-4.95751
-4.94007
-4.91875
-4.89741
-4.88444
-4.87852
-4.88356
-4.89783
-4.91698
-4.94084
-4.96414
-4.98591
-5.00585
-5.02468
-5.04132
-5.05802
-5.07391
-5.08757
-5.09758
-5.10302
-5.1011
-5.09298
-5.07612
-5.05209
-5.02422
-4.99605
-4.97354
-4.96271
-4.96527
-4.97702
-4.99646
-5.01776
-5.03737
-5.05452
-5.06657
-5.07004
-5.06566
-5.05384
-5.03812
-5.01786
-4.99967
-4.98895
-4.98567
-4.99317
-5.00656
-5.02473
-5.04213
-5.05661
-5.06442
-5.06448
-5.0567
-5.04477
-5.0281
-5.01223
-5.00011
-4.99027
-4.98392
-4.97879
-4.97614
-4.97687
-4.98291
-4.99376
-5.01201
-5.03312
-5.05554
-5.07582
-5.09147
-5.10015
-5.10252
-5.10026
-5.09524
-5.08948
-5.07955
-5.067
-5.04986
-5.02377
-4.98976
-4.94999
-4.90443
-4.86164
-4.82521
-4.80501
-4.80568
-4.8279
-4.86706
-4.91294
-4.95899
-4.99669
-5.02341
-5.03807
-5.04215
-5.03978
-5.03426
-5.02622
-5.01888
-5.0119
-5.00599
-5.00144
-5.00055
-5.00319
-5.01192
-5.02456
-5.03835
-5.05166
-5.06275
-5.06775
-5.06934
-5.06451
-5.05774
-5.04853
-5.04327
-5.04365
-5.05177
-5.06754
-5.08812
-5.11065
-5.13057
-5.14597
-5.15539
-5.15426
-5.14262
-5.12634
-5.10307
-5.0781
-5.05335
-5.03096
-5.01041
-4.9956
-4.98725
-4.98377
-4.98354
-4.98492
-4.98889
-4.99604
-5.00426
-5.01368
-5.02152
-5.02529
-5.02541
-5.02257
-5.01936
-5.01899
-5.02733
-5.04344
-5.06244
-5.07951
-5.09073
-5.09606
-5.0939
-5.08739
-5.07851
-5.06506
-5.05038
-5.03349
-5.01991
-5.01237
-5.01309
-5.02564
-5.04499
-5.06703
-5.08457
-5.09487
-5.09539
-5.08434
-5.06271
-5.0327
-4.99597
-4.95652
-4.91824
-4.88581
-4.86291
-4.85122
-4.85263
-4.86686
-4.89116
-4.92073
-4.95432
-4.98586
-5.01151
-5.0304
-5.04027
-5.04455
-5.0459
-5.0498
-5.05832
-5.07445
-5.09422
-5.11649
-5.13846
-5.15955
-5.17688
-5.19306
-5.20556
-5.21429
-5.21859
-5.21805
-5.21363
-5.20459
-5.19122
-5.17742
-5.16159
-5.14489
-5.12576
-5.10698
-5.08953
-5.07699
-5.07125
-5.07241
-5.08066
-5.09397
-5.10751
-5.11857
-5.12422
-5.12134
-5.11292
-5.0976
-5.08119
-5.06625
-5.05462
-5.04905
-5.04939
-5.05248
-5.05541
-5.05858
-5.06003
-5.06199
-5.06204
-5.05913
-5.05631
-5.05071
-5.04261
-5.03508
-5.03233
-5.03724
-5.05004
-5.06398
-5.0746
-5.07812
-5.07418
-5.06603
-5.05621
-5.04904
-5.04771
-5.05334
-5.06766
-5.08763
-5.11062
-5.13364
-5.15339
-5.16744
-5.17064
-5.1662
-5.15357
-5.13768
-5.11735
-5.09494
-5.06989
-5.04371
-5.01655
-4.98953
-4.96554
-4.94768
-4.93806
-4.94025
-4.95202
-4.97015
-4.98788
-5.00064
-5.00809
-5.01047
-5.00892
-5.00383
-4.99877
-4.99477
-4.99282
-4.99189
-4.99444
-4.99771
-5.00365
-5.008
-5.01053
-5.01176
-5.01208
-5.01124
-5.01023
-5.01034
-5.01243
-5.01355
-5.01411
-5.01354
-5.01252
-5.01232
-5.01226
-5.0163
-5.02356
-5.03025
-5.03178
-5.02892
-5.02409
-5.01975
-5.01756
-5.01815
-5.02274
-5.02819
-5.03346
-5.03448
-5.0365
-5.03752
-5.03881
-5.03992
-5.04323
-5.04737
-5.05262
-5.05759
-5.0612
-5.06561
-5.07067
-5.07733
-5.08709
-5.09561
-5.10666
-5.11936
-5.13027
-5.13834
-5.142
-5.13861
-5.12887
-5.11344
-5.09569
-5.07723
-5.06264
-5.05516
-5.05221
-5.05191
-5.05156
-5.04824
-5.04004
-5.02751
-5.01278
-4.99935
-4.98936
-4.98198
-4.97716
-4.97288
-4.96538
-4.95266
-4.93441
-4.91342
-4.89089
-4.87284
-4.86436
-4.86815
-4.88559
-4.90911
-4.93271
-4.94855
-4.95469
-4.94987
-4.93808
-4.92258
-4.91116
-4.90635
-4.90697
-4.91527
-4.92735
-4.94186
-4.9587
-4.97529
-4.99135
-5.00977
-5.02617
-5.04405
-5.06185
-5.07918
-5.09697
-5.10962
-5.11428
-5.11327
-5.10573
-5.09221
-5.07576
-5.05681
-5.0367
-5.01658
-4.99994
-4.98699
-4.9798
-4.97764
-4.9769
-4.9759
-4.97331
-4.96768
-4.96411
-4.96536
-4.9744
-4.99026
-5.01084
-5.0348
-5.05957
-5.08246
-5.10282
-5.11812
-5.12824
-5.13365
-5.13588
-5.13801
-5.1383
-5.13637
-5.13014
-5.12059
-5.10566
-5.0892
-5.0728
-5.05554
-5.03946
-5.02242
-5.00732
-4.99328
-4.98043
-4.96765
-4.95518
-4.94496
-4.94112
-4.94504
-4.95464
-4.96911
-4.98569
-5.00046
-5.01352
-5.0225
-5.02812
-5.02875
-5.02515
-5.01889
-5.01205
-5.00445
-4.99772
-4.98995
-4.9812
-4.97079
-4.95916
-4.94223
-4.9196
-4.89667
-4.8787
-4.87308
-4.8847
-4.91215
-4.94921
-4.98771
-5.02255
-5.05065
-5.07426
-5.09304
-5.10447
-5.11122
-5.11544
-5.11595
-5.11229
-5.10524
-5.0975
-5.0871
-5.07589
-5.06341
-5.05278
-5.04424
-5.03885
-5.03575
-5.03401
-5.03239
-5.02895
-5.02447
-5.01968
-5.01293
-5.00456
-4.99989
-4.9937
-4.98999
-4.98675
-4.98621
-4.98813
-4.99219
-4.99561
-4.99845
-4.99991
-5.00102
-5.00328
-5.00822
-5.01522
-5.02643
-5.03541
-5.04464
-5.05149
-5.05415
-5.05098
-5.04462
-5.03481
-5.02307
-5.01231
-5.00267
-4.9927
-4.98471
-4.97831
-4.97178
-4.96865
-4.9713
-4.98279
-5.005
-5.03568
-5.0728
-5.11161
-5.14889
-5.17996
-5.2036
-5.21528
-5.2164
-5.20375
-5.17959
-5.14772
-5.11157
-5.07629
-5.04457
-5.02074
-5.00389
-4.99222
-4.98703
-4.98704
-4.9907
-4.99822
-5.00938
-5.02253
-5.03264
-5.04087
-5.04132
-5.03237
-5.0147
-4.98829
-4.95536
-4.9232
-4.89565
-4.87716
-4.86919
-4.87303
-4.8867
-4.90675
-4.93097
-4.95833
-4.98535
-5.01206
-5.03683
-5.06044
-5.07918
-5.09568
-5.10961
-5.11952
-5.12589
-5.1282
-5.1229
-5.11088
-5.09213
-5.06815
-5.04308
-5.01645
-4.99431
-4.97826
-4.97026
-4.96858
-4.97169
-4.9763
-4.97699
-4.97427
-4.96633
-4.95616
-4.94549
-4.93786
-4.93446
-4.93482
-4.94086
-4.94929
-4.96102
-4.9735
-4.98537
-4.99586
-5.0049
-5.01081
-5.01541
-5.02024
-5.02276
-5.02601
-5.02914
-5.03498
-5.04293
-5.04977
-5.05345
-5.05277
-5.04659
-5.03319
-5.01657
-4.99857
-4.98058
-4.96734
-4.96363
-4.97264
-4.99587
-5.02955
-5.07083
-5.11296
-5.1491
-5.17615
-5.18969
-5.19267
-5.1834
-5.1656
-5.14073
-5.11306
-5.08436
-5.05656
-5.03185
-5.01187
-4.99623
-4.98627
-4.98185
-4.98005
-4.98372
-4.9904
-5.00054
-5.01289
-5.02937
-5.04504
-5.06218
-5.07883
-5.09285
-5.1022
-5.10671
-5.10719
-5.10227
-5.09528
-5.08856
-5.08467
-5.0826
-5.08334
-5.08607
-5.08865
-5.09291
-5.09645
-5.10016
-5.10585
-5.11123
-5.11738
-5.12378
-5.12819
-5.13433
-5.13963
-5.14687
-5.15539
-5.16599
-5.17641
-5.18298
-5.18695
-5.18427
-5.17481
-5.16124
-5.14626
-5.13074
-5.11762
-5.10567
-5.09678
-5.08805
-5.07804
-5.06834
-5.05724
-5.04345
-5.02386
-4.99947
-4.96882
-4.93878
-4.91724
-4.91578
-4.93465
-4.96921
-5.01039
-5.05423
-5.09512
-5.12723
-5.15141
-5.16458
-5.16713
-5.16137
-5.14909
-5.13512
-5.12723
-5.12905
-5.14142
-5.16203
-5.18743
-5.21219
-5.23595
-5.25212
-5.26034
-5.26027
-5.25295
-5.2393
-5.22047
-5.20041
-5.1804
-5.16008
-5.1393
-5.11631
-5.09095
-5.06232
-5.03367
-5.00356
-4.9761
-4.95143
-4.93429
-4.92249
-4.9173
-4.9179
-4.92487
-4.93577
-4.95171
-4.9736
-5.00061
-5.03078
-5.06129
-5.08912
-5.11348
-5.13263
-5.14536
-5.15059
-5.14958
-5.14047
-5.12665
-5.11152
-5.10034
-5.09367
-5.09455
-5.10316
-5.11861
-5.13573
-5.15195
-5.16645
-5.17287
-5.17311
-5.16711
-5.15515
-5.13914
-5.12271
-5.10574
-5.09092
-5.08093
-5.0732
-5.07001
-5.06756
-5.06488
-5.06092
-5.05544
-5.05044
-5.04209
-5.0304
-5.0141
-4.99207
-4.96307
-4.93305
-4.90408
-4.88203
-4.87139
-4.87489
-4.89265
-4.91984
-4.95097
-4.98188
-5.00803
-5.02765
-5.04237
-5.05335
-5.05892
-5.06184
-5.06368
-5.06307
-5.06345
-5.06351
-5.06212
-5.06083
-5.0574
-5.05467
-5.05175
-5.05192
-5.0561
-5.06528
-5.07487
-5.08419
-5.09056
-5.09279
-5.09047
-5.08543
-5.0781
-5.06995
-5.06277
-5.05598
-5.0497
-5.04591
-5.04308
-5.04221
-5.04423
-5.04864
-5.05381
-5.05832
-5.06272
-5.06496
-5.06807
-5.06984
-5.07377
-5.08042
-5.08983
-5.10143
-5.11144
-5.11805
-5.11875
-5.11498
-5.1082
-5.09609
-5.08279
-5.06812
-5.05353
-5.04098
-5.0296
-5.0205
-5.01172
-5.00407
-4.99741
-4.99498
-4.99458
-4.99749
-4.99741
-4.99728
-4.99786
-5.00301
-5.01408
-5.03106
-5.05248
-5.07324
-5.09215
-5.10803
-5.12061
-5.13041
-5.13851
-5.14416
-5.14991
-5.15385
-5.157
-5.1564
-5.1517
-5.14462
-5.13255
-5.11808
-5.10254
-5.08491
-5.067
-5.05001
-5.03596
-5.02079
-5.00796
-4.99842
-4.99071
-4.98685
-4.98679
-4.98759
-4.98881
-4.99027
-4.99133
-4.992
-4.99382
-4.99516
-4.99676
-4.99698
-4.9939
-4.98469
-4.96895
-4.94644
-4.92041
-4.89715
-4.88144
-4.87604
-4.88084
-4.89416
-4.90939
-4.92597
-4.94171
-4.95441
-4.9622
-4.97054
-4.97429
-4.97804
-4.97651
-4.96988
-4.95866
-4.94503
-4.93192
-4.92215
-4.9156
-4.91138
-4.90733
-4.90452
-4.90173
-4.89943
-4.89937
-4.90327
-4.91489
-4.93261
-4.95749
-4.98866
-5.02141
-5.05405
-5.0834
-5.10807
-5.12695
-5.14141
-5.1513
-5.1588
-5.16344
-5.16295
-5.16044
-5.15228
-5.13958
-5.12292
-5.10429
-5.08563
-5.06929
-5.05414
-5.0406
-5.02636
-5.01135
-4.99442
-4.97565
-4.95564
-4.93517
-4.91608
-4.90154
-4.89532
-4.89601
-4.90527
-4.92125
-4.93851
-4.95327
-4.96201
-4.96411
-4.95825
-4.94942
-4.94067
-4.9329
-4.92968
-4.93177
-4.93448
-4.93756
-4.94015
-4.94344
-4.94592
-4.95049
-4.95846
-4.97286
-4.99166
-5.01329
-5.0379
-5.06073
-5.07966
-5.09567
-5.10299
-5.10359
-5.09986
-5.08978
-5.07695
-5.06488
-5.05535
-5.04904
-5.04388
-5.03854
-5.03021
-5.02009
-5.008
-4.99486
-4.98194
-4.97245
-4.96589
-4.96362
-4.96328
-4.96686
-4.9738
-4.98164
-4.99203
-5.00649
-5.01865
-5.03017
-5.04027
-5.04703
-5.0501
-5.05009
-5.04845
-5.04602
-5.04546
-5.04759
-5.05156
-5.05608
-5.05558
-5.04931
-5.03439
-5.01274
-4.9854
-4.95782
-4.93535
-4.92417
-4.92526
-4.93944
-4.95973
-4.98194
-4.99842
-5.00797
-5.01052
-5.00847
-5.00261
-4.99476
-4.98613
-4.98008
-4.97838
-4.98136
-4.99047
-5.00313
-5.0176
-5.03029
-5.0386
-5.03995
-5.03364
-5.02224
-5.00776
-4.99152
-4.98098
-4.97691
-4.97883
-4.9849
-4.99271
-5.00167
-5.0082
-5.01172
-5.01349
-5.01498
-5.01614
-5.01605
-5.0158
-5.01591
-5.01487
-5.01495
-5.0144
-5.02023
-5.02974
-5.04376
-5.05979
-5.07421
-5.08171
-5.08058
-5.07155
-5.05692
-5.03941
-5.01839
-4.99819
-4.97919
-4.96198
-4.94911
-4.93673
-4.92381
-4.90993
-4.89368
-4.87499
-4.85374
-4.8335
-4.81694
-4.80771
-4.80709
-4.81762
-4.84124
-4.87693
-4.92052
-4.96661
-5.00954
-5.04291
-5.06595
-5.07648
-5.07449
-5.06212
-5.0385
-5.0104
-4.98377
-4.96472
-4.96241
-4.97963
-5.01011
-5.04016
-5.05903
-5.06262
-5.05217
-5.02937
-5.00079
-4.97204
-4.94674
-4.92935
-4.91884
-4.91771
-4.92253
-4.93438
-4.9494
-4.96731
-4.98432
-4.99608
-5.00328
-5.00523
-5.00129
-4.99226
-4.98333
-4.97752
-4.97902
-4.988
-5.00662
-5.03001
-5.05698
-5.0828
-5.10396
-5.11958
-5.12872
-5.13039
-5.12758
-5.11793
-5.10268
-5.08181
-5.05994
-5.03917
-5.0232
-5.01423
-5.01308
-5.02042
-5.03495
-5.05047
-5.06531
-5.07412
-5.07638
-5.07247
-5.06631
-5.05922
-5.05601
-5.05604
-5.05288
-5.04908
-5.04166
-5.03249
-5.02415
-5.01722
-5.01561
-5.01855
-5.0275
-5.04131
-5.06185
-5.08393
-5.10646
-5.12623
-5.14141
-5.15117
-5.1547
-5.14956
