2.58752
2.55471
2.55915
2.59561
2.65247
2.71393
2.76468
2.79581
2.80697
2.80471
2.80095
2.81044
2.84199
2.88804
2.92901
2.94847
2.941
2.91095
2.86986
2.83418
2.81837
2.82538
2.84629
2.8702
2.89041
2.90295
2.90396
2.89046
2.86267
2.82519
2.7857
2.75086
2.72234
2.69552
2.66324
2.62266
2.58102
2.55299
2.54801
2.56322
2.59184
2.63107
2.68025
2.73758
2.79938
2.86076
2.91622
2.96047
2.98992
3.00482
3.01079
3.01636
3.02575
3.03588
3.04232
3.04514
3.04803
3.05413
3.0635
3.07349
3.08078
3.0835
3.08238
3.08027
3.08019
3.08311
3.0869
3.08724
3.07931
3.05939
3.0265
2.98451
2.94359
2.91733
2.91522
2.93664
2.97178
3.00708
3.03136
3.03918
3.03053
3.00846
2.97685
2.93925
2.89842
2.85598
2.81283
2.77041
2.731
2.6964
2.66672
2.64148
2.62201
2.61186
2.61356
2.626
2.64466
2.66307
2.67469
2.67645
2.67272
2.67517
2.69473
2.73109
2.77322
2.80939
2.83271
2.84008
2.83113
2.80844
2.77689
2.74227
2.71131
2.6924
2.6943
2.7221
2.77404
2.84196
2.91421
2.97937
3.03
3.06337
3.07944
3.07843
3.06062
3.02754
2.98269
2.93212
2.8854
2.85562
2.85411
2.88155
2.925
2.96534
2.98741
2.98485
2.95984
2.9208
2.87816
2.83834
2.80018
2.75967
2.72072
2.69928
2.70988
2.74979
2.80331
2.85611
2.90127
2.93735
2.96489
2.98459
2.99682
3.0016
2.99852
2.98758
2.97062
2.9516
2.93542
2.92652
2.92855
2.94468
2.97575
3.0164
3.05579
3.08398
3.09609
3.08927
3.05946
3.00655
2.94206
2.88368
2.83906
2.80511
2.78077
2.76961
2.77256
2.78386
2.79341
2.79164
2.77487
2.7478
2.72018
2.69876
2.68231
2.66507
2.64692
2.63911
2.65442
2.69122
2.73525
2.77326
2.7992
2.81341
2.82035
2.82544
2.83101
2.83469
2.8327
2.82421
2.81044
2.79099
2.76435
2.73169
2.6986
2.67274
2.6597
2.65998
2.66824
2.67567
2.6744
2.66322
2.6528
2.66439
2.71255
2.7883
2.86949
2.93981
2.99239
3.02504
3.03655
3.02621
2.99531
2.95021
2.90387
2.87221
2.86531
2.88044
2.90496
2.92685
2.94212
2.95396
2.96663
2.98011
2.98965
2.98894
2.97371
2.94338
2.90118
2.85289
2.80461
2.76148
2.72854
2.71144
2.71438
2.73673
2.77069
2.80224
2.81658
2.80552
2.7719
2.72734
2.68485
2.65246
2.63318
2.6281
2.63689
2.65754
2.68847
2.7297
2.77957
2.83052
2.86969
2.88495
2.87236
2.83994
2.8034
2.77561
2.75965
2.75091
2.74298
2.73222
2.72086
2.71634
2.72573
2.75008
2.78374
2.81866
2.84914
2.87375
2.89445
2.91361
2.93052
2.94088
2.94154
2.93561
2.93157
2.93674
2.95154
2.96882
2.97829
2.97178
2.94628
2.90399
2.85089
2.79604
2.75106
2.72746
2.73098
2.75775
2.79659
2.83532
2.86683
2.89106
2.91201
2.93278
2.95219
2.96513
2.96577
2.95076
2.92005
2.87664
2.82649
2.77799
2.74006
2.71894
2.71406
2.71859
2.72698
2.73958
2.75742
2.77639
2.78884
2.78932
2.77859
2.76453
2.75884
2.77043
2.80051
2.84107
2.87619
2.89035
2.87816
2.84717
2.81392
2.79562
2.80026
2.82243
2.85201
2.88399
2.91624
2.94403
2.9619
2.96766
2.96363
2.95478
2.94568
2.93818
2.93079
2.92034
2.90414
2.88117
2.85228
2.82063
2.7919
2.77233
2.76498
2.76772
2.77422
2.77687
2.76989
2.7518
2.72616
2.7008
2.68482
2.6841
2.69822
2.72161
2.74677
2.76632
2.77503
2.77307
2.767
2.76545
2.77319
2.78856
2.80577
2.81916
2.82611
2.82731
2.8255
2.8241
2.82686
2.83744
2.85879
2.89129
2.93087
2.96797
2.98919
2.98157
2.9397
2.87486
2.81837
2.80402
2.83909
2.90082
2.95929
2.9959
3.0069
2.9993
2.98525
2.97668
2.98078
2.99825
3.0247
3.0539
3.08018
3.09947
3.10939
3.10962
3.10203
3.08961
3.07412
3.05355
3.02262
2.97829
2.92526
2.87454
2.83619
2.81374
2.80488
2.80533
2.81168
2.82203
2.83465
2.84657
2.85415
2.85524
2.85142
2.84806
2.85132
2.86327
2.87952
2.89178
2.89236
2.87683
2.84435
2.79748
2.74177
2.68511
2.63571
2.59797
2.57076
2.55171
2.5423
2.54716
2.5685
2.60294
2.64341
2.68347
2.72021
2.7544
2.78844
2.82345
2.8575
2.8873
2.9127
2.937
2.95997
2.97397
2.96903
2.93979
2.88806
2.82305
2.75928
2.70986
2.67906
2.66302
2.65627
2.6577
2.6749
2.72028
2.79302
2.87097
2.92971
2.95952
2.96388
2.9515
2.93087
2.90822
2.88696
2.86752
2.84805
2.82652
2.80407
2.78705
2.78286
2.79097
2.80216
2.8082
2.80857
2.8086
2.81335
2.82288
2.83261
2.8377
2.83618
2.82838
2.81468
2.79492
2.77001
2.7433
2.71991
2.70331
2.6922
2.68228
2.6735
2.67397
2.69151
2.724
2.76367
2.80503
2.8446
2.87771
2.89801
2.89863
2.87431
2.82445
2.75684
2.6903
2.65165
2.66191
2.7174
2.79028
2.85153
2.88671
2.89457
2.87998
2.84867
2.80542
2.75519
2.70556
2.66697
2.64841
2.65187
2.67107
2.69482
2.71232
2.71856
2.71738
2.71785
2.72571
2.73985
2.75605
2.76991
2.77685
2.77257
2.75583
2.73175
2.71189
2.70931
2.7306
2.77123
2.81903
2.86225
2.89284
2.90509
2.8969
2.87518
2.85738
2.86205
2.89421
2.94163
2.98468
3.00769
3.00293
2.96856
2.90636
2.82211
2.72916
2.65346
2.62789
2.66351
2.73297
2.79923
2.84393
2.86692
2.87516
2.87627
2.87737
2.884
2.89747
2.91406
2.92706
2.92955
2.91654
2.88694
2.84448
2.79673
2.75248
2.71909
2.70105
2.69914
2.70966
2.72505
2.73794
2.74648
2.75618
2.77474
2.80382
2.83667
2.86323
2.87669
2.87648
2.86714
2.8537
2.83701
2.81346
2.77938
2.73518
2.68711
2.64599
2.62282
2.62248
2.641
2.6682
2.69276
2.70667
2.70762
2.69889
2.68668
2.67712
2.67412
2.67836
2.68682
2.6937
2.69511
2.69509
2.7038
2.72654
2.75667
2.78118
2.79084
2.78556
2.7728
2.76274
2.76384
2.78152
2.81888
2.87467
2.94041
3.00188
3.0456
3.06523
3.0625
3.04233
3.00918
2.96808
2.92472
2.88394
2.85017
2.82721
2.81598
2.81334
2.81426
2.81555
2.81666
2.81748
2.818
2.81985
2.8254
2.83557
2.85066
2.87127
2.89515
2.9148
2.92183
2.91408
2.89714
2.87932
2.86499
2.85195
2.8341
2.80644
2.76973
2.73436
2.71947
2.73905
2.78585
2.8388
2.88141
2.9066
2.91252
2.8997
2.87064
2.82972
2.78374
2.74269
2.71726
2.71359
2.73094
2.76385
2.8042
2.84232
2.86932
2.87991
2.87324
2.85136
2.8172
2.77343
2.72282
2.66997
2.62324
2.59462
2.59484
2.62699
2.68467
2.75516
2.82355
2.87657
2.90681
2.91554
2.91169
2.90621
2.90628
2.91392
2.92819
2.94625
2.96361
2.97592
2.98064
2.97648
2.96135
2.93213
2.88741
2.83
2.7669
2.70849
2.66691
2.65134
2.66014
2.67968
2.6946
2.69905
2.69927
2.706
2.72412
2.74957
2.77411
2.79056
2.79567
2.79048
2.77847
2.76385
2.75145
2.74751
2.75911
2.78789
2.82396
2.85413
2.87383
2.88628
2.89489
2.89937
2.89718
2.88722
2.87248
2.85999
2.85759
2.86926
2.89253
2.92073
2.94782
2.96918
2.97863
2.96903
2.93919
2.89977
2.86938
2.8603
2.86986
2.88643
2.89995
2.90535
2.89912
2.87775
2.84174
2.79988
2.76767
2.75851
2.77526
2.80985
2.85041
2.88749
2.91549
2.9317
2.93593
2.93055
2.91973
2.9081
2.8996
2.89723
2.90303
2.91693
2.93631
2.95796
2.98054
3.00532
3.03383
3.06444
3.09136
3.107
3.10588
3.08675
3.05177
3.00434
2.9478
2.88618
2.82716
2.78453
2.77241
2.791
2.82344
2.85081
2.86407
2.86337
2.85321
2.83924
2.82737
2.82288
2.82903
2.84537
2.86793
2.89114
2.9105
2.92358
2.92919
2.92639
2.91557
2.89993
2.88403
2.87059
2.86036
2.85524
2.85969
2.87709
2.90443
2.93148
2.94512
2.93448
2.89451
2.82822
2.74728
2.66919
2.61141
2.58608
2.59849
2.64545
2.71352
2.78371
2.84032
2.87633
2.89402
2.90142
2.90618
2.91102
2.91349
2.90891
2.89387
2.86999
2.84476
2.82731
2.82123
2.82254
2.82524
2.82831
2.83762
2.86106
2.90135
2.95307
3.00578
3.04962
3.07856
3.09105
3.08795
3.06966
3.03595
2.98828
2.931
2.87018
2.8131
2.76806
2.74298
2.74285
2.76774
2.81253
2.86956
2.93136
2.99074
3.04043
3.0742
3.08834
3.08262
3.06056
3.0277
2.98755
2.93878
2.87928
2.81544
2.7667
2.75408
2.77962
2.82475
2.86867
2.90078
2.91855
2.92328
2.91871
2.9094
2.8987
2.88806
2.87737
2.86556
2.85184
2.8371
2.824
2.81514
2.81115
2.81011
2.80896
2.80563
2.79839
2.78341
2.75523
2.71191
2.65903
2.60815
2.57017
2.54965
2.54382
2.54575
2.54853
2.54789
2.54336
2.53856
2.53959
2.55085
2.57109
2.59282
2.60635
2.60612
2.59651
2.59381
2.6171
2.66733
2.72371
2.76578
2.78609
2.7864
2.77282
2.75374
2.73656
2.72287
2.70735
2.68361
2.65388
2.63381
2.64038
2.67086
2.70525
2.72777
2.73705
2.74224
2.75401
2.77753
2.81146
2.85064
2.88855
2.91849
2.93437
2.93162
2.90813
2.86523
2.80872
2.74828
2.69431
2.65309
2.62425
2.6036
2.5888
2.58175
2.58514
2.59879
2.62275
2.66332
2.72851
2.81318
2.89595
2.95447
2.97736
2.96346
2.91708
2.84578
2.7612
2.68075
2.62591
2.61329
2.64384
2.70187
2.76509
2.81591
2.84706
2.86079
2.86452
2.86693
2.87588
2.89727
2.9337
2.98302
3.03806
3.0889
3.12611
3.14272
3.13512
3.10425
3.05678
3.00464
2.96184
2.93968
2.94172
2.96166
2.98622
3.00183
3.00063
2.9823
2.95136
2.91207
2.86535
2.8098
2.74612
2.68057
2.62259
2.57666
2.53935
2.50757
2.48561
2.4809
2.49543
2.52211
2.54921
2.56859
2.58102
2.59407
2.61401
2.63773
2.65445
2.65676
2.64877
2.64265
2.64747
2.66204
2.67657
2.67918
2.66162
2.62357
2.57501
2.53391
2.51734
2.53215
2.57421
2.6346
2.70305
2.76749
2.8166
2.84555
2.85809
2.86303
2.86934
2.88338
2.90744
2.93931
2.97307
3.00104
3.01542
3.00991
2.98148
2.93263
2.87267
2.81602
2.77562
2.75597
2.75351
2.76314
2.78226
2.81017
2.84661
2.89112
2.93962
2.98222
3.00784
3.01045
2.99073
2.95385
2.90687
2.85605
2.805
2.75492
2.70822
2.67341
2.66341
2.68504
2.73069
2.78232
2.82214
2.83945
2.832
2.80504
2.76935
2.73847
2.72461
2.73378
2.76333
2.80421
2.84567
2.87869
2.89735
2.89949
2.88689
2.86444
2.83786
2.81057
2.78149
2.74593
2.70133
2.65469
2.62256
2.61739
2.63547
2.6641
2.6944
2.72342
2.75072
2.77688
2.80293
2.82946
2.85546
2.87873
2.89699
2.90779
2.90739
2.89361
2.8748
2.87178
2.89732
2.94123
2.98628
3.02243
3.0456
3.05543
3.05437
3.04523
3.02924
3.00687
2.98007
2.95326
2.93201
2.92023
2.91791
2.92092
2.92289
2.91732
2.90046
2.87547
2.85339
2.84376
2.8436
2.84247
2.83388
2.81759
2.79672
2.77615
2.762
2.76076
2.77695
2.81017
2.85357
2.89575
2.92544
2.93531
2.92367
2.89454
2.85551
2.81391
2.77397
2.7372
2.70537
2.68204
2.67162
2.67719
2.69835
2.7307
2.76734
2.80051
2.82223
2.82536
2.80715
2.77437
2.74433
2.73432
2.74739
2.77332
2.80095
2.82499
2.84503
2.8627
2.87951
2.89637
2.91383
2.93079
2.94209
2.94001
2.92021
2.8864
2.84927
2.81975
2.8017
2.79294
2.79339
2.8083
2.84158
2.88957
2.94303
2.99286
3.03254
3.05717
3.06278
3.04748
3.01377
2.9695
2.92418
2.88241
2.84335
2.80629
2.77407
2.75028
2.73536
2.72647
2.72012
2.71308
2.70164
2.68201
2.65163
2.61133
2.56874
2.54157
2.55376
2.61958
2.7274
2.8462
2.94892
3.02381
3.06964
3.08882
3.08518
3.06474
3.03468
3.00015
2.96272
2.92276
2.88266
2.84811
2.82617
2.82088
2.82989
2.84308
2.84683
2.83338
2.80597
2.77514
2.75095
2.73665
2.72878
2.72255
2.71667
2.7146
2.72237
2.74517
2.78523
2.84009
2.8995
2.9472
2.97114
2.9708
2.95473
2.93274
2.91006
2.88781
2.868
2.85665
2.85876
2.87013
2.87939
2.87811
2.86499
2.84118
2.8064
2.76258
2.72012
2.69808
2.71213
2.75709
2.81001
2.85172
2.87701
2.89021
2.89843
2.90594
2.91129
2.9092
2.89535
2.86974
2.83726
2.80519
2.77852
2.75716
2.7388
2.7236
2.71527
2.71788
2.73309
2.76035
2.79458
2.82321
2.83369
2.82389
2.80131
2.77455
2.74676
2.71577
2.67884
2.63677
2.59516
2.56492
2.56217
2.60077
2.67853
2.77658
2.87528
2.96471
3.04156
3.10258
3.14253
3.15663
3.14356
3.10639
3.0522
2.99167
2.93803
2.90344
2.89275
2.90002
2.91284
2.92053
2.91886
2.90885
2.89261
2.87016
2.83973
2.80098
2.75809
2.71978
2.69575
2.69278
2.7121
2.74807
2.78864
2.81919
2.82782
2.8088
2.76486
2.71103
2.67174
2.66158
2.67393
2.69849
2.73444
2.78382
2.84326
2.90387
2.9558
2.99156
3.00687
3.00017
2.97287
2.92945
2.87589
2.81733
2.75759
2.70168
2.65777
2.63425
2.63376
2.6504
2.67299
2.69134
2.70176
2.70977
2.7267
2.75879
2.79936
2.83517
2.85672
2.86162
2.85309
2.8383
2.82537
2.81942
2.81991
2.82204
2.82083
2.81386
2.80137
2.78565
2.7708
2.76164
2.76136
2.76993
2.78467
2.80191
2.81712
2.82515
2.82234
2.80837
2.78564
2.7568
2.72295
2.68418
2.64297
2.60909
2.59671
2.61036
2.63974
2.67191
2.70114
2.72781
2.75317
2.77597
2.79332
2.8036
2.808
2.80967
2.81162
2.81479
2.81697
2.81346
2.79949
2.77295
2.73583
2.69386
2.65501
2.62769
2.61922
2.63331
2.66769
2.71467
2.76424
2.80741
2.83825
2.85495
2.8594
2.85584
2.84853
2.83958
2.82874
2.81467
2.79617
2.7732
2.74771
2.72426
2.71
2.71183
2.72975
2.75395
2.772
2.77888
2.77947
2.78321
2.79733
2.82271
2.85382
2.8821
2.9004
2.90589
2.90047
2.88966
2.88048
2.87842
2.88548
2.90071
2.92174
2.94534
2.96788
2.98668
3.00145
3.01427
3.02687
3.03805
3.04432
3.04275
3.03272
3.01571
2.99529
2.97751
2.97001
2.97899
3.00483
3.04029
3.07467
3.10107
3.11873
3.12773
3.12321
3.09898
3.05654
3.00775
2.96672
2.93965
2.92528
2.92119
2.92543
2.93399
2.93825
2.9264
2.8896
2.82866
2.75711
2.69626
2.66375
2.66413
2.68995
2.72994
2.7748
2.81817
2.85606
2.8861
2.90667
2.91669
2.91624
2.90772
2.89702
2.89198
2.897
2.9099
2.9257
2.94163
2.95696
2.9708
2.98146
2.98698
2.98579
2.97782
2.96578
2.95546
2.95353
2.96424
2.98677
3.01518
3.04089
3.05683
3.06023
3.0524
3.03596
3.0115
2.97708
2.93364
2.89218
2.86885
2.86697
2.8736
2.87647
2.8752
2.87834
2.89307
2.91639
2.93784
2.94862
2.94678
2.93599
2.92061
2.90194
2.87936
2.85468
2.83387
2.82398
2.82756
2.83954
2.85076
2.85624
2.8607
2.8744
2.90189
2.9367
2.96716
2.98507
2.98889
2.98213
2.96956
2.95395
2.93528
2.91255
2.88659
2.8612
2.8419
2.83304
2.83412
2.83936
2.84239
2.84187
2.84099
2.84288
2.84806
2.85471
2.85987
2.86048
2.85459
2.8419
2.82373
2.80268
2.78219
2.76573
2.75556
2.75196
2.75428
2.76239
2.77716
2.79825
2.82137
2.83928
2.84662
2.8437
2.83471
2.82174
2.8015
2.76951
2.72807
2.6882
2.66287
2.65826
2.67134
2.69446
2.72108
2.74746
2.77114
2.79018
2.80407
2.81453
2.82396
2.83381
2.84526
2.86016
2.87977
2.90233
2.92311
2.93754
2.94425
2.94562
2.94561
2.9466
2.94724
2.94247
2.92587
2.89339
2.84642
2.79262
2.74439
2.71389
2.7057
2.71494
2.73487
2.76087
2.78734
2.80815
2.82014
2.82452
2.82535
2.82577
2.8252
2.81977
2.80574
2.78275
2.75491
2.73041
2.71924
2.72706
2.74739
2.76458
2.76822
2.75927
2.74167
2.71692
2.68895
2.66824
2.66823
2.69885
2.76099
2.84447
2.93137
3.00232
3.04175
3.04173
3.00378
2.93883
2.86432
2.79805
2.75196
2.73023
2.73179
2.75351
2.79123
2.83949
2.89167
2.94075
2.98001
3.00322
3.00479
2.98037
2.9284
2.85188
2.75849
2.65943
2.56837
2.50125
2.47369
2.49414
2.55739
2.6462
2.7408
2.8258
2.89083
2.92878
2.93591
2.91385
2.87111
2.82109
2.7767
2.74577
2.73159
2.73491
2.75314
2.77965
2.80663
2.82782
2.83861
2.83651
2.82317
2.80518
2.79151
2.78872
2.79708
2.80942
2.81352
2.79709
2.75364
2.68763
2.61602
2.56268
2.54559
2.56591
2.60984
2.66028
2.70565
2.74125
2.7671
2.78617
2.80296
2.82081
2.84047
2.86062
2.87759
2.88507
2.87747
2.85599
2.83094
2.81549
2.81573
2.82817
2.84528
2.86077
2.87204
2.88095
2.89304
2.91452
2.94779
2.98855
3.02706
3.05268
3.05869
3.04465
3.01591
2.97996
2.94137
2.89938
2.85017
2.79092
2.72407
2.6595
2.61309
2.60028
2.62763
2.68828
2.7656
2.84191
2.90543
2.95113
2.97751
2.98353
2.96837
2.93404
2.88807
2.84359
2.81508
2.81135
2.83084
2.86402
2.89925
2.92601
2.93562
2.9235
2.89303
2.85696
2.83212
2.82876
2.84478
2.86887
2.88831
2.89643
2.89461
2.88607
2.86767
2.83158
2.77653
2.71426
2.66313
2.63697
2.63972
2.66726
2.71132
2.76327
2.81708
2.86953
2.91849
2.96223
2.99987
3.03122
3.05411
3.06098
3.04054
2.98455
2.8939
2.78213
2.67679
2.61288
2.61024
2.65653
2.72448
2.79349
2.8509
2.88793
2.90001
2.88981
2.86772
2.84585
2.82925
2.8151
2.79957
2.78341
2.77177
2.77094
2.78478
2.81274
2.84984
2.88811
2.9198
2.94026
2.94834
2.94487
2.93092
2.90749
2.87629
2.84018
2.80311
2.77045
2.74826
2.7398
2.74249
2.74895
2.75013
2.73793
2.70739
2.65944
2.60316
2.55428
2.52847
2.53175
2.55731
2.59276
2.62868
2.66121
2.69041
2.71799
2.74561
2.77333
2.79854
2.81601
2.81991
2.80679
2.77787
2.73976
2.7031
2.67861
2.67151
2.67824
2.68877
2.69249
2.68289
2.66012
2.63222
2.6144
2.62267
2.66258
2.72411
2.79008
2.84799
2.89343
2.92702
2.95025
2.96279
2.96191
2.94394
2.90645
2.851
2.78538
2.72285
2.67814
2.66189
2.67712
2.71913
2.77739
2.83725
2.88256
2.90145
2.89224
2.86404
2.82942
2.7948
2.75874
2.71915
2.6809
2.65737
2.66372
2.70721
2.78213
2.87232
2.95775
3.0222
3.05834
3.06819
3.05925
3.03963
3.01502
2.98869
2.96246
2.93699
2.91167
2.88607
2.86192
2.84176
2.82408
2.80256
2.77358
2.74143
2.71354
2.69314
2.67789
2.66369
2.64842
2.63347
2.6227
2.62012
2.62743
2.64289
2.66213
2.67944
2.68915
2.68683
2.67059
2.6426
2.61008
2.58395
2.57414
2.58455
2.61361
2.65754
2.70968
2.76108
2.80645
2.84677
2.88456
2.91847
2.94305
2.95305
2.94687
2.92655
2.89619
2.86128
2.82884
2.80657
2.79986
2.8082
2.82526
2.84343
2.85709
2.86246
2.85816
2.84743
2.83796
2.83839
2.85417
2.8858
2.92858
2.97243
3.0042
3.0137
2.99719
2.95601
2.89505
2.82637
2.77414
2.76479
2.80079
2.85545
2.89899
2.91719
2.9102
2.88546
2.85232
2.8193
2.79301
2.77794
2.77667
2.78984
2.81579
2.85008
2.88603
2.91659
2.93674
2.94527
2.94449
2.93786
2.92766
2.91545
2.90357
2.89497
2.89097
2.88892
2.8828
2.86646
2.83729
2.79722
2.75053
2.70165
2.65421
2.6118
2.58032
2.5691
2.58625
2.63197
2.69837
2.77359
2.84606
2.90763
2.95443
2.9855
3.00155
3.00506
3.001
2.99558
2.99305
2.9934
2.99376
2.99104
2.98256
2.96501
2.93436
2.88672
2.82025
2.73761
2.64851
2.5695
2.51824
2.50485
2.52691
2.57231
2.62597
2.6749
2.71096
2.73238
2.74294
2.75038
2.764
2.78649
2.80888
2.82035
2.81901
2.81083
2.80326
2.80192
2.81093
2.83313
2.86649
2.90014
2.9207
2.92226
2.90831
2.88785
2.87104
2.86555
2.8742
2.89485
2.922
2.94804
2.96481
2.96629
2.95157
2.92591
2.89766
2.87212
2.84876
2.82443
2.79823
2.77437
2.75896
2.75196
2.745
2.72937
2.70283
2.66934
2.63563
2.60781
2.58941
2.58182
2.58645
2.60497
2.6364
2.67468
2.71148
2.74125
2.7635
2.78189
2.80193
2.82763
2.85867
2.89024
2.91568
2.92946
2.92915
2.91709
2.90127
2.89267
2.89881
2.91899
2.94613
2.97137
2.98684
2.98733
2.97151
2.94174
2.90239
2.85843
2.81444
2.77411
2.7411
2.72143
2.72394
2.7534
2.80177
2.85173
2.88885
2.90744
2.90826
2.89439
2.86915
2.83655
2.8017
2.76955
2.74367
2.72567
2.71543
2.71136
2.71095
2.71202
2.71468
2.72208
2.73843
2.76491
2.79699
2.82566
2.84188
2.84134
2.82648
2.80492
2.78607
2.77759
2.78352
2.80409
2.83627
2.87483
2.91332
2.94454
2.96085
2.95487
2.92196
2.86507
2.79771
2.73893
2.70352
2.69858
2.7244
2.77397
2.83394
2.88879
2.92546
2.93599
2.91839
2.87616
2.8178
2.75765
2.7141
2.70063
2.71667
2.75012
2.78804
2.82251
2.84892
2.86259
2.85874
2.83511
2.79372
2.74048
2.68496
2.63957
2.61493
2.61303
2.62687
2.64761
2.67075
2.69644
2.72584
2.75785
2.78881
2.81412
2.83063
2.83849
2.8411
2.84257
2.8464
2.85686
2.87939
2.91662
2.9648
3.0143
3.05333
3.07225
3.06622
3.03531
2.98313
2.91521
2.83913
2.76648
2.7131
2.69087
2.6985
2.72456
2.7556
2.77998
2.79079
2.78695
2.77047
2.74334
2.70961
2.68134
2.676
2.70045
2.74336
2.78757
2.82144
2.83964
2.84177
2.83147
2.81507
2.79872
2.78488
2.77219
2.75902
2.74593
2.73314
2.71659
2.68934
2.64769
2.59615
2.54747
2.51768
2.51518
2.53096
2.54548
2.54539
2.52997
2.50659
2.48438
2.47098
2.4724
2.49337
2.53559
2.59419
2.65778
2.71355
2.75226
2.76999
2.76812
2.75319
2.73643
2.73072
2.7447
2.77721
2.81761
2.85283
2.87543
2.88693
2.89425
2.90124
2.90502
2.90118
2.88987
2.87594
2.86557
2.86384
2.87394
2.8966
2.92917
2.96561
2.99807
3.01949
3.02579
3.01612
2.99078
2.9487
2.88719
2.80605
2.71452
2.63368
2.58478
2.57086
2.57768
2.59201
2.61179
2.64068
2.67815
2.71829
2.75633
2.79145
2.82372
2.8508
2.86821
2.87277
2.86671
2.85831
2.85717
2.86692
2.88404
2.90432
2.92627
2.94768
2.96411
2.97178
2.97009
2.96137
2.94968
2.93976
2.93558
2.9382
2.9451
2.95192
2.95564
2.95552
2.9517
2.9434
2.92946
2.91037
2.88946
2.87174
2.86226
2.86466
2.87876
2.89837
2.91324
2.91482
2.90074
2.87459
2.84227
2.80833
2.77485
2.74301
2.71547
2.69547
2.68414
2.68173
2.69197
2.71949
2.76013
2.80028
2.82877
2.84342
2.84603
2.83656
2.81691
2.79531
2.77974
2.76725
2.74469
2.70051
2.63744
2.57956
2.56294
2.60099
2.66803
2.73256
2.78306
2.82227
2.85472
2.88046
2.89507
2.89329
2.87298
2.83678
2.79017
2.73844
2.68598
2.63893
2.60773
2.6049
2.63696
2.69763
2.76994
2.83708
2.89074
2.92863
2.94878
2.94855
2.92754
2.88966
2.84395
2.80343
2.7796
2.7745
2.77902
2.78023
2.76982
2.74735
2.72032
2.70155
2.7015
2.72003
2.7474
2.77358
2.79605
2.81872
2.84342
2.86568
2.87902
2.87881
2.86241
2.8297
2.78537
2.74063
2.71102
2.70832
2.73155
2.7677
2.80204
2.82593
2.83848
2.8472
2.86639
2.90572
2.95758
3.00173
3.02061
3.00828
2.9719
2.92615
2.88008
2.83015
2.76986
2.69956
2.62624
2.55962
2.50981
2.48576
2.4921
2.52493
2.57126
2.61443
2.64054
2.64066
2.61235
2.56933
2.55237
2.59838
2.6916
2.79301
2.88286
2.95508
3.00589
3.03219
3.03196
3.00528
2.95718
2.89861
2.84062
2.78745
2.74044
2.70504
2.68676
2.68137
2.67615
2.65998
2.63095
2.59842
2.57834
2.58257
2.60958
2.6463
2.67849
2.69708
2.69764
2.67924
2.64652
2.61124
2.58897
2.59064
2.61545
2.65299
2.69035
2.71763
2.73126
2.73543
2.73987
2.75418
2.78109
2.81317
2.83758
2.84543
2.83692
2.8194
2.80193
2.79073
2.78721
2.78876
2.79127
2.79171
2.78929
2.78467
2.77797
2.76713
2.74791
2.71668
2.67439
2.62844
2.5899
2.56811
2.56716
2.58588
2.61962
2.66232
2.70893
2.75724
2.80771
2.86062
2.91321
2.96018
2.99718
3.02296
3.03875
3.04598
3.04505
3.03536
3.01647
2.98934
2.95713
2.92475
2.8975
2.87979
2.87414
2.88028
2.89381
2.90631
2.90851
2.89499
2.86703
2.83258
2.80377
2.79147
2.7995
2.82339
2.85493
2.88682
2.91249
2.92467
2.91698
2.88804
2.84481
2.80333
2.78109
2.7817
2.7918
2.79719
2.79406
2.78519
2.77286
2.75694
2.73741
2.71779
2.70524
2.7073
2.72843
2.7686
2.82408
2.88889
2.95581
3.01729
3.06622
3.0967
3.10465
3.08872
3.05169
3.00104
2.94809
2.90512
2.88159
2.88105
2.90049
2.9318
2.96408
2.98599
2.9881
2.96511
2.91808
2.85612
2.79534
2.75239
2.73481
2.73803
2.75238
2.7705
2.78788
2.79975
2.80027
2.78631
2.76278
2.7422
2.73378
2.73319
2.72742
2.70719
2.67253
2.62988
2.58637
2.54674
2.5151
2.49908
2.51023
2.55731
2.63658
2.72881
2.80764
2.85366
2.86369
2.84934
2.82686
2.8058
2.78693
2.76934
2.75642
2.75481
2.77005
2.80333
2.85018
2.90062
2.9422
2.96451
2.96272
2.9392
2.90389
2.87105
2.85018
2.83818
2.82348
2.79765
2.76349
2.73439
2.72148
2.72064
2.71869
2.70673
2.68106
2.63893
2.5803
2.51645
2.47506
2.48494
2.54649
2.62993
2.70544
2.76219
2.8035
2.8369
2.87071
2.9129
2.96636
3.0243
3.07297
3.1005
3.10266
3.08196
3.04397
2.99515
2.94244
2.89297
2.85239
2.82328
2.80483
2.79414
2.78755
2.78146
2.77238
2.75751
2.73712
2.71874
2.71784
2.74721
2.80155
2.86062
2.90754
2.93672
2.94803
2.94123
2.91612
2.87568
2.82729
2.78091
2.74544
2.72528
2.71903
2.72041
2.72082
2.71227
2.68946
2.65145
2.6023
2.54904
2.49823
2.45526
2.42593
2.41542
2.42497
2.45147
2.48919
2.53107
2.56993
2.60048
2.62108
2.63402
2.64486
2.66139
2.68994
2.72829
2.76418
2.78521
2.78752
2.77428
2.74937
2.71546
2.67721
2.64463
2.63106
2.64563
2.68477
2.7302
2.75984
2.76202
2.73763
2.69311
2.63754
2.58703
2.56431
2.58393
2.63878
2.70822
2.77586
2.83586
2.88837
2.93323
2.96782
2.98852
2.9929
2.98128
2.95743
2.92773
2.89828
2.87259
2.85307
2.8434
2.84649
2.85996
2.87622
2.88749
2.89006
2.88477
2.87505
2.86575
2.86287
2.87175
2.89207
2.91655
2.93758
2.95404
2.97013
2.98917
3.01053
3.03012
3.04126
3.03625
3.01012
2.96393
2.90501
2.8424
2.78079
2.72142
2.66946
2.63428
2.62132
2.63119
2.66394
2.71653
2.77843
2.83457
2.87309
2.89096
2.89369
2.89019
2.88769
2.89058
2.90087
2.91664
2.93146
2.93774
2.93094
2.91147
2.88456
2.85945
2.84723
2.85586
2.88497
2.92597
2.96703
2.99819
3.01351
3.01131
2.99384
2.96672
2.93785
2.91452
2.89952
2.8886
2.87294
2.84573
2.80879
2.77404
2.75688
2.76497
2.7936
2.83096
2.8666
2.89631
2.92236
2.94909
2.97652
2.99944
3.0123
3.01203
2.99669
2.96558
2.92221
2.87489
2.83285
2.8021
2.78393
2.77571
2.77366
2.77612
2.78322
2.79308
2.80089
2.80076
2.78725
2.75811
2.71886
2.6838
2.66886
2.67939
2.70566
2.73177
2.74698
2.74934
2.74298
2.73417
2.72823
2.72885
2.7384
2.75765
2.78516
2.81689
2.84704
2.86951
2.8792
2.87302
2.85089
2.81665
2.7773
2.73967
2.70828
2.68774
2.6844
2.69986
2.72389
2.74105
2.74428
2.7391
2.73563
2.73967
2.75219
2.77343
2.80245
2.83337
2.85643
2.86286
2.84803
2.81208
2.75995
2.70095
2.64667
2.60781
2.59104
2.59735
2.62249
2.66024
2.70636
2.76168
2.83028
2.91124
2.99343
3.06281
3.11241
3.14364
3.16181
3.17222
3.17887
3.18448
3.19005
3.19498
3.19717
3.1942
3.1848
3.17003
3.15372
3.14058
3.13271
3.1273
3.118
3.09791
3.06218
3.0099
2.94518
2.87663
2.81532
2.77127
2.75008
2.7511
2.7682
2.79217
2.81386
2.82765
2.83316
2.83298
2.82888
2.82105
2.80987
2.79717
2.78595
2.78001
2.78353
2.79912
2.82474
2.8528
2.87383
2.88186
2.87717
2.8652
2.85372
2.84912
2.8531
2.86201
2.86921
2.86704
2.84773
2.80818
2.75536
2.70579
2.67711
2.67717
2.70122
2.73946
2.78456
2.83314
2.88401
2.93646
2.98934
3.04031
3.08545
3.11991
3.13903
3.13967
3.12094
3.08417
3.03254
2.97042
2.90313
2.83694
2.7787
2.73543
2.71394
2.7194
2.75194
2.80437
2.86508
2.92291
2.96906
2.99712
3.00324
2.98689
2.95171
2.90611
2.86123
2.82742
2.81261
2.8209
2.84833
2.88218
2.90914
2.92309
2.92481
2.91754
2.90406
2.88614
2.86514
2.84186
2.81587
2.78538
2.74908
2.7082
2.66664
2.6299
2.60556
2.60287
2.62919
2.68403
2.75522
2.82205
2.86485
2.87325
2.84855
2.80264
2.75438
2.72237
2.7159
2.72996
2.74992
2.76256
2.76348
2.75664
2.74926
2.74722
2.75324
2.7669
2.78553
2.8053
2.82273
2.83552
2.84272
2.84522
2.84645
2.85265
2.87079
2.90332
2.94477
2.98434
3.01142
3.01886
3.00385
2.96748
2.91461
2.85382
2.79596
2.75101
2.72566
2.72294
2.74235
2.7791
2.82373
2.86336
2.88453
2.87768
2.84313
2.79546
2.75679
2.73773
2.7314
2.72789
2.72396
2.72158
2.72702
2.75066
2.79868
2.86512
2.9374
3.00457
3.05874
3.09449
3.10885
3.10051
3.06895
3.01608
2.95001
2.88526
2.83622
2.8092
2.80191
2.80869
2.8242
2.84368
2.86265
2.87823
2.89029
2.90097
2.91312
2.92917
2.94904
2.96737
2.97465
2.96335
2.93316
2.89093
2.84806
2.81614
2.80147
2.80259
2.81283
2.82421
2.8297
2.82491
2.80983
2.78942
2.77149
2.76298
2.76678
2.78076
2.80017
2.82163
2.84495
2.87108
2.89975
2.9294
2.95805
2.98308
3.00067
3.00694
3.00047
2.98353
2.96091
2.93708
2.91434
2.89305
2.87369
2.85895
2.85354
2.86125
2.88112
2.90643
2.92745
2.93532
2.92509
2.89697
2.85707
2.81737
2.79325
2.7969
2.83015
2.88369
2.94277
2.99356
3.02616
3.0353
3.02012
2.98429
2.93658
2.89059
2.85901
2.84412
2.83762
2.83201
2.82756
2.82878
2.83776
2.85235
2.86838
2.88226
2.89255
2.89996
2.90649
2.91345
2.92103
2.92969
2.94066
2.95404
2.96657
2.97198
2.96414
2.94019
2.90291
2.86023
2.82048
2.78609
2.75414
2.72645
2.71647
2.73502
2.7705
2.79891
2.80402
2.78054
2.73117
2.66639
2.60339
2.56054
2.55161
2.58292
2.65142
2.7445
2.84449
2.93574
3.00895
3.06074
3.09107
3.10123
3.09344
3.07116
3.03921
3.00378
2.97128
2.94559
2.92511
2.90349
2.87546
2.84287
2.81358
2.79291
2.77769
2.76297
2.75447
2.768
2.81077
2.86932
2.92193
2.95461
2.9648
2.95899
2.94866
2.94401
2.94812
2.95662
2.96179
2.95693
2.93912
2.91087
2.88045
2.85905
2.85422
2.86529
2.88585
2.90908
2.9303
2.94623
2.95411
2.95154
2.9364
2.90762
2.86604
2.81481
2.75961
2.70832
2.66946
2.64856
2.64448
2.65021
2.6584
2.66674
2.67866
2.6988
2.72711
2.75632
2.77499
2.77425
2.75386
2.72481
2.70677
2.71807
2.76263
2.8256
2.88373
2.92112
2.93686
2.94215
2.9513
2.97218
3.00272
3.03445
3.05853
3.07029
3.0707
3.06384
3.0525
3.03533
3.00784
2.96606
2.90983
2.84571
2.78703
2.74583
2.72474
2.72279
2.73991
2.76662
2.78678
2.79376
2.79246
2.7889
2.78528
2.78364
2.78819
2.80328
2.8316
2.87371
2.92659
2.98187
3.02696
3.04934
3.04083
2.99973
2.9293
2.83613
2.7366
2.66959
2.67777
2.75276
2.84322
2.91282
2.95372
2.97029
2.96846
2.95475
2.93819
2.92808
2.9276
2.93214
2.93551
2.93508
2.93163
2.92693
2.92195
2.91613
2.90755
2.89444
2.87745
2.86103
2.85113
2.8505
2.85675
2.86479
2.87006
2.87029
2.86569
2.8586
2.85193
2.84693
2.84172
2.83302
2.82093
2.81155
2.81173
2.82109
2.83287
2.84208
2.84926
2.8583
2.87238
2.89106
2.9098
2.92172
2.92014
2.90038
2.86069
2.80376
2.73912
2.68264
2.64829
2.63927
2.6517
2.68137
2.72182
2.76397
2.80212
2.83513
2.86089
2.87245
2.86054
2.82303
2.77977
2.76783
2.79644
2.83459
2.85589
2.8569
2.84576
2.83294
2.82702
2.83205
2.84618
2.86309
2.87522
2.87655
2.86333
2.83446
2.79359
2.75249
2.72889
2.73457
2.76432
2.8001
2.82495
2.83174
2.82261
2.80409
2.78285
2.76383
2.74986
2.74221
2.74088
2.7448
2.75231
2.76226
2.77509
2.79221
2.8141
2.83919
2.86328
2.87993
2.88257
2.86741
2.83525
2.79147
2.74471
2.70397
2.67488
2.65774
2.64912
2.64584
2.64744
2.65602
2.67531
2.70841
2.75369
2.80301
2.84589
2.87545
2.88948
2.88826
2.8734
2.84851
2.819
2.79029
2.76643
2.74985
2.74219
2.74558
2.76356
2.79811
2.8447
2.8929
2.93266
2.95942
2.97423
2.98003
2.97859
2.97058
2.95744
2.94234
2.9291
2.92031
2.91585
2.91354
2.91091
2.90646
2.89983
2.89186
2.88451
2.8798
2.87938
2.88395
2.89207
2.90013
2.9044
2.90356
2.90073
2.90359
2.92035
2.95368
3.00069
3.05551
3.10855
3.14652
3.15728
3.1363
3.08997
3.03177
2.97212
2.91262
2.85345
2.80371
2.77993
2.79304
2.83782
2.89586
2.94676
2.97718
2.98331
2.96878
2.94059
2.90518
2.86653
2.82702
2.78956
2.75862
2.73909
2.73419
2.74417
2.76708
2.80043
2.84201
2.88875
2.93549
2.97562
3.00298
3.01327
3.00455
2.97684
2.93121
2.8694
2.79536
2.71705
2.64678
2.60048
2.59206
2.62242
2.67788
2.74021
2.79339
2.82495
2.82899
2.80869
2.77483
2.743
2.73014
2.74681
2.78931
2.84076
2.88155
2.89867
2.88888
2.85745
2.81509
2.77405
2.74416
2.72903
2.7251
2.72522
2.72439
2.72305
2.72502
2.73416
2.75299
2.78207
2.81895
2.85934
2.90001
2.93895
2.97271
2.99566
3.00259
2.99207
2.96819
2.94019
2.91893
2.91175
2.91967
2.93917
2.96582
2.99483
3.01919
3.03002
3.01988
2.98659
2.93547
2.87947
2.83523
2.81406
2.81549
2.83134
2.85372
2.87866
2.90504
2.93291
2.96186
2.98934
3.01075
3.02145
3.01897
3.00371
2.97991
2.95709
2.94748
2.95672
2.97737
2.99622
3.005
3.00186
2.98739
2.96354
2.93579
2.91389
2.90661
2.91465
2.93099
2.94724
2.95724
2.95697
2.94535
2.92526
2.90259
2.88325
2.87062
2.86443
2.86199
2.86098
2.86184
2.86648
2.87345
2.87717
2.87281
2.86036
2.845
2.83531
2.83907
2.85762
2.88352
2.90507
2.91263
2.90171
2.87193
2.82541
2.76813
2.71582
2.69348
2.715
2.76839
2.83183
2.89014
2.93495
2.96133
2.96679
2.95125
2.91718
2.8703
2.81968
2.77589
2.74665
2.73355
2.73297
2.73993
2.75124
2.76578
2.78289
2.80061
2.81521
2.82231
2.81889
2.80611
2.79153
2.78758
2.80391
2.83977
2.88447
2.92385
2.94597
2.94421
2.91779
2.87042
2.80935
2.746
2.69602
2.67334
2.68049
2.70753
2.74157
2.77373
2.7983
2.80988
2.80352
2.77878
2.74357
2.71334
2.70305
2.71456
2.7356
2.75435
2.76983
2.78911
2.8183
2.85592
2.89341
2.92082
2.93261
2.93096
2.92507
2.92508
2.93405
2.94462
2.94374
2.92133
2.87696
2.82102
2.77051
2.74104
2.73881
2.75799
2.78574
2.81014
2.8251
2.82992
2.82759
2.82486
2.83133
2.8544
2.89315
2.93801
2.97675
3.00054
3.00582
2.9932
2.96539
2.92577
2.87753
2.82339
2.76507
2.70303
2.63731
2.56991
2.50858
2.46742
2.45728
2.47371
2.50221
2.53519
2.57724
2.63485
2.70748
2.79028
2.87765
2.96056
3.02663
3.06642
3.0777
3.06421
3.03178
2.98552
2.92979
2.87038
2.81693
2.78086
2.76879
2.7783
2.79941
2.81926
2.82711
2.81756
2.79104
2.75262
2.71017
2.67243
2.647
2.63972
2.65531
2.69406
2.74783
2.80431
2.85431
2.89245
2.91394
2.91417
2.89182
2.85159
2.80426
2.76334
2.73984
2.73843
2.75697
2.78875
2.82545
2.86004
2.88829
2.90867
2.92154
2.92916
2.9347
2.93909
2.939
2.92979
2.90996
2.88263
2.85383
2.83009
2.81639
2.81464
2.82327
2.83761
2.85072
2.85473
2.84361
2.81687
2.78074
2.74598
2.72432
2.72389
2.74434
2.77821
2.81756
2.8571
2.89337
2.92423
2.94935
2.97042
2.99009
3.01036
3.0316
3.05241
3.06992
3.08008
3.07821
3.06024
3.02444
2.97306
2.91386
2.86005
2.82533
2.81466
2.82119
2.83257
2.83823
2.83227
2.81379
2.78559
2.75195
2.71704
2.68527
2.66184
2.65228
2.66071
2.6868
2.72371
2.75992
2.78548
2.79949
2.81155
2.83073
2.85218
2.86308
2.85987
2.85111
2.84763
2.85519
2.87346
2.89638
2.91478
2.92064
2.91015
2.88473
2.85219
2.82837
2.83035
2.85965
2.90008
2.93483
2.9557
2.95973
2.94546
2.91379
2.87006
2.82461
2.79168
2.78754
2.82339
2.89362
2.9765
3.05086
3.10549
3.13705
3.14522
3.13037
3.09414
3.043
2.99129
2.95627
2.94459
2.94674
2.94865
2.94475
2.93841
2.93406
2.93157
2.92668
2.91498
2.89463
2.86692
2.83545
2.80476
2.77927
2.76248
2.75656
2.76121
2.77337
2.78828
2.80212
2.81398
2.82501
2.83576
2.8444
2.848
2.84586
2.84133
2.84027
2.84643
2.85845
2.87214
2.88511
2.8978
2.90964
2.91681
2.91493
2.90349
2.8892
2.88614
2.90628
2.94461
2.98088
2.99961
3.00175
2.99563
2.98292
2.96165
2.93831
2.9264
2.93324
2.95451
2.98122
3.00605
3.02206
3.02019
2.99178
2.9345
2.85763
2.78021
2.71921
2.67915
2.65809
2.65722
2.67668
2.70965
2.74731
2.78471
2.82032
2.85304
2.88005
2.89662
2.8978
2.88088
2.84786
2.80643
2.76753
2.73982
2.72535
2.71975
2.71479
2.70168
2.67584
2.64133
2.61041
2.59692
2.60827
2.64249
2.69086
2.74337
2.79193
2.82887
2.84693
2.84338
2.8237
2.80176
2.79553
2.8146
2.85018
2.88376
2.90147
2.8972
2.87297
2.84189
2.8247
2.83479
2.86785
2.90863
2.94343
2.96531
2.97237
2.96543
2.9476
2.92501
2.90655
2.90149
2.91467
2.94259
2.97425
2.9969
3.00127
2.98369
2.94572
2.89341
2.8363
2.78486
2.74664
2.72407
2.71619
2.72197
2.7394
2.76204
2.78142
2.79506
2.80835
2.8278
2.85387
2.88046
2.90066
2.91224
2.91784
2.92166
2.92636
2.93237
2.9381
2.93946
2.93051
2.90607
2.86464
2.80915
2.74564
2.68086
2.62092
2.57154
2.53942
2.53132
2.55029
2.59284
2.64984
2.70986
2.76271
2.80202
2.82564
2.83503
2.83471
2.83177
2.83412
2.84648
2.86576
2.88073
2.87823
2.85148
2.80405
2.7488
2.70268
2.67897
2.68167
2.70717
2.74983
2.80255
2.85467
2.89481
2.91678
2.92134
2.91358
2.89912
2.88132
2.86116
2.83907
2.8172
2.79947
2.78918
2.78621
2.78678
2.78625
2.78259
2.77762
2.7754
2.77935
2.79037
2.80666
2.82536
2.84481
2.86519
2.88706
2.9095
2.92977
2.94377
2.9471
2.93723
2.91568
2.8881
2.86125
2.83852
2.81809
2.79687
2.77811
2.77349
2.79135
2.82581
2.86418
2.89833
2.92554
2.9428
2.94555
2.93209
2.90669
2.87736
2.85249
2.8393
2.84372
2.86845
2.90982
2.95708
2.9959
3.01379
3.00427
2.9687
2.91554
2.85824
2.81319
2.79539
2.80943
2.84588
2.88951
2.92887
2.95861
2.97688
2.98219
2.972
2.94397
2.90203
2.86579
2.86412
2.90221
2.95353
2.99264
3.01176
3.01397
3.00469
2.9881
2.96635
2.94039
2.91107
2.87981
2.84863
2.81938
2.79338
2.77167
2.75558
2.74711
2.74947
2.76614
2.79711
2.83517
2.86845
2.88701
2.88718
2.87119
2.84566
2.82035
2.80492
2.80296
2.80891
2.81318
2.81043
2.80319
2.79867
2.80333
2.82009
2.85013
2.894
2.94673
2.99542
3.02882
3.0478
3.06172
3.07492
3.08214
3.07704
3.05887
3.03097
2.99734
2.96107
2.92479
2.89157
2.86426
2.84381
2.82862
2.81604
2.80419
2.79172
2.7764
2.75427
2.72171
2.67922
2.63343
2.59427
2.57003
2.56518
2.58056
2.61403
2.6611
2.71566
2.77106
2.82132
2.86207
2.89003
2.90248
2.89864
2.88255
2.86333
2.85082
2.85009
2.86034
2.87863
2.90216
2.92642
2.94229
2.9388
2.91284
2.87766
2.85638
2.86124
2.88342
2.90698
2.92489
2.9395
2.95453
2.96927
2.97727
2.96969
2.94171
2.89896
2.85871
2.83845
2.83914
2.84673
2.84768
2.83702
2.81802
2.80054
2.79758
2.81776
2.85767
2.90218
2.93346
2.94019
2.92067
2.88089
2.83126
2.78396
2.75069
2.7403
2.75583
2.79297
2.84201
2.89211
2.9349
2.96571
2.98374
2.99145
2.99245
2.9885
2.97804
2.95805
2.92751
2.88886
2.84669
2.80631
2.77429
2.75855
2.76366
2.78604
2.81693
2.84913
2.87935
2.90658
2.92983
2.94679
2.95373
2.94696
2.92523
2.89104
2.85069
2.81251
2.78311
2.76406
2.75197
2.74159
2.72899
2.71391
2.70025
2.69405
2.6998
2.71828
2.74762
2.78555
2.8302
2.87936
2.92978
2.97792
3.02111
3.05729
3.08477
3.10252
3.11021
3.10696
3.09096
3.06066
3.01687
2.96405
2.90977
2.86174
2.82485
2.80215
2.79614
2.80494
2.82051
2.83402
2.84284
2.85308
2.87443
2.91073
2.95535
2.99682
3.02677
3.04103
3.03767
3.01719
2.98343
2.94269
2.90095
2.86264
2.83213
2.81495
2.81635
2.83849
2.87812
2.92621
2.97118
3.00278
3.01464
3.00448
2.97331
2.92486
2.86584
2.80652
2.76008
2.73857
2.74668
2.77718
2.81328
2.83725
2.83932
2.82126
2.79352
2.76873
2.75632
2.7607
2.78101
2.81018
2.83552
2.84443
2.83307
2.80956
2.78805
2.77912
2.78365
2.79423
2.80055
2.79549
2.77889
2.75873
2.74979
2.7667
2.81198
2.87274
2.9322
2.98002
3.01248
3.02921
3.03204
3.0256
3.01718
3.01334
3.01556
3.02018
3.02369
3.02848
3.0412
3.06422
3.09205
3.11626
3.13044
3.13099
3.11656
3.08838
3.05045
3.00896
2.9712
2.94423
2.93322
2.93927
2.95781
2.97905
2.99138
2.98628
2.96248
2.92659
2.8889
2.85728
2.83506
2.82208
2.81587
2.81329
2.81245
2.81381
2.81946
2.8304
2.84311
2.84922
2.83952
2.8107
2.77048
2.73666
2.72845
2.75406
2.8058
2.86736
2.92479
2.97163
3.0071
3.03214
3.04708
3.05139
3.0444
3.02609
2.99774
2.96191
2.92167
2.87954
2.83739
2.79783
2.76635
2.75173
2.76199
2.7969
2.84488
2.88962
2.919
2.92899
2.92357
2.9133
2.90965
2.91589
2.9243
2.92288
2.90311
2.86355
2.80932
2.7481
2.68837
2.64173
2.61713
2.61171
2.61636
2.62721
2.64604
2.6738
2.70787
2.74527
2.7859
2.83068
2.87821
2.92537
2.96974
3.00955
3.04214
3.06369
3.07015
3.05856
3.02805
2.98076
2.92228
2.86042
2.80302
2.75699
2.72816
2.7181
2.72107
2.72667
2.72566
2.71342
2.69098
2.66415
2.64084
2.6264
2.62095
2.62096
2.62206
2.6219
2.62378
2.63654
2.66322
2.69489
2.72244
2.74529
2.76721
2.78928
2.80738
2.81373
2.80049
2.76375
2.70712
2.64268
2.58755
2.55776
2.56316
2.60452
2.67181
2.74679
2.81205
2.85982
2.89263
2.91706
2.93755
2.95431
2.96466
2.9646
2.95036
2.92025
2.87624
2.82459
2.77492
2.7371
2.71739
2.71567
2.72572
2.7385
2.74644
2.74689
2.74269
2.74031
2.74819
2.77405
2.81887
2.87416
2.92796
2.97178
3.00226
3.01997
3.02817
3.02903
3.02016
2.99758
2.9627
2.92331
2.8872
2.85775
2.83694
2.82871
2.83563
2.85342
2.87158
2.88019
2.87544
2.8588
2.83402
2.8062
2.7818
2.7668
2.76352
2.76902
2.77758
2.7851
2.79001
2.79011
2.78
2.7532
2.7105
2.67079
2.66411
2.69653
2.73908
2.76163
2.75519
2.72793
2.69507
2.67085
2.66283
2.6699
2.6846
2.69786
2.70254
2.69501
2.67558
2.6488
2.62193
2.6016
2.59125
2.59078
2.59785
2.61023
2.62788
2.65231
2.68308
2.71587
2.74507
2.76827
2.78737
2.80543
2.82333
2.83906
2.84973
2.85377
2.85261
2.85119
2.85591
2.87047
2.89317
2.9185
2.94127
2.95845
2.96829
2.969
2.95997
2.94461
2.93128
2.92865
2.93801
2.9508
2.95393
2.93743
2.89892
2.84533
2.79004
2.74527
2.71417
2.69137
2.67083
2.65196
2.63912
2.63737
2.6492
2.67423
2.71034
2.75439
2.80362
2.85834
2.92181
2.99359
3.06419
3.11948
3.14982
3.15523
3.1432
3.1218
3.09337
3.05425
3.00069
2.9349
2.86556
2.80359
2.75825
2.73459
2.7303
2.7366
2.74551
2.75555
2.77051
2.79346
2.82158
2.8474
2.86535
2.87529
2.8798
2.8789
2.8682
2.84128
2.79695
2.75121
2.73607
2.76533
2.8178
2.86806
2.90489
2.92643
2.93608
2.94082
2.94635
2.95237
2.9535
2.94483
2.92584
2.90022
2.87368
2.85151
2.83593
2.82522
2.81673
2.81151
2.81394
2.82558
2.84272
2.86187
2.88304
2.90746
2.93498
2.96212
2.98193
2.98801
2.97779
2.95247
2.9144
2.86607
2.81329
2.7699
2.7527
2.76482
2.7901
2.80801
2.80919
2.79711
2.78264
2.77821
2.79131
2.81973
2.85471
2.88808
2.91425
2.92689
2.91812
2.88352
2.82826
2.76711
2.71516
2.67805
2.65377
2.6407
2.63928
2.64842
2.66389
2.68105
2.6978
2.71451
2.73147
2.7467
2.75698
2.76111
2.76262
2.76938
2.78971
2.82544
2.86823
2.90374
2.92086
2.91849
2.90568
2.89557
2.89818
2.91579
2.94254
2.9678
2.9813
2.97744
2.95782
2.93004
2.90163
2.87462
2.84784
2.82248
2.80313
2.79344
2.79165
2.79137
2.7879
2.78429
2.79075
2.81638
2.86056
2.91347
2.96386
3.00423
3.0305
3.0408
3.03617
3.02107
3.00175
2.98348
2.96904
2.95962
2.95577
2.95659
2.959
2.95826
2.94943
2.92871
2.89509
2.85139
2.80319
2.75578
2.71232
2.67519
2.64845
2.63774
2.64717
2.67625
2.71947
2.76843
2.81497
2.85198
2.87218
2.86848
2.83696
2.77923
2.70355
2.62467
2.55961
2.52053
2.51064
2.52486
2.555
2.59768
2.65543
2.72651
2.79914
2.85967
2.90297
2.93392
2.95983
2.98101
2.98991
2.97869
2.94573
2.89688
2.84308
2.79643
2.76555
2.75261
2.75363
2.76143
2.76942
2.77449
2.77758
2.78216
2.79239
2.81187
2.84248
2.88205
2.92265
2.95411
2.97315
2.9893
3.01193
3.03186
3.03164
3.0055
2.95988
2.90525
2.85122
2.80514
2.76994
2.7425
2.7162
2.68656
2.65545
2.63128
2.62364
2.63486
2.65667
2.67589
2.68344
2.68058
2.67692
2.68062
2.69096
2.70161
2.70791
2.70977
2.71052
2.71522
2.7292
2.75634
2.79727
2.84883
2.90513
2.95947
3.00604
3.04073
3.06092
3.06512
3.05308
3.02635
2.98829
2.94304
2.8948
2.84862
2.81189
2.79391
2.80196
2.83566
2.88608
2.94184
2.99479
3.03891
3.06717
3.07292
3.05463
3.01707
2.96822
2.91661
2.87075
2.83769
2.81961
2.81214
2.80766
2.80055
2.78975
2.77786
2.76936
2.76983
2.78461
2.8159
2.86046
2.91116
2.9604
3.00205
3.03197
3.04847
3.05231
3.04536
3.02864
3.00131
2.96178
2.91025
2.85091
2.79183
2.74105
2.70344
2.68318
2.68648
2.71629
2.76494
2.8165
2.8558
2.87435
2.87229
2.85734
2.8403
2.82858
2.82307
2.82047
2.81708
2.81089
2.80243
2.79584
2.79893
2.81941
2.85861
2.90872
2.95711
2.99229
3.00679
2.99766
2.96538
2.91209
2.84119
2.76173
2.69437
2.66013
2.65327
2.64827
2.63164
2.607
2.58224
2.56398
2.55816
2.56847
2.59415
2.63075
2.67228
2.71256
2.74604
2.76904
2.78083
2.78438
2.78533
2.78808
2.79378
2.80279
2.81483
2.82547
2.82772
2.81796
2.79857
2.77444
2.74853
2.72306
2.70383
2.7005
2.72089
2.76331
2.81552
2.86236
2.89424
2.90962
2.912
2.90583
2.8947
2.88299
2.87697
2.88179
2.8963
2.91234
2.91907
2.90844
2.87925
2.83922
2.80234
2.77891
2.76809
2.764
2.76473
2.77126
2.78038
2.78245
2.76701
2.73008
2.67701
2.62026
2.57426
2.55032
2.55501
2.59141
2.6581
2.74603
2.83982
2.92365
2.98633
3.02252
3.03227
3.02029
2.99449
2.96355
2.9345
2.9126
2.90225
2.90699
2.92747
2.95979
2.99657
3.02989
3.05381
3.06518
3.06356
3.0505
3.02851
3.00012
2.9677
2.93335
2.89882
2.8658
2.83672
2.81506
2.80391
2.80309
2.80781
2.81006
2.80247
2.78203
2.75299
2.72658
2.71426
2.71976
2.74035
2.7726
2.8127
2.85412
2.88803
2.90597
2.90201
2.87378
2.8232
2.75643
2.68193
2.61001
2.55887
2.55258
2.59699
2.66915
2.74174
2.80187
2.84887
2.88759
2.92391
2.96003
2.99242
3.01498
3.02319
3.01559
2.99374
2.96253
2.92926
2.90085
2.88037
2.86581
2.8525
2.83757
2.82274
2.81369
2.81653
2.8331
2.85859
2.884
2.90115
2.90603
2.89881
2.88272
2.8632
2.84636
2.83713
2.83831
2.85
2.86915
2.89032
2.90708
2.91333
2.90496
2.88134
2.84713
2.81423
2.79819
2.8053
2.82748
2.8557
2.88705
2.91903
2.94795
2.96973
2.97794
2.96538
2.92916
2.87259
2.80337
2.73203
2.67255
2.64013
2.64009
2.66139
2.68777
2.7097
2.72427
2.73088
2.73016
2.72495
2.72039
2.7216
2.73058
2.74494
2.76004
2.77164
2.77634
2.77089
2.75382
2.72927
2.70829
2.70456
2.72588
2.76766
2.81564
2.85578
2.88126
2.89224
2.8912
2.87963
2.8579
2.82693
2.79021
2.75603
2.73688
2.7408
2.76056
2.77661
2.7725
2.7473
2.7176
2.70212
2.70051
2.69847
2.6883
2.67505
2.67015
2.68225
2.70956
2.74019
2.76068
2.7647
2.75609
2.74639
2.74747
2.76206
2.78088
2.79028
2.78085
2.74981
2.69951
2.63588
2.56927
2.51703
2.50131
2.53691
2.61666
2.71466
2.8063
2.87766
2.92201
2.93698
2.92765
2.91029
2.90707
2.92871
2.96446
2.99448
3.0063
2.99916
2.98031
2.9588
2.93859
2.91555
2.88104
2.82957
2.76532
2.70348
2.6633
2.65531
2.67467
2.7073
2.73949
2.76203
2.77015
2.76369
2.74755
2.73007
2.71992
2.72302
2.74134
2.77334
2.81441
2.85741
2.89534
2.9254
2.94919
2.96803
2.97957
2.97947
2.96482
2.93567
2.89569
2.85171
2.81128
2.77945
2.75788
2.74625
2.74379
2.74954
2.76108
2.77385
2.78215
2.78254
2.77644
2.76889
2.76465
2.76637
2.7753
2.79101
2.81095
2.83101
2.8469
2.85571
2.85549
2.84406
2.82062
2.78844
2.75483
2.72802
2.71373
2.71478
2.73286
2.76752
2.81218
2.85551
2.8887
2.90961
2.92002
2.92172
2.91762
2.91423
2.916
2.91808
2.91143
2.89242
2.86446
2.83502
2.81189
2.79917
2.79622
2.80167
2.81694
2.84374
2.87882
2.91361
2.94009
2.95654
2.96702
2.97545
2.98055
2.97738
2.9639
2.94692
2.94069
2.95632
2.99151
3.03293
3.0661
3.08146
3.07453
3.04385
2.99077
2.9225
2.85423
2.80277
2.77609
2.77628
2.80523
2.85272
2.89656
2.92158
2.92739
2.92386
2.92438
2.93856
2.96725
3.00313
3.03551
3.05497
3.05561
3.03484
2.99286
2.93335
2.86473
2.79988
2.75241
2.7313
2.73728
2.76308
2.79687
2.82772
2.84982
2.86262
2.86775
2.86621
2.85837
2.84597
2.83279
2.82178
2.81095
2.79436
2.7683
2.73574
2.70456
2.68149
2.66665
2.65489
2.64322
2.63541
2.63789
2.65196
2.6721
2.69207
2.71082
2.73215
2.75932
2.78965
2.81462
2.82613
2.82259
2.80966
2.7956
2.78613
2.78464
2.7963
2.82749
2.87598
2.92626
2.9617
2.978
2.98124
2.97757
2.96938
2.959
2.94955
2.94012
2.92399
2.8942
2.85017
2.79916
2.7517
2.71512
2.69123
2.67798
2.67125
2.66567
2.65614
2.64082
2.62444
2.61665
2.62268
2.6385
2.65664
2.6711
2.67799
2.67626
2.66838
2.6595
2.65565
2.66175
2.67933
2.70644
2.73995
2.77662
2.81327
2.84834
2.88192
2.912
2.93294
2.93948
2.93013
2.90646
2.87074
2.8244
2.76865
2.70779
2.65301
2.62008
2.61923
2.64802
2.69426
2.74408
2.7881
2.82318
2.85084
2.87463
2.89845
2.92547
2.95659
2.98801
3.01089
3.01453
2.99051
2.93601
2.85591
2.76376
2.67946
2.62162
2.59763
2.59992
2.61286
2.62338
2.62708
2.62705
2.62823
2.63169
2.63319
2.62796
2.61863
2.61661
2.63068
2.65597
2.6803
2.69713
2.70862
2.72143
2.74218
2.77404
2.81427
2.8542
2.88143
2.88368
2.85506
2.80298
2.75004
2.72356
2.73405
2.767
2.80197
2.83074
2.85664
2.88628
2.92257
2.96135
2.99283
3.00685
2.99798
2.96775
2.92346
2.87496
2.8315
2.80009
2.78543
2.78974
2.81171
2.84623
2.88528
2.92029
2.94476
2.95541
2.95158
2.93393
2.9043
2.86652
2.82631
2.79
2.76308
2.74944
2.75085
2.76692
2.79565
2.83229
2.86727
2.88972
2.8949
2.88658
2.87261
2.85959
2.85082
2.84695
2.84667
2.84736
2.84643
2.84315
2.83931
2.83821
2.84303
2.85519
2.87342
2.89365
2.90982
2.91823
2.92436
2.94107
2.97271
3.00622
3.02409
3.01831
2.99099
2.94941
2.90285
2.86195
2.83687
2.83151
2.84011
2.85216
2.86
2.86284
2.86828
2.88857
2.92828
2.97608
3.01296
3.02432
3.00452
2.95658
2.8906
2.82144
2.76529
2.73454
2.73298
2.75438
2.78601
2.81544
2.83571
2.84585
2.8477
2.84248
2.8307
2.81349
2.79229
2.76796
2.74143
2.71554
2.69593
2.68969
2.70215
2.73416
2.78145
2.83559
2.88573
2.92111
2.93428
2.92365
2.89397
2.85442
2.81469
2.78043
2.75055
2.71843
2.67667
2.62198
2.55708
2.48936
2.42847
2.38291
2.35684
2.3504
2.36318
2.39596
2.44862
2.51743
2.59414
2.66795
2.72938
2.7732
2.79835
2.80641
2.8009
2.78775
2.7743
2.76457
2.7563
2.74461
2.72855
2.71329
2.70636
2.71248
2.73175
2.76203
2.80117
2.84633
2.89218
2.93108
2.9556
2.96094
2.94664
2.91897
2.89286
2.88402
2.89136
2.89775
2.89112
2.8745
2.85958
2.85641
2.86691
2.88535
2.90343
2.9146
2.91532
2.90429
2.88115
2.84622
2.80215
2.75495
2.71199
2.67773
2.65102
2.62711
2.60288
2.58049
2.56547
2.56209
2.57103
2.58947
2.61121
2.63
2.6458
2.66589
2.69777
2.74178
2.7911
2.83627
2.86934
2.88676
2.89072
2.88733
2.88216
2.87751
2.87471
2.87725
2.88955
2.91288
2.94377
2.97536
3.00008
3.01285
3.01413
3.00849
2.99869
2.98277
2.95991
2.93628
2.92127
2.91831
2.92252
2.92712
2.92945
2.93083
2.93271
2.93293
2.92617
2.90776
2.87785
2.84179
2.80622
2.7757
2.75262
2.73782
2.73092
2.73037
2.7341
2.7417
2.75607
2.77983
2.80898
2.835
2.85285
2.86403
2.87244
2.87913
2.88095
2.8735
2.85528
2.83046
2.80811
2.79761
2.80352
2.82517
2.85914
2.89974
2.9377
2.9616
2.96248
2.93868
2.89759
2.85119
2.80634
2.76032
2.70778
2.64947
2.59333
2.54962
2.52638
2.5286
2.55882
2.61579
2.69251
2.77815
2.86383
2.945
3.01657
3.06861
3.09
3.07722
3.04026
2.99748
2.96094
2.9307
2.90483
2.88674
2.8808
2.88628
2.89714
2.90658
2.91133
2.91315
2.91727
2.92894
2.94984
2.97682
3.00399
3.02593
3.03882
3.04007
3.02805
3.00292
2.96684
2.92326
2.87607
2.82957
2.78884
2.75909
2.74462
2.74692
2.76311
2.78587
2.80612
2.81666
2.81464
2.8017
2.78158
2.7565
2.72622
2.69181
2.65879
2.63403
2.62205
2.62654
2.65203
2.699
2.75835
2.81445
2.85215
2.8613
2.83819
2.78607
2.7149
2.6384
2.56925
2.5178
2.4946
2.50838
2.55822
2.6301
2.70311
2.7592
2.7893
2.7946
2.78497
2.77418
2.77297
2.78439
2.80425
2.82419
2.83477
2.82833
2.8015
2.75674
2.70246
2.65053
2.6113
2.58899
2.58282
2.59173
2.61639
2.6568
2.70961
2.76753
2.82062
2.85905
2.87575
2.86802
2.83763
2.79001
2.73259
2.67283
2.61715
2.57106
2.54044
2.53226
2.55285
2.60398
2.68013
2.76974
2.86029
2.94285
3.01345
3.07155
3.11786
3.15303
3.17684
3.18791
3.18395
3.1624
3.12186
3.06312
2.98942
2.90597
2.81891
2.73435
2.65855
2.5992
2.56487
2.55943
2.57669
2.60377
2.62859
2.64421
2.65009
2.65131
2.65556
2.66894
2.69286
2.72276
2.74913
2.76264
2.76097
2.75143
2.74594
2.75224
2.77052
2.79653
2.82569
2.8552
2.8837
2.90989
2.932
2.94802
2.95609
2.95523
2.9477
2.93953
2.93449
2.92908
2.91697
2.89673
2.87469
2.86191
2.86766
2.89397
2.93608
2.98675
3.03907
3.08692
3.12459
3.14695
3.15009
3.13183
3.09184
3.03288
2.96299
2.89535
2.84215
2.80772
2.78984
2.7855
2.7923
2.80665
2.82342
2.83718
2.84338
2.83875
2.82194
2.79506
2.76485
2.74103
2.73172
2.73896
2.75692
2.77385
2.77628
2.75516
2.71305
2.66612
2.63116
2.60919
2.59015
2.56803
2.5464
2.53599
2.54799
2.58502
2.63789
2.69278
2.74144
2.78437
2.8266
2.87144
2.91842
2.9663
3.01571
3.06613
3.11201
3.14508
3.16024
3.15842
3.14505
3.12655
3.10725
3.08811
3.06774
3.0444
3.01773
2.98897
2.9596
2.92978
2.89841
2.86456
2.82914
2.79627
2.77253
2.76334
2.76904
2.78526
2.80704
2.83092
2.85452
2.876
2.89389
2.90631
2.9108
2.90545
2.89058
2.86931
2.84666
2.82748
2.81535
2.81289
2.82139
2.83875
2.85835
2.8723
2.87674
2.87487
2.87534
2.88705
2.91327
2.94914
2.98436
3.00912
3.01848
3.01269
2.99629
2.97929
2.97437
2.98559
3.00371
3.01583
3.01399
2.99632
2.96544
2.926
2.8831
2.84227
2.81023
2.79307
2.79314
2.80799
2.83156
2.85631
2.87576
2.8864
2.88822
2.88398
2.87731
2.87126
2.86761
2.86729
2.871
2.87914
2.89108
2.90519
2.91982
2.93391
2.94559
2.95055
2.94214
2.91313
2.85939
2.78773
2.7202
2.67742
2.66144
2.6691
2.70179
2.75539
2.81607
2.86833
2.90203
2.91396
2.90683
2.88776
2.86609
2.84995
2.84291
2.84305
2.84483
2.84223
2.83139
2.81126
2.78187
2.74291
2.6958
2.64738
2.60957
2.59268
2.59856
2.62109
2.65116
2.68004
2.70165
2.71412
2.7174
2.70942
2.68896
2.66294
2.64459
2.64135
2.65065
2.66817
2.69403
2.73193
2.7858
2.85546
2.93406
3.00983
3.07129
3.1124
3.13421
3.1413
3.13594
3.11764
3.08886
3.05802
3.03506
3.02503
3.025
3.02631
3.01982
3.00013
2.96578
2.91827
2.86323
2.81328
2.78648
2.79492
2.83487
2.89227
2.95391
3.01031
3.0535
3.07644
3.07581
3.05453
3.02155
2.98889
2.96683
2.95932
2.96308
2.97088
2.97706
2.97978
2.97845
2.97145
2.95904
2.94603
2.93931
2.94097
2.94389
2.93581
2.90957
2.87135
2.839
2.82566
2.82697
2.83153
2.83521
2.83949
2.84352
2.84273
2.8333
2.81332
2.78078
2.7376
2.6977
2.68606
2.72091
2.79415
2.87652
2.93932
2.96696
2.95752
2.92059
2.8737
2.83366
2.80623
2.78668
2.76993
2.75622
2.74865
2.74871
2.755
2.76534
2.77914
2.79666
2.81657
2.83451
2.84359
2.83706
2.81303
2.77773
2.74414
2.72564
2.72743
2.74303
2.761
2.77424
2.78107
2.77991
2.76748
2.74226
2.70842
2.67697
2.66319
2.67866
2.72045
2.77109
2.81203
2.8339
2.83597
2.8218
2.79688
2.76753
2.73932
2.71598
2.6993
2.6893
2.68313
2.67538
2.66257
2.6482
2.64127
2.64919
2.6739
2.71447
2.76977
2.83641
2.90597
2.96658
3.00729
3.02126
3.00648
2.96701
2.91697
2.88085
2.8772
2.90017
2.93018
2.95398
2.96826
2.97524
2.97857
2.98031
2.98054
2.97909
2.9766
2.97378
2.97018
2.96378
2.952
2.93258
2.90447
2.8685
2.82794
2.7885
2.75735
2.74087
2.74137
2.75471
2.77118
2.77961
2.77187
2.7452
2.70327
2.65638
2.62032
2.61068
2.63376
2.68273
2.74451
2.80917
2.87198
2.9302
2.98016
3.01729
3.03802
3.04213
3.03289
3.01458
2.98893
2.95439
2.90867
2.85266
2.79336
2.74365
2.71692
2.72015
2.75273
2.81051
2.88629
2.9671
3.03651
3.08127
3.09668
3.08885
3.07267
3.06317
3.06384
3.06424
3.0499
3.01321
2.95742
2.89394
2.8363
2.79466
2.77335
2.7704
2.77805
2.78561
2.78466
2.77341
2.75784
2.74682
2.74346
2.74246
2.73679
2.72523
2.7138
2.71232
2.72853
2.76304
2.80822
2.85134
2.87928
2.88293
2.86004
2.8149
2.75735
2.70143
2.66278
2.65499
2.68556
2.75246
2.84465
2.94685
3.04308
3.11825
3.1597
3.15909
3.11449
3.03267
2.93129
2.83735
2.77668
2.75873
2.77283
2.80041
2.82867
2.85389
2.87729
2.90054
2.9239
2.94636
2.9661
2.981
2.98963
2.99278
2.99329
2.9941
2.99619
2.99814
2.99759
2.99254
2.98186
2.96521
2.9437
2.92056
2.90082
2.88943
2.8891
2.89948
2.91736
2.93676
2.95003
2.95069
2.93619
2.90766
2.86769
2.81912
2.76559
2.71243
2.66553
2.62948
2.60672
2.59851
2.60601
2.62996
2.66804
2.71244
2.75231
2.78011
2.79639
2.80902
2.82737
2.85542
2.88922
2.91975
2.93749
2.93638
2.91635
2.88338
2.8463
2.81191
2.7828
2.76002
2.74736
2.75188
2.77883
2.82555
2.88227
2.93734
2.98104
3.00904
3.02281
3.02508
3.01623
2.99599
2.96613
2.93084
2.896
2.86762
2.84904
2.83788
2.82631
2.80687
2.77907
2.75071
2.73246
2.7312
2.74734
2.77709
2.81587
2.86146
2.91533
2.97882
3.0472
3.10986
3.15651
3.182
3.18678
3.17497
3.15196
3.12246
3.08877
3.05013
3.00442
2.95145
2.89515
2.84264
2.80116
2.77397
2.75957
2.75521
2.75857
2.76622
2.77486
2.78462
2.79841
2.81748
2.83883
2.85716
2.86861
2.87281
2.87202
2.86942
2.86803
2.87006
2.87574
2.88249
2.88599
2.88272
2.87276
2.86233
2.8612
2.87363
2.89161
2.89986
2.88759
2.85477
2.80764
2.75152
2.69143
2.6365
2.59902
2.58931
2.61214
2.66639
2.74562
2.83801
2.92856
3.00403
3.05687
3.08446
3.0869
3.06611
3.02646
2.97666
2.93318
2.91816
2.94251
2.99317
3.04726
3.08895
3.11066
3.10965
3.08955
3.06165
3.03549
3.00639
2.96074
2.89049
2.80132
2.718
2.67828
2.70193
2.7708
2.85469
2.93692
3.01056
3.06826
3.10203
3.10834
3.09065
3.05551
3.006
2.94054
2.85917
2.76939
2.68604
2.62632
2.6036
2.62313
2.6803
2.76028
2.84153
2.90457
2.94022
2.95125
2.94876
2.94535
2.94721
2.95012
2.94388
2.92174
2.89104
2.87533
2.89024
2.92023
2.93831
2.93068
2.89887
2.85962
2.84272
2.86385
2.90232
2.92929
2.93652
2.93229
2.92658
2.92219
2.91614
2.90541
2.88897
2.86681
2.83914
2.80685
2.77197
2.7385
2.71299
2.704
2.71895
2.75878
2.81456
2.87083
2.91351
2.93469
2.93226
2.90784
2.86544
2.81223
2.75921
2.71911
2.70119
2.70797
2.73747
2.78633
2.84745
2.90654
2.94518
2.94915
2.91333
2.84129
2.74539
2.65105
2.59403
2.59684
2.64797
2.71691
2.78168
2.8354
2.87763
2.90769
2.92507
2.9322
2.93382
2.93273
2.9262
2.90739
2.87191
2.82448
2.77964
2.75392
2.75676
2.78687
2.83366
2.88277
2.92285
2.94801
2.95618
2.94729
2.92251
2.88429
2.83652
2.78463
2.7353
2.69563
2.6719
2.66757
2.68208
2.71216
2.75258
2.79515
2.83028
2.85217
2.86215
2.86723
2.87465
2.8871
2.90185
2.91327
2.91615
2.90838
2.89183
2.87106
2.85062
2.8337
2.82206
2.81599
2.81501
2.81949
2.83187
2.85428
2.88444
2.91444
2.93412
2.93564
2.91679
2.88172
2.83894
2.79727
2.76146
2.72987
2.69619
2.6563
2.61673
2.59377
2.60021
2.6368
2.69475
2.75922
2.81415
2.84721
2.85158
2.82525
2.77027
2.69276
2.60478
2.52685
2.48602
2.50222
2.57021
2.65982
2.73621
2.77911
2.78907
2.78159
2.77448
2.77758
2.79144
2.81142
2.83171
2.84776
2.85716
2.86024
2.8599
2.86068
2.8676
2.88443
2.91105
2.94281
2.97494
3.00574
3.03366
3.05363
3.05914
3.04647
3.0156
2.96935
2.91417
2.86101
2.82338
2.81164
2.82638
2.85767
2.89202
2.91977
2.93703
2.94368
2.94093
2.93072
2.91625
2.90188
2.89084
2.88304
2.87541
2.86377
2.84331
2.80909
2.75904
2.69899
2.64426
2.6115
2.60644
2.6229
2.65216
2.68876
2.73002
2.77475
2.82207
2.86986
2.91436
2.95179
2.98018
2.99941
3.00995
3.01216
3.0075
2.99979
2.99323
2.98831
2.98102
2.96677
2.94406
2.91494
2.88346
2.85384
2.82868
2.80803
2.79021
2.77412
2.76136
2.756
2.76123
2.77495
2.78897
2.79385
2.78632
2.77434
2.77351
2.79047
2.8119
2.81737
2.79704
2.75738
2.72083
2.71467
2.7467
2.80011
2.85532
2.90271
2.93969
2.96613
2.98225
2.98788
2.98263
2.96607
2.9392
2.90671
2.87682
2.85649
2.84658
2.84295
2.84089
2.8373
2.83091
2.82351
2.82045
2.82659
2.84033
2.85177
2.84832
2.82221
2.77421
2.7139
2.65747
2.62222
2.61917
2.64806
2.6971
2.7485
2.78776
2.80936
2.81608
2.81562
2.8184
2.83427
2.86699
2.91032
2.95083
2.9751
2.97527
2.95113
2.91001
2.86537
2.83319
2.82556
2.84406
2.87797
2.91014
2.92566
2.91694
2.88411
2.83287
2.77146
2.70869
2.65476
2.62302
2.62537
2.66261
2.72245
2.78882
2.85041
2.90136
2.93878
2.96153
2.97094
2.97081
2.96488
2.95427
2.93754
2.9134
2.88361
2.85416
2.83335
2.82828
2.84197
2.8713
2.90712
2.93859
2.95879
2.96622
2.96356
2.95627
2.95146
2.95589
2.97377
3.00514
3.04542
3.08641
3.11914
3.13694
3.13745
3.12239
3.09547
3.06014
3.01862
2.97274
2.92594
2.88433
2.85473
2.83996
2.83633
2.83662
2.83513
2.82996
2.82219
2.81337
2.8039
2.79303
2.77976
2.76403
2.74965
2.74589
2.7623
2.80039
2.85279
2.90944
2.96195
3.00421
3.03209
3.04393
3.04146
3.02946
3.014
3.00015
2.99036
2.98335
2.97416
2.95726
2.93097
2.89945
2.8709
2.85344
2.85222
2.86829
2.89735
2.92948
2.95247
2.95712
2.94053
2.90561
2.85748
2.80026
2.73852
2.68357
2.65431
2.66363
2.70502
2.75964
2.81235
2.85702
2.89227
2.91752
2.93252
2.93797
2.93538
2.92626
2.91106
2.88938
2.8617
2.83126
2.80438
2.78812
2.78705
2.80163
2.82874
2.86323
2.89961
2.93298
2.95902
2.97329
2.9718
2.95376
2.92313
2.88625
2.84797
2.81124
2.7818
2.7703
2.78446
2.82065
2.86777
2.9161
2.96037
2.99783
3.02586
3.04148
3.04287
3.02954
3.00155
2.96106
2.91673
2.88419
2.87562
2.88792
2.90665
2.91881
2.91783
2.90033
2.86364
2.80814
2.7421
2.6813
2.64144
2.6298
2.64351
2.67341
2.7089
2.73991
2.75838
2.76221
2.75893
2.76438
2.79315
2.8468
2.91275
2.97616
3.03009
3.07483
3.11188
3.13999
3.15546
3.15384
3.13173
3.08787
3.0238
2.94424
2.85778
2.77734
2.71718
2.68545
2.68007
2.69427
2.72401
2.7681
2.8238
2.88299
2.93165
2.95388
2.93989
2.89385
2.83619
2.79388
2.78241
2.79577
2.81457
2.82053
2.80479
2.7696
2.72783
2.70009
2.7056
2.75016
2.82251
2.90321
2.97645
3.03458
3.07559
3.09945
3.10683
3.09941
3.08001
3.05203
3.01759
2.97637
2.92717
2.87174
2.8175
2.77686
2.76174
2.77654
2.81412
2.85906
2.89735
2.92481
2.94416
2.95166
2.93499
2.88853
2.82628
2.78079
2.78294
2.83193
2.89552
2.9404
2.95026
2.92476
2.87366
2.81172
2.75401
2.71286
2.69759
2.71334
2.75754
2.82088
2.89195
2.95965
3.01392
3.04804
3.06217
3.06323
3.05789
3.04648
3.02709
3.00185
2.97676
2.95733
2.94511
2.93692
2.92636
2.90576
2.86812
2.80961
2.73479
2.6609
2.60949
2.59014
2.59821
2.62124
2.64689
2.67071
2.69493
2.72237
2.75207
2.77887
2.79643
2.80073
2.79128
2.77034
2.74271
2.71617
2.70073
2.70492
2.73179
2.77791
2.83507
2.89381
2.94623
2.98582
3.00567
2.9992
2.9644
2.9097
2.85399
2.81401
2.78838
2.76363
2.73371
2.70638
2.69609
2.71441
2.76241
2.82829
2.89305
2.94047
2.96388
2.9665
2.95762
2.9471
2.939
2.92847
2.90683
2.87046
2.82349
2.77316
2.72381
2.67604
2.63212
2.60175
2.59832
2.62564
2.67173
2.71888
2.7558
2.78229
2.80661
2.8342
2.85879
2.86948
2.86097
2.83517
2.7989
2.76242
2.73709
2.7299
2.73971
2.75951
2.78104
2.79841
2.81011
2.8185
2.8268
2.83653
2.84709
2.85783
2.8695
2.88244
2.89292
2.893
2.87565
2.84031
2.79347
2.74353
2.69581
2.6566
2.64198
2.67077
2.74063
2.82732
2.90892
2.97649
3.02913
3.06771
3.09205
3.10053
3.09123
3.06404
3.02315
2.9783
2.9423
2.9264
2.93744
2.97591
3.03179
3.08666
3.12466
3.13922
3.13074
3.10213
3.05639
2.99606
2.92462
2.84944
2.78296
2.73996
2.73189
2.76162
2.82166
2.89702
2.97189
3.03519
3.08177
3.11086
3.12434
3.12503
3.11488
3.09313
3.05641
3.00153
2.93002
2.8504
2.77609
2.72037
2.69228
2.69464
2.72203
2.76036
2.79108
2.79868
2.77665
2.72857
2.66509
2.59908
2.54172
2.50076
2.47947
2.47618
2.4857
2.50273
2.52461
2.55119
2.58209
2.61427
2.64254
2.6625
2.67252
2.67331
2.66621
2.6532
2.63867
2.62967
2.63233
2.64691
2.66743
2.68794
2.70933
2.73835
2.77885
2.82524
2.8659
2.89148
2.90008
2.89615
2.88416
2.86338
2.83208
2.79498
2.76189
2.73952
2.72713
2.71909
2.70923
2.69459
2.67705
2.66178
2.65349
2.65464
2.66511
2.68248
2.70349
2.72596
2.7486
2.76797
2.77729
2.76926
2.74202
2.70326
2.66715
2.64406
2.63341
2.62686
2.61621
2.59777
2.57245
2.5459
2.52984
2.53945
2.58305
2.6531
2.72958
2.79281
2.83197
2.84585
2.84013
2.82456
2.81055
2.80883
2.82652
2.86519
2.92075
2.98453
3.04605
3.09682
3.13258
3.15209
3.15539
3.14377
3.12036
3.08877
3.05118
3.00787
2.95824
2.90183
2.83919
2.77207
2.70413
2.64362
2.60522
2.60392
2.64281
2.70958
2.78606
2.85704
2.91152
2.9418
2.94478
2.92467
2.89237
2.85807
2.82409
2.78834
2.75275
2.72559
2.71767
2.7361
2.77888
2.8344
2.88693
2.92346
2.93702
2.92599
2.89196
2.83874
2.7737
2.70913
2.66022
2.63853
2.64666
2.67832
2.7232
2.772
2.81852
2.85984
2.89636
2.93084
2.9653
2.99828
3.02461
3.03773
3.03349
3.01257
2.97872
2.93488
2.88247
2.82381
2.76401
2.71025
2.66957
2.64665
2.64218
2.65218
2.6694
2.68619
2.69646
2.69605
2.6828
2.65738
2.624
2.59059
2.5677
2.5659
2.59214
2.64615
2.71825
2.79162
2.84959
2.88248
2.88919
2.87566
2.85331
2.83623
2.83559
2.85238
2.87524
2.88844
2.88415
2.86487
2.83448
2.79431
2.74725
2.69822
2.65213
2.61592
2.59885
2.60759
2.64068
2.68754
2.73508
2.77586
2.80972
2.83925
2.86314
2.87552
2.87471
2.86934
2.86855
2.86797
2.85568
2.82724
2.78845
2.74905
2.71759
2.70012
2.69942
2.71293
2.73338
2.75487
2.7765
2.79891
2.81953
2.83285
2.83452
2.82525
2.81119
2.79988
2.79454
2.79219
2.78839
2.78372
2.785
2.79896
2.82488
2.85561
2.88448
2.90837
2.92522
2.93152
2.924
2.90374
2.87754
2.85403
2.83796
2.82784
2.81858
2.80605
2.79054
2.77808
2.7784
2.79937
2.8408
2.89303
2.94202
2.97611
2.98972
2.98268
2.95783
2.9192
2.87184
2.82222
2.77787
2.74606
2.73092
2.73078
2.73901
2.74871
2.75649
2.76288
2.76982
2.77779
2.78355
2.78054
2.76394
2.73918
2.72181
2.72153
2.73286
2.74529
2.75336
2.7576
2.76165
2.76872
2.77911
2.79093
2.80243
2.813
2.8218
2.82615
2.82229
2.8084
2.78801
2.77092
2.76664
2.77428
2.7837
2.78643
2.78112
2.77329
2.77381
2.79422
2.83741
2.89301
2.94379
2.97577
2.98277
2.96645
2.9344
2.89745
2.86561
2.84404
2.83095
2.81995
2.80518
2.78586
2.76696
2.75614
2.75886
2.77558
2.80288
2.83586
2.86941
2.89815
2.91644
2.91879
2.90087
2.86187
2.80799
2.75363
2.71563
2.70382
2.71824
2.75337
2.80089
2.85025
2.89113
2.91675
2.92506
2.91757
2.89791
2.87037
2.83766
2.8007
2.76307
2.73452
2.72635
2.74324
2.77998
2.825
2.86615
2.89496
2.90742
2.90249
2.88074
2.84444
2.79927
2.75547
2.72594
2.72167
2.74668
2.79483
2.85293
2.90781
2.95112
2.98056
2.99921
3.01356
3.0298
3.04977
3.0687
3.0767
3.06361
3.02409
2.95987
2.87965
2.79743
2.72811
2.68178
2.66053
2.66019
2.67545
2.70411
2.74714
2.8044
2.8706
2.93543
2.98784
3.0203
3.02927
3.01187
2.96473
2.889
2.79808
2.71683
2.66297
2.62944
2.59714
2.55958
2.5285
2.5215
2.54727
2.60013
2.6661
2.73152
2.7875
2.8301
2.85793
2.86995
2.86533
2.84515
2.81473
2.78421
2.76543
2.76583
2.78391
2.80971
2.82871
2.8272
2.79847
2.74778
2.69206
2.65236
2.6425
2.66219
2.70023
2.74384
2.78449
2.81838
2.84448
2.86263
2.87274
2.87469
2.86778
2.85013
2.81997
2.77976
2.7393
2.71095
2.69904
2.69733
2.69745
2.69574
2.69312
2.69202
2.69411
2.70114
2.71605
2.74112
2.77469
2.81082
2.84294
2.86725
2.88265
2.88839
2.8828
2.86466
2.83565
2.80163
2.77169
2.75571
2.76047
2.78641
2.82726
2.87334
2.91548
2.94745
2.96639
2.97264
2.97
2.96437
2.95989
2.95611
2.95009
2.9404
2.9281
2.9146
2.90032
2.88555
2.87136
2.85946
2.85128
2.84764
2.84926
2.8571
2.87144
2.89004
2.90777
2.91973
2.92448
2.92437
2.92356
2.9264
2.93572
2.95066
2.96581
2.97354
2.96812
2.94883
2.9198
2.88585
2.84823
2.80543
2.75794
2.71087
2.67088
2.6416
2.62219
2.61069
2.60785
2.61755
2.64327
2.68408
2.73398
2.78425
2.82594
2.85201
2.85896
2.84822
2.82755
2.81143
2.81585
2.84791
2.90016
2.95523
2.99591
3.01271
3.00559
2.98185
2.95231
2.92711
2.91136
2.90361
2.8989
2.89368
2.88877
2.88826
2.89615
2.91314
2.93492
2.9536
2.96154
2.95501
2.93539
2.90806
2.88101
2.86288
2.85976
2.87161
2.89139
2.90813
2.9115
2.8959
2.86403
2.82828
2.80444
2.79845
2.80206
2.80505
2.80766
2.81877
2.84517
2.88584
2.93334
2.97705
3.0066
3.01546
3.00254
2.97136
2.9284
2.88202
2.8414
2.81307
2.79666
2.78627
2.77751
2.77139
2.77066
2.77464
2.77917
2.781
2.78011
2.77708
2.77027
2.75709
2.7368
2.71239
2.69225
2.68885
2.70959
2.74653
2.78351
2.8133
2.83868
2.85835
2.86441
2.85404
2.8344
2.81633
2.80744
2.81008
2.82295
2.84279
2.86493
2.88418
2.89797
2.91149
2.93543
2.97161
3.00756
3.03055
3.03699
3.02829
3.00642
2.97474
2.9396
2.90912
2.88959
2.88227
2.88287
2.88471
2.8833
2.87887
2.87525
2.87552
2.87835
2.87878
2.87392
2.868
2.87053
2.88809
2.91924
2.95694
2.99232
3.0162
3.02064
3.00083
2.95576
2.8879
2.80243
2.70757
2.61572
2.54273
2.50163
2.49322
2.50538
2.52378
2.54253
2.56417
2.59062
2.61635
2.63424
2.6453
2.65788
2.67858
2.70865
2.74578
2.78557
2.82243
2.85136
2.86813
2.8688
2.84969
2.80937
2.7518
2.68902
2.63994
2.62242
2.64322
2.69558
2.76574
2.84031
2.90927
2.96631
3.00905
3.03885
3.05897
3.07194
3.07774
3.07434
3.05946
3.03236
2.99506
2.95231
2.90943
2.87053
2.83966
2.82239
2.82256
2.83678
2.85507
2.86738
2.86817
2.85588
2.83102
2.79704
2.76214
2.73769
2.73283
2.74971
2.78294
2.82307
2.86173
2.89568
2.92658
2.95661
2.98449
3.00583
3.01768
3.02177
3.02268
3.02245
3.01859
3.00791
2.99073
2.97155
2.95666
2.95049
2.95296
2.96016
2.96704
2.96944
2.96385
2.94735
2.91915
2.88291
2.84679
2.81823
2.79849
2.7834
2.76944
2.75846
2.75682
2.7683
2.78648
2.79764
2.79377
2.78138
2.77742
2.79534
2.83308
2.87372
2.89823
2.89772
2.87536
2.83914
2.7959
2.75197
2.71519
2.6921
2.68435
2.68928
2.70356
2.72384
2.74504
2.76296
2.78016
2.80283
2.83118
2.85971
2.88472
2.90749
2.93192
2.95974
2.98717
3.00924
3.0252
3.03362
3.02697
3.00162
2.97399
2.9776
3.02501
3.08787
3.13315
3.15014
3.1437
3.12161
3.08847
3.04805
3.00968
2.98738
2.98969
3.01137
3.03798
3.05683
3.06139
3.04936
3.02117
2.98158
2.94091
2.91283
2.90759
2.92185
2.93718
2.93379
2.9032
2.85093
2.79309
2.7486
2.72893
2.73253
2.74817
2.76288
2.76805
2.76184
2.74866
2.73703
2.73483
2.744
2.76052
2.77867
2.79426
2.80512
2.8113
2.81602
2.82539
2.84391
2.86939
2.89356
2.90852
2.9141
2.9192
2.93359
2.95657
2.97651
2.98178
2.96941
2.9459
2.92321
2.912
2.91481
2.92535
2.93505
2.9383
2.93116
2.90883
2.86904
2.81715
2.76637
2.73291
2.72989
2.76166
2.81971
2.8847
2.93645
2.9643
2.97076
2.96555
2.95417
2.93421
2.90345
2.86699
2.83397
2.81082
2.79965
2.79904
2.80408
2.80919
2.81195
2.81325
2.81516
2.82019
2.83108
2.84765
2.86377
2.87108
2.86644
2.85471
2.84505
2.84379
2.84939
2.85314
2.84342
2.81074
2.75234
2.67598
2.60008
2.54705
2.53313
2.56105
2.61908
2.68815
2.75253
2.80569
2.84927
2.88831
2.92522
2.95589
2.97201
2.9678
2.94511
2.91356
2.8856
2.86945
2.86551
2.86824
2.87004
2.86412
2.84674
2.81929
2.78861
2.76365
2.7489
2.74152
2.73555
2.72725
2.71634
2.70514
2.69748
2.69717
2.70521
2.7177
2.72747
2.72856
2.72096
2.71012
2.70122
2.69621
2.69717
2.70922
2.73712
2.78026
2.83194
2.88319
2.92638
2.95672
2.97224
2.97412
2.96626
2.95298
2.93595
2.9132
2.88212
2.84372
2.80417
2.77165
2.75139
2.74403
2.74761
2.7586
2.76972
2.77127
2.76402
2.76797
2.80004
2.84742
2.88614
2.9058
2.90725
2.89425
2.87102
2.84182
2.80953
2.77488
2.73788
2.70104
2.67198
2.66151
2.67612
2.71134
2.75493
2.79536
2.82546
2.84114
2.84014
2.82313
2.79514
2.76538
2.74466
2.74189
2.76185
2.80359
2.86027
2.92135
2.97571
3.01397
3.02957
3.02013
2.98903
2.94502
2.89842
2.85601
2.81871
2.78285
2.74405
2.70114
2.65811
2.62279
2.60324
2.6039
2.62404
2.65909
2.70339
2.75211
2.80052
2.84288
2.87331
2.88846
2.88946
2.88149
2.87099
2.86264
2.85881
2.86119
2.87189
2.89139
2.9157
2.93611
2.94307
2.93148
2.90333
2.86576
2.82604
2.78728
2.74888
2.71121
2.68015
2.66575
2.67408
2.69957
2.72715
2.74214
2.73738
2.71467
2.68297
2.6565
2.65001
2.66859
2.70312
2.74024
2.77241
2.79815
2.81887
2.8376
2.85839
2.88436
2.91498
2.94374
2.95868
2.94723
2.90608
2.84911
2.79986
2.77153
2.76245
2.76839
2.7853
2.80478
2.81679
2.81504
2.79804
2.76673
2.72313
2.67154
2.61949
2.5755
2.54504
2.52884
2.52437
2.52847
2.53957
2.55863
2.58814
2.62984
2.68226
2.73995
2.79543
2.84218
2.87604
2.89553
2.90251
2.90407
2.90985
2.92376
2.94113
2.95615
2.96745
2.97704
2.98767
3.00079
3.0162
3.03361
3.0548
3.08139
3.1101
3.13313
3.14378
3.14022
3.12521
3.10309
3.07685
3.04694
3.01318
2.97742
2.94374
2.91632
2.89841
2.89348
2.905
2.93333
2.97293
3.01347
3.04376
3.05495
3.04179
3.00357
2.94501
2.87604
2.80994
2.76067
2.73897
2.74794
2.78206
2.83104
2.88396
2.93089
2.96428
2.98062
2.98092
2.96961
2.95211
2.93246
2.91271
2.89393
2.87797
2.86832
2.86895
2.88117
2.90053
2.91679
2.91755
2.89329
2.84165
2.7702
2.69594
2.63885
2.61183
2.61606
2.64632
2.69616
2.75654
2.81588
2.86492
2.89995
2.92121
2.93207
2.93966
2.9523
2.9722
2.99252
3.00374
3.00242
2.99413
2.9893
2.99483
3.00862
3.0222
3.02985
3.03563
3.05053
3.08047
3.11839
3.14959
3.16135
3.14755
3.10933
3.05399
2.99155
2.92957
2.87107
2.81759
2.77278
2.74326
2.73625
2.75522
2.79753
2.85612
2.92194
2.98506
3.03614
3.06802
3.07677
3.06255
3.02991
2.98766
2.94699
2.9163
2.8953
2.8739
2.83942
2.78707
2.72661
2.68028
2.66926
2.69613
2.74246
2.78315
2.80019
2.78656
2.74576
2.69052
2.63882
2.60487
2.59165
2.59382
2.60439
2.61558
2.61802
2.60484
2.57994
2.56204
2.57028
2.60443
2.64886
2.68864
2.7158
2.73013
2.73827
2.74961
2.77065
2.80141
2.8363
2.86763
2.88895
2.89677
2.89172
2.87907
2.86822
2.86901
2.88586
2.91408
2.9431
2.96367
2.97218
2.97093
2.96606
2.96458
2.97147
2.9877
3.01074
3.03706
3.0644
3.09103
3.11413
3.13067
3.13986
3.1434
3.14318
3.13828
3.12457
3.09741
3.05548
3.0015
2.9404
2.87712
2.81492
2.75411
2.69309
2.6324
2.57739
2.53516
2.51144
2.51288
2.54756
2.61799
2.7144
2.81844
2.91321
2.98979
3.04674
3.08538
3.10558
3.10442
3.07869
3.02942
2.9647
2.89863
2.84632
2.81771
2.81438
2.83101
2.85965
2.89318
2.9264
2.95554
2.97714
2.98853
2.99024
2.98747
2.98708
2.9914
2.99664
2.99759
2.99102
2.97593
2.95354
2.9271
2.90047
2.87593
2.85397
2.8365
2.82848
2.83307
2.84586
2.85733
2.85886
2.84573
2.81809
2.78101
2.74329
2.71485
2.70377
2.71441
2.74659
2.79594
2.8557
2.91889
2.97835
3.02604
3.0541
3.05764
3.0379
3.00336
2.96702
2.93985
2.92503
2.91788
2.91083
2.8985
2.88146
2.8671
2.86539
2.88068
2.90841
2.93957
2.96617
2.98483
3.00161
3.02986
3.0715
3.10743
3.11798
3.09985
3.06323
3.02333
2.99364
2.98143
2.98623
3.00203
3.02108
3.03682
3.04502
3.04332
3.02973
3.00179
2.95846
2.90364
2.84776
2.8037
2.7793
2.77361
2.78077
2.79644
2.82046
2.85511
2.90126
2.95438
3.00367
3.03598
3.04185
3.01913
2.97318
2.91455
2.85547
2.80668
2.7757
2.76595
2.77476
2.7919
2.80273
2.79615
2.77292
2.74829
2.74137
2.75657
2.78133
2.80212
2.81466
2.82053
2.82085
2.81552
2.80451
2.78776
2.76554
2.74073
2.71967
2.7099
2.71635
2.73783
2.7667
2.79313
2.80897
2.80698
2.78314
2.74453
2.71085
2.70307
2.72797
2.77422
2.82153
2.85179
2.85484
2.82948
2.78225
2.72585
2.67646
2.64684
2.638
2.6394
2.63891
2.63164
2.62037
2.61046
2.60511
2.60496
2.61228
2.6337
2.67551
2.73651
2.8082
2.88112
2.94867
3.00641
3.05038
3.07697
3.08389
3.07062
3.03799
2.98803
2.92422
2.85177
2.77736
2.70799
2.64882
2.6007
2.56019
2.52408
2.49509
2.48245
2.4959
2.53754
2.59785
2.66081
2.71387
2.7535
2.78162
2.79745
2.79547
2.77246
2.73413
2.69489
2.67165
2.67546
2.70594
2.75249
2.8008
2.83984
2.8654
2.87969
2.88822
2.89589
2.90492
2.91463
2.92199
2.92218
2.9102
2.88308
2.84105
2.78783
2.73033
2.67796
2.64097
2.62814
2.64342
2.68259
2.73291
2.7791
2.81119
2.82753
2.83155
2.82669
2.8145
2.79612
2.77337
2.74815
2.72248
2.70089
2.69124
2.69806
2.71616
2.73641
2.7547
2.77306
2.79529
2.82301
2.85497
2.88931
2.92507
2.96115
2.9946
3.02102
3.03685
3.04089
3.03358
3.01528
2.98586
2.94697
2.90444
2.86564
2.8325
2.80014
2.76525
2.73326
2.71534
2.71847
2.73882
2.76432
2.78295
2.78815
2.77935
2.75975
2.73435
2.70918
2.69097
2.6859
2.69642
2.71939
2.74752
2.77249
2.7875
2.78836
2.77407
2.74809
2.71944
2.70108
2.70435
2.73319
2.78246
2.84076
2.89558
2.93793
2.9643
2.97638
2.97983
2.98253
2.99113
3.00643
3.0221
3.02836
3.01712
2.98493
2.93363
2.87033
2.80605
2.7523
2.71674
2.70162
2.70547
2.72332
2.74592
2.76449
2.77893
2.79681
2.82097
2.84249
2.84816
2.83201
2.80065
2.77016
2.74963
2.72591
2.67762
2.601
2.51739
2.46141
2.45724
2.50292
2.57935
2.66672
2.75071
2.8218
2.87363
2.90179
2.90429
2.88297
2.84462
2.80075
2.76592
2.75426
2.77221
2.81304
2.86142
2.90311
2.92985
2.93918
2.93265
2.9139
2.88652
2.85334
2.81843
2.78859
2.77077
2.76696
2.77266
2.78091
2.78794
2.79525
2.80766
2.83083
2.86904
2.92255
2.98603
3.05035
3.10576
3.14456
3.16238
3.15863
3.13584
3.09865
3.05271
3.00356
2.95701
2.9202
2.90067
2.90099
2.91281
2.92115
2.91614
2.89878
2.87676
2.85553
2.83358
2.80567
2.76844
2.72387
2.67988
2.64771
2.63647
2.6504
2.68934
2.74805
2.81574
2.87941
2.92989
2.9645
2.98487
2.99365
2.99259
2.98291
2.96838
2.95764
2.95989
2.97645
2.99841
3.012
3.00688
2.98094
2.9396
2.89191
2.84744
2.81513
2.80167
2.80757
2.82594
2.84692
2.86354
2.8742
2.88054
2.88277
2.87627
2.8548
2.81901
2.78232
2.7641
2.77278
2.79858
2.82442
2.83957
2.84312
2.83939
2.83221
2.82312
2.81345
2.80617
2.804
2.80619
2.80788
2.80391
2.79445
2.7883
2.79871
2.83208
2.88049
2.92826
2.96441
2.98706
2.99963
3.00631
3.0102
3.01385
3.01944
3.02719
3.03321
3.02985
3.00901
2.96676
2.90719
2.84263
2.78781
2.74958
2.72374
2.70308
2.68556
2.67486
2.67605
2.69096
2.71533
2.74042
2.75865
2.76819
2.7737
2.7827
2.79973
2.82229
2.84279
2.85493
2.85914
2.86223
2.87108
2.8863
2.90228
2.91274
2.91476
2.90953
2.90091
2.89318
2.88894
2.88834
2.89001
2.8928
2.89727
2.90571
2.92048
2.94132
2.96388
2.98046
2.98257
2.96393
2.92377
2.86945
2.81636
2.7823
2.77691
2.79603
2.82744
2.86015
2.88752
2.90567
2.91306
2.91097
2.90241
2.89072
2.87777
2.86355
2.84779
2.83072
2.81205
2.79223
2.77689
2.77737
2.80445
2.85653
2.91348
2.95218
2.96413
2.9541
2.93059
2.90032
2.86821
2.83938
2.81899
2.80994
2.81118
2.81863
2.82809
2.83796
2.84796
2.854
2.84743
2.82233
2.78121
2.7341
2.69348
2.66941
2.66564
2.67741
2.69452
2.70894
2.71965
2.7309
2.74728
2.76953
2.7935
2.81326
2.8271
2.84045
2.85941
2.88104
2.89457
2.89145
2.87135
2.84085
2.80969
2.78609
2.77168
2.75965
2.74037
2.70997
2.67472
2.64843
2.64407
2.66673
2.71596
2.78938
2.8791
2.96919
3.04215
3.08668
3.09928
3.08206
3.04128
2.98693
2.931
2.88203
2.84039
2.802
2.76624
2.73796
2.72306
2.7244
2.7407
2.76528
2.78754
2.79983
2.80282
2.80396
2.81115
2.82706
2.84805
2.86814
2.88218
2.88563
2.87605
2.85569
2.83063
2.80689
2.78788
2.77442
2.76473
2.75496
2.74093
2.72021
2.69377
2.66762
2.65289
2.66038
2.69085
2.73093
2.76018
2.76348
2.74163
2.7129
2.69999
2.71356
2.75035
2.80054
2.85152
2.89001
2.9066
2.89897
2.87161
2.83317
2.7932
2.75906
2.73546
2.72656
2.73599
2.76229
2.79655
2.82742
2.84935
2.86506
2.88061
2.89978
2.92256
2.94536
2.96212
2.96643
2.95307
2.91954
2.87091
2.8271
2.81481
2.83861
2.8761
2.90669
2.9255
2.93794
2.95215
2.97271
2.99553
3.00825
3.00011
2.97544
2.954
2.94723
2.94325
2.9251
2.8883
2.83951
2.78955
2.74773
2.71865
2.7014
2.69077
2.68038
2.66741
2.65581
2.65242
2.65883
2.66993
2.68009
2.68864
2.70055
2.72235
2.75561
2.79489
2.83171
2.85958
2.87616
2.88266
2.88245
2.87903
2.87444
2.8685
2.86016
2.85089
2.84934
2.87172
2.92907
3.01163
3.09148
3.14157
3.15016
3.12039
3.06341
2.99311
2.92194
2.85805
2.80534
2.76567
2.74071
2.73117
2.73542
2.74965
2.76983
2.79349
2.81896
2.84348
2.86252
2.8713
2.8668
2.84834
2.817
2.77607
2.73222
2.69434
2.66886
2.65546
2.6494
2.6489
2.65877
2.68585
2.73291
2.79665
2.86787
2.93354
2.98224
3.00868
3.01251
2.99507
2.95895
2.90936
2.85348
2.79694
2.74103
2.6842
2.62653
2.57298
2.53262
2.51384
2.51938
2.54533
2.5841
2.62815
2.67084
2.70524
2.72367
2.72098
2.70197
2.68483
2.68446
2.69422
2.70368
2.71807
2.74584
2.78277
2.8159
2.83481
2.83623
2.82324
2.80297
2.78368
2.77187
2.77076
2.78064
2.79978
2.82523
2.85403
2.88314
2.90723
2.91841
2.91058
2.88479
2.85097
2.82364
2.81432
2.82661
2.85617
2.89411
2.93133
2.96173
2.98347
2.99836
3.00947
3.01786
3.02042
3.01109
2.98511
2.94356
2.89497
2.85263
2.8284
2.82747
2.84781
2.88377
2.92936
2.97849
3.02383
3.05717
3.07129
3.06211
3.02957
2.97722
2.91136
2.84049
2.77379
2.71819
2.67573
2.64388
2.61947
2.60265
2.59608
2.60154
2.6184
2.64356
2.67219
2.7
2.72493
2.74656
2.76474
2.77953
2.79133
2.80061
2.80774
2.81267
2.81344
2.80508
2.78245
2.74541
2.7019
2.66536
2.64784
2.65314
2.67594
2.70779
2.74352
2.78118
2.81806
2.84861
2.86575
2.86417
2.84393
2.81186
2.77874
2.75303
2.73637
2.72474
2.71349
2.70079
2.68777
2.67765
2.67574
2.68673
2.70893
2.73369
2.75223
2.76047
2.75889
2.7509
2.74053
2.72834
2.71039
2.6849
2.65959
2.65012
2.66827
2.71193
2.76838
2.82535
2.8766
2.92086
2.9579
2.98565
2.9997
2.99517
2.96916
2.92357
2.86707
2.81384
2.77834
2.76939
2.78735
2.82485
2.8705
2.91429
2.95037
2.97571
2.98776
2.98407
2.96417
2.93176
2.89486
2.86306
2.84231
2.83185
2.82746
2.82719
2.8315
2.8387
2.84195
2.83087
2.79712
2.7413
2.67641
2.62208
2.59214
2.58847
2.60597
2.63972
2.68612
2.74053
2.79669
2.84823
2.89012
2.9191
2.93366
2.93352
2.91824
2.88647
2.83851
2.78149
2.7321
2.70955
2.72151
2.76013
2.81142
2.86311
2.90534
2.93059
2.93537
2.92124
2.89328
2.85684
2.81496
2.76876
2.72012
2.67419
2.63935
2.62377
2.63007
2.65169
2.67594
2.69238
2.69807
2.69682
2.69518
2.69808
2.70631
2.71637
2.72321
2.72373
2.71933
2.71662
2.72395
2.74521
2.77751
2.81473
2.85104
2.88092
2.89825
2.8977
2.87707
2.83899
2.79113
2.7453
2.71553
2.7136
2.74291
2.79672
2.86362
2.9341
3.00096
3.0555
3.087
3.08729
3.05561
3.0003
2.93669
2.88025
2.83942
2.81481
2.803
2.79913
2.79781
2.79472
2.78855
2.78175
2.77908
2.78475
2.79988
2.82181
2.84471
2.86147
2.86595
2.85478
2.82798
2.78849
2.74191
2.69581
2.6584
2.63699
2.63592
2.65482
2.68866
2.73002
2.7711
2.80513
2.82771
2.83735
2.83436
2.81864
2.79001
2.75189
2.71457
2.69141
2.68804
2.69702
2.7057
2.70644
2.70039
2.69677
2.70786
2.7397
2.78634
2.83393
2.8695
2.88625
2.88447
2.87045
2.85409
2.84488
2.84836
2.86509
2.8924
2.92637
2.96157
2.99106
3.00796
3.0069
2.98439
2.94062
2.88452
2.83398
2.80122
2.78156
2.76676
2.75734
2.75692
2.76465
2.77636
2.78829
2.79876
2.80806
2.81615
2.82143
2.82252
2.82006
2.81571
2.81154
2.81096
2.81727
2.83038
2.84567
2.8564
2.85653
2.84286
2.81728
2.78818
2.76841
2.76951
2.79497
2.83775
2.88507
2.92637
2.95744
2.97877
2.99151
2.99507
2.9877
2.96877
2.94159
2.9155
2.90445
2.91982
2.96142
3.01557
3.06346
3.09226
3.09955
3.09051
3.07222
3.04967
3.02457
2.9972
2.969
2.9442
2.92889
2.92791
2.94099
2.96092
2.97688
2.98117
2.97322
2.95726
2.93658
2.91071
2.87803
2.84008
2.80193
2.76818
2.73936
2.71326
2.6898
2.67387
2.67333
2.69325
2.73156
2.78033
2.83047
2.87443
2.90609
2.9198
2.91087
2.87748
2.82326
2.75789
2.69431
2.64482
2.61788
2.61602
2.63546
2.66845
2.70747
2.74785
2.78692
2.82129
2.84495
2.85138
2.83795
2.80983
2.77933
2.75761
2.74586
2.73667
2.724
2.70985
2.70332
2.71303
2.74056
2.78089
2.82625
2.86885
2.90308
2.92664
2.94061
2.94869
2.95497
2.96135
2.96702
2.97001
2.96876
2.96262
2.95251
2.94111
2.9313
2.92413
2.91951
2.91867
2.92417
2.93621
2.95079
2.9623
2.96704
2.96377
2.95279
2.93617
2.91814
2.90265
2.88984
2.87858
2.87289
2.88264
2.91416
2.96121
3.011
3.05598
3.09532
3.12946
3.15646
3.17236
3.17359
3.15907
3.13157
3.09736
3.06392
3.03658
3.01695
3.00421
2.99754
2.99698
3.00227
3.01189
3.02323
3.03369
3.04182
3.04814
3.05543
3.06673
3.08287
3.10211
3.12234
3.14208
3.15911
3.1691
3.1663
3.14624
3.1088
3.0599
3.00983
2.96813
2.93856
2.91865
2.9034
2.88891
2.87339
2.85611
2.83738
2.81959
2.80655
2.80091
2.80355
2.81519
2.83701
2.86921
2.90893
2.94862
2.9771
2.98334
2.9618
2.9166
2.86024
2.80695
2.76769
2.75049
2.75735
2.77923
2.8007
2.8106
2.80752
2.79832
2.79302
2.79823
2.81336
2.83224
2.84822
2.8583
2.86256
2.86052
2.84859
2.82324
2.78867
2.75981
2.75321
2.77441
2.81519
2.85992
2.89345
2.90646
2.89742
2.87275
2.84591
2.83289
2.84417
2.87828
2.9239
2.96835
3.00448
3.0309
3.04869
3.05897
3.0633
3.06415
3.06324
3.0592
3.04827
3.02773
2.99796
2.96242
2.92626
2.8943
2.86934
2.85224
2.84336
2.84231
2.84599
2.84819
2.84201
2.82368
2.79523
2.76466
2.74289
2.73788
2.75008
2.77334
2.80108
2.83065
2.86003
2.88213
2.88855
2.87826
2.85781
2.83411
2.81094
2.79138
2.77842
2.77233
2.77026
2.76906
2.76801
2.76884
2.77374
2.78351
2.79704
2.81168
2.82421
2.83255
2.83741
2.84183
2.84869
2.85866
2.87041
2.88196
2.89202
2.90067
2.90929
2.91957
2.93135
2.94069
2.94014
2.92175
2.88107
2.82169
2.75802
2.70891
2.67921
2.65327
2.61865
2.59392
2.61166
2.66772
2.72937
2.77757
2.81125
2.83552
2.85552
2.87291
2.88572
2.89184
2.89143
2.88618
2.87823
2.87013
2.86407
2.85975
2.85228
2.83355
2.79745
2.7449
2.68496
2.63137
2.59687
2.5891
2.61012
2.65775
2.72638
2.80649
2.88482
2.9469
2.98194
2.9871
2.96857
2.93881
2.91098
2.89345
2.88803
2.89213
2.90179
2.91332
2.92399
2.93255
2.93956
2.94668
2.95543
2.96613
2.978
2.98983
3.00083
3.0109
3.02048
3.03034
3.0415
3.05478
3.06964
3.08238
3.08508
3.06778
3.0238
2.95569
2.87811
2.81317
2.77933
2.78054
2.80411
2.83163
2.85191
2.86278
2.86508
2.85865
2.84277
2.81783
2.7854
2.74747
2.70824
2.67677
2.66406
2.67422
2.70116
2.73537
2.77062
2.8044
2.83641
2.8689
2.90821
2.96162
3.02694
3.08881
3.12959
3.14013
3.12145
3.08223
3.0358
2.9964
