-1.54416
-1.54461
-1.54477
-1.54462
-1.54508
-1.54479
-1.54404
-1.54449
-1.54419
-1.54373
-1.54477
-1.54477
-1.54507
-1.54373
-1.54374
-1.54389
-1.54494
-1.54358
-1.54357
-1.54371
-1.54446
-1.54326
-1.54327
-1.54387
-1.54357
-1.54312
-1.54267
-1.54328
-1.54373
-1.54372
-1.54342
-1.54311
-1.54342
-1.54328
-1.54343
-1.54343
-1.54357
-1.54371
-1.54462
-1.54553
-1.54644
-1.54568
-1.54735
-1.54674
-1.54538
-1.54388
-1.54403
-1.54358
-1.54373
-1.54342
-1.54372
-1.54402
-1.54493
-1.54493
-1.54493
-1.54538
-1.54507
-1.54552
-1.54553
-1.54568
-1.54583
-1.54568
-1.54598
-1.54598
-1.54507
-1.54537
-1.54523
-1.54463
-1.54493
-1.54478
-1.54553
-1.54432
-1.54386
-1.54446
-1.544
-1.54431
-1.54387
-1.54417
-1.54372
-1.54523
-1.54538
-1.54538
-1.54447
-1.54538
-1.54523
-1.54447
-1.54508
-1.54613
-1.54598
-1.54553
-1.54462
-1.54537
-1.54567
-1.54582
-1.54688
-1.54628
-1.54598
-1.54523
-1.54463
-1.54387
-1.54371
-1.54431
-1.54416
-1.54281
-1.54266
-1.54252
-1.54237
-1.54131
-1.5401
-1.54009
-1.54024
-1.54024
-1.54099
-1.54129
-1.53993
-1.53962
-1.53993
-1.54145
-1.54176
-1.54161
-1.54222
-1.54267
-1.54388
-1.54312
-1.54403
-1.54387
-1.54342
-1.54417
-1.54597
-1.54521
-1.54521
-1.54522
-1.54583
-1.54539
-1.54585
-1.54645
-1.54674
-1.54598
-1.54643
-1.54704
-1.5478
-1.54734
-1.54824
-1.54778
-1.54899
-1.54945
-1.54961
-1.55067
-1.54946
-1.549
-1.54795
-1.54825
-1.54719
-1.54598
-1.54538
-1.54568
-1.54553
-1.54507
-1.54371
-1.54371
-1.54325
-1.54416
-1.54492
-1.54417
-1.54418
-1.54403
-1.54252
-1.54298
-1.54328
-1.54282
-1.54311
-1.54341
-1.54356
-1.54447
-1.54431
-1.54507
-1.54462
-1.54462
-1.54508
-1.54493
-1.54342
-1.54296
-1.54311
-1.54341
-1.54417
-1.54357
-1.54432
-1.54386
-1.54416
-1.54251
-1.54297
-1.54251
-1.54281
-1.54342
-1.5422
-1.54266
-1.54326
-1.54326
-1.54372
-1.54236
-1.5422
-1.54296
-1.54341
-1.54371
-1.54416
-1.5431
-1.54355
-1.54325
-1.5428
-1.54296
-1.54296
-1.54431
-1.54339
-1.54263
-1.54324
-1.54386
-1.54417
-1.54462
-1.54478
-1.54553
-1.54493
-1.54508
-1.54462
-1.54401
-1.54415
-1.54535
-1.5449
-1.54476
-1.54583
-1.54598
-1.54794
-1.54794
-1.54582
-1.54643
-1.54704
-1.54704
-1.54795
-1.54794
-1.54749
-1.54718
-1.54763
-1.54838
-1.54793
-1.54808
-1.54747
-1.54763
-1.54869
-1.5487
-1.5481
-1.5481
-1.5484
-1.54854
-1.54733
-1.54687
-1.54808
-1.54763
-1.54687
-1.54733
-1.54612
-1.54597
-1.54522
-1.54538
-1.54674
-1.5472
-1.54795
-1.54794
-1.54823
-1.54717
-1.54763
-1.54869
-1.54885
-1.54794
-1.54733
-1.54763
-1.54762
-1.54793
-1.54839
-1.54809
-1.54869
-1.54824
-1.54733
-1.54748
-1.54718
-1.54734
-1.54733
-1.54672
-1.54627
-1.54687
-1.54506
-1.54462
-1.54447
-1.54463
-1.54508
-1.54462
-1.54477
-1.54416
-1.54445
-1.54535
-1.54581
-1.54385
-1.54416
-1.54401
-1.54432
-1.54401
-1.5428
-1.5434
-1.5428
-1.5422
-1.54145
-1.54221
-1.5419
-1.54311
-1.54386
-1.54491
-1.54491
-1.54612
-1.54657
-1.54582
-1.54673
-1.54703
-1.54763
-1.54779
-1.549
-1.54855
-1.54794
-1.54839
-1.54868
-1.54959
-1.54974
-1.549
-1.54901
-1.54795
-1.5487
-1.54793
-1.54732
-1.54746
-1.54777
-1.54672
-1.54732
-1.54627
-1.54551
-1.54491
-1.54567
-1.54536
-1.544
-1.54399
-1.54445
-1.54369
-1.54339
-1.54294
-1.54279
-1.54279
-1.54325
-1.54264
-1.54354
-1.54263
-1.54218
-1.54158
-1.54189
-1.54204
-1.54325
-1.54325
-1.5431
-1.54279
-1.54384
-1.54263
-1.54113
-1.54129
-1.54159
-1.5416
-1.54129
-1.54129
-1.54174
-1.54143
-1.54249
-1.5431
-1.5428
-1.5434
-1.5431
-1.54295
-1.54385
-1.54506
-1.54551
-1.54551
-1.54611
-1.54581
-1.54612
-1.54598
-1.54659
-1.54645
-1.54705
-1.54733
-1.54791
-1.5476
-1.54596
-1.54598
-1.54523
-1.54478
-1.54462
-1.54401
-1.54461
-1.5449
-1.54475
-1.544
-1.54295
-1.5434
-1.5431
-1.54325
-1.54325
-1.54295
-1.5437
-1.5443
-1.54476
-1.54371
-1.54341
-1.54401
-1.54461
-1.54399
-1.54263
-1.54309
-1.54158
-1.54128
-1.54113
-1.54173
-1.54053
-1.53993
-1.54129
-1.54129
-1.54144
-1.54128
-1.54083
-1.54053
-1.54129
-1.54129
-1.54129
-1.5419
-1.54205
-1.54235
-1.54265
-1.54295
-1.5437
-1.54279
-1.54295
-1.54355
-1.54355
-1.54385
-1.5437
-1.5434
-1.5431
-1.54265
-1.5431
-1.54446
-1.54537
-1.54552
-1.54522
-1.54386
-1.5428
-1.54174
-1.5422
-1.54266
-1.54236
-1.54206
-1.54085
-1.54069
-1.54098
-1.53916
-1.53796
-1.53932
-1.54099
-1.54038
-1.54022
-1.54128
-1.54069
-1.54176
-1.54252
-1.54206
-1.5422
-1.5428
-1.54461
-1.54476
-1.54446
-1.54522
-1.54447
-1.54341
-1.54325
-1.54325
-1.544
-1.54325
-1.54341
-1.54356
-1.54341
-1.5434
-1.5437
-1.54356
-1.54401
-1.54311
-1.54371
-1.54447
-1.54432
-1.54462
-1.54386
-1.54356
-1.54356
-1.54416
-1.54417
-1.54462
-1.54522
-1.54491
-1.54612
-1.54628
-1.54613
-1.54628
-1.54689
-1.54583
-1.54554
-1.5463
-1.546
-1.54478
-1.54613
-1.54582
-1.54595
-1.54626
-1.54703
-1.5472
-1.54706
-1.54751
-1.5466
-1.5469
-1.54553
-1.54523
-1.54643
-1.54582
-1.54733
-1.54733
-1.54688
-1.54538
-1.54614
-1.54554
-1.54584
-1.54704
-1.54809
-1.54794
-1.54719
-1.54719
-1.5475
-1.5472
-1.54705
-1.5469
-1.54583
-1.54688
-1.54657
-1.54763
-1.54643
-1.54644
-1.54599
-1.54554
-1.54449
-1.54403
-1.54311
-1.54325
-1.54385
-1.54386
-1.54447
-1.54418
-1.54524
-1.54554
-1.54585
-1.54569
-1.54584
-1.54567
-1.54595
-1.54594
-1.54597
-1.54735
-1.54691
-1.5466
-1.54584
-1.54568
-1.54538
-1.54431
-1.54492
-1.54447
-1.54417
-1.54447
-1.54508
-1.54402
-1.54357
-1.54341
-1.54431
-1.54446
-1.54446
-1.5437
-1.5434
-1.54371
-1.54447
-1.54387
-1.54265
-1.54295
-1.5431
-1.54371
-1.54356
-1.54311
-1.54357
-1.54492
-1.54431
-1.54401
-1.54371
-1.54447
-1.54508
-1.54522
-1.54643
-1.54627
-1.54747
-1.54762
-1.54748
-1.5484
-1.5484
-1.54931
-1.5484
-1.54809
-1.54794
-1.54824
-1.54763
-1.54718
-1.54658
-1.54764
-1.54885
-1.54945
-1.55005
-1.55006
-1.55052
-1.54886
-1.54856
-1.54719
-1.54673
-1.54794
-1.54839
-1.54763
-1.54733
-1.54703
-1.54674
-1.54659
-1.54539
-1.54463
-1.54433
-1.54553
-1.54674
-1.54704
-1.54779
-1.54673
-1.54597
-1.54688
-1.54673
-1.54764
-1.54764
-1.54794
-1.54764
-1.54734
-1.54643
-1.54673
-1.54552
-1.54613
-1.54567
-1.54628
-1.54764
-1.54644
-1.54644
-1.54538
-1.54552
-1.54461
-1.54446
-1.54401
-1.54523
-1.54477
-1.54462
-1.54445
-1.5449
-1.54475
-1.54356
-1.54447
-1.54493
-1.54478
-1.54493
-1.54477
-1.54568
-1.54613
-1.54567
-1.54536
-1.54656
-1.54611
-1.54672
-1.54551
-1.54597
-1.54568
-1.54538
-1.54523
-1.54613
-1.54658
-1.54749
-1.54689
-1.54583
-1.54522
-1.54582
-1.54505
-1.5446
-1.54521
-1.54461
-1.54417
-1.54327
-1.54282
-1.54357
-1.54402
-1.54311
-1.54325
-1.54431
-1.54522
-1.54612
-1.54598
-1.54492
-1.54538
-1.54553
-1.54508
-1.54568
-1.54493
-1.54477
-1.54492
-1.54552
-1.54627
-1.54581
-1.54657
-1.54627
-1.54538
-1.54493
-1.54523
-1.54431
-1.5434
-1.5431
-1.54387
-1.54417
-1.54417
-1.54674
-1.54734
-1.54704
-1.54643
-1.54476
-1.54491
-1.544
-1.54371
-1.54508
-1.54432
-1.54508
-1.54522
-1.54568
-1.54553
-1.54508
-1.54568
-1.54553
-1.54476
-1.5434
-1.54356
-1.54401
-1.54251
-1.54387
-1.54312
-1.54388
-1.54388
-1.54388
-1.54386
-1.54491
-1.54507
-1.54462
-1.54417
-1.54553
-1.54599
-1.5466
-1.5466
-1.54765
-1.54688
-1.54582
-1.54521
-1.54506
-1.54537
-1.54477
-1.54447
-1.54417
-1.54387
-1.54417
-1.54417
-1.54401
-1.54326
-1.54356
-1.54386
-1.54401
-1.5425
-1.54402
-1.54341
-1.54507
-1.54658
-1.54523
-1.54508
-1.54493
-1.54418
-1.54448
-1.54554
-1.5463
-1.54569
-1.54524
-1.54538
-1.54628
-1.54688
-1.54718
-1.54764
-1.54826
-1.54811
-1.54645
-1.54644
-1.54644
-1.54462
-1.54462
-1.54431
-1.54432
-1.54432
-1.54432
-1.54493
-1.54478
-1.54463
-1.54418
-1.54524
-1.54523
-1.54553
-1.54614
-1.54538
-1.54553
-1.54553
-1.54613
-1.54523
-1.54659
-1.54796
-1.54857
-1.54797
-1.54857
-1.54751
-1.54659
-1.54703
-1.54612
-1.54611
-1.54763
-1.549
-1.54961
-1.55022
-1.55083
-1.55053
-1.55022
-1.54961
-1.55036
-1.54885
-1.54871
-1.55007
-1.54916
-1.54901
-1.54855
-1.54915
-1.54855
-1.54931
-1.54825
-1.5484
-1.54885
-1.54899
-1.54885
-1.54946
-1.54962
-1.54992
-1.54947
-1.55008
-1.54917
-1.54751
-1.54736
-1.5472
-1.54614
-1.54704
-1.54659
-1.54764
-1.54703
-1.54748
-1.54794
-1.5481
-1.5481
-1.5475
-1.54735
-1.5475
-1.54796
-1.5472
-1.54765
-1.5475
-1.54614
-1.54735
-1.5469
-1.54645
-1.54613
-1.54597
-1.54491
-1.54522
-1.54675
-1.5466
-1.54705
-1.5469
-1.54629
-1.54523
-1.54447
-1.54553
-1.54417
-1.54342
-1.54463
-1.54598
-1.54508
-1.54462
-1.54493
-1.54553
-1.54584
-1.54584
-1.54463
-1.54463
-1.54388
-1.54479
-1.54373
-1.54116
-1.54236
-1.54251
-1.54221
-1.54266
-1.54327
-1.54358
-1.54373
-1.54282
-1.54236
-1.54205
-1.54266
-1.54236
-1.54252
-1.54207
-1.54207
-1.54191
-1.54083
-1.54008
-1.54009
-1.54011
-1.53966
-1.53996
-1.53995
-1.5407
-1.54085
-1.541
-1.5404
-1.53995
-1.54086
-1.541
-1.54099
-1.54054
-1.54221
-1.54192
-1.54252
-1.54206
-1.5416
-1.54175
-1.5419
-1.54175
-1.54266
-1.54236
-1.54297
-1.54327
-1.54342
-1.54312
-1.54342
-1.54357
-1.54356
-1.54326
-1.54386
-1.54402
-1.54417
-1.54357
-1.54447
-1.54387
-1.54448
-1.54553
-1.54401
-1.54296
-1.54236
-1.54253
-1.54284
-1.54102
-1.54072
-1.54117
-1.54207
-1.54281
-1.5428
-1.54264
-1.54339
-1.54446
-1.54432
-1.54418
-1.54449
-1.54494
-1.54403
-1.54462
-1.54477
-1.54431
-1.54355
-1.54461
-1.54522
-1.54613
-1.54569
-1.54524
-1.54554
-1.54615
-1.54629
-1.54629
-1.54658
-1.54763
-1.54611
-1.54703
-1.54703
-1.5475
-1.54735
-1.54675
-1.54705
-1.54644
-1.54599
-1.54553
-1.54584
-1.54598
-1.54703
-1.54718
-1.54673
-1.54689
-1.54704
-1.54748
-1.54748
-1.54703
-1.54704
-1.54705
-1.54599
-1.54553
-1.54583
-1.54598
-1.54478
-1.54539
-1.54523
-1.54522
-1.54522
-1.54476
-1.54507
-1.54583
-1.54644
-1.54796
-1.54795
-1.54854
-1.54883
-1.54853
-1.54868
-1.54884
-1.54884
-1.54931
-1.5475
-1.54705
-1.54584
-1.54689
-1.54658
-1.54658
-1.54627
-1.54627
-1.54507
-1.54553
-1.54644
-1.54569
-1.54448
-1.54433
-1.54221
-1.5419
-1.54189
-1.54128
-1.54204
-1.54144
-1.54008
-1.53918
-1.53827
-1.53902
-1.54039
-1.53933
-1.53949
-1.5401
-1.53994
-1.53934
-1.54054
-1.54114
-1.54038
-1.54129
-1.54159
-1.54114
-1.54188
-1.54218
-1.54128
-1.54144
-1.54145
-1.541
-1.5407
-1.54115
-1.54084
-1.54083
-1.54082
-1.54051
-1.54112
-1.54203
-1.5428
-1.54159
-1.54235
-1.54371
-1.54356
-1.54386
-1.5428
-1.5428
-1.54355
-1.54356
-1.54417
-1.54432
-1.54491
-1.5449
-1.5446
-1.54355
-1.54295
-1.54205
-1.54265
-1.5428
-1.5434
-1.54385
-1.54446
-1.54416
-1.54446
-1.54386
-1.54341
-1.54341
-1.54371
-1.54415
-1.5458
-1.54641
-1.54506
-1.54492
-1.54477
-1.54492
-1.54507
-1.54446
-1.54521
-1.54446
-1.54446
-1.54325
-1.54249
-1.54249
-1.54188
-1.54204
-1.54325
-1.54326
-1.54266
-1.54371
-1.54325
-1.54294
-1.54219
-1.54295
-1.5422
-1.54311
-1.54341
-1.54371
-1.54461
-1.54475
-1.5449
-1.54521
-1.54748
-1.54673
-1.54674
-1.54689
-1.54599
-1.54568
-1.54417
-1.54431
-1.5437
-1.5428
-1.54144
-1.54083
-1.54068
-1.54083
-1.54098
-1.54128
-1.54113
-1.54099
-1.54114
-1.5416
-1.54191
-1.54251
-1.54174
-1.54279
-1.54264
-1.5428
-1.54356
-1.54401
-1.5431
-1.54295
-1.54371
-1.54355
-1.5428
-1.54371
-1.54311
-1.54296
-1.54387
-1.54447
-1.54341
-1.54325
-1.5437
-1.54416
-1.54385
-1.5443
-1.54415
-1.54536
-1.54597
-1.54552
-1.54734
-1.54689
-1.54629
-1.54584
-1.54629
-1.54583
-1.54598
-1.54597
-1.54658
-1.54794
-1.54945
-1.54914
-1.54914
-1.54975
-1.54945
-1.5496
-1.55021
-1.55052
-1.54901
-1.54871
-1.54961
-1.54945
-1.54868
-1.54867
-1.54898
-1.54915
-1.54916
-1.54871
-1.54871
-1.54931
-1.54825
-1.5478
-1.54734
-1.54703
-1.54673
-1.54703
-1.54734
-1.54673
-1.54627
-1.54597
-1.54537
-1.54447
-1.54583
-1.54599
-1.54644
-1.54673
-1.54793
-1.54748
-1.54748
-1.54824
-1.54779
-1.54613
-1.54537
-1.54521
-1.54612
-1.54657
-1.54643
-1.54674
-1.54554
-1.54478
-1.54463
-1.54477
-1.54447
-1.54568
-1.54582
-1.54582
-1.54521
-1.54627
-1.54492
-1.54463
-1.54523
-1.54553
-1.54614
-1.54554
-1.54493
-1.54522
-1.54566
-1.54551
-1.54614
-1.546
-1.54615
-1.54705
-1.54735
-1.54659
-1.54765
-1.5475
-1.5466
-1.54675
-1.54584
-1.54539
-1.54538
-1.54508
-1.54508
-1.54508
-1.54584
-1.54674
-1.54765
-1.54704
-1.54795
-1.54735
-1.54706
-1.54751
-1.54781
-1.54871
-1.54871
-1.54841
-1.54765
-1.54886
-1.54856
-1.54825
-1.54854
-1.54853
-1.54869
-1.5487
-1.54841
-1.54887
-1.54766
-1.54766
-1.54781
-1.54706
-1.54676
-1.54751
-1.54766
-1.5472
-1.54764
-1.54779
-1.54794
-1.54673
-1.54568
-1.54493
-1.54644
-1.54735
-1.54553
-1.54493
-1.54614
-1.54659
-1.5475
-1.54764
-1.54779
-1.54763
-1.54779
-1.54794
-1.5487
-1.5472
-1.54585
-1.5463
-1.54676
-1.5472
-1.54598
-1.54551
-1.54567
-1.54628
-1.54613
-1.54582
-1.54522
-1.54492
-1.54478
-1.54418
-1.54524
-1.54479
-1.54509
-1.54433
-1.54417
-1.54493
-1.54538
-1.54493
-1.54432
-1.54492
-1.54416
-1.54311
-1.54357
-1.54388
-1.54373
-1.54509
-1.54553
-1.54417
-1.54402
-1.54327
-1.54328
-1.54358
-1.54449
-1.54433
-1.54493
-1.54462
-1.54296
-1.54463
-1.54357
-1.54403
-1.54343
-1.54388
-1.54342
-1.54357
-1.54493
-1.54357
-1.54327
-1.54373
-1.54358
-1.54434
-1.54449
-1.54328
-1.54328
-1.54403
-1.54343
-1.54343
-1.54419
-1.54373
-1.54372
-1.54417
-1.54402
-1.54343
-1.54328
-1.54373
-1.54463
-1.54509
-1.54524
-1.54463
-1.54448
-1.54387
-1.54387
-1.54493
-1.54538
-1.54554
-1.54645
-1.54569
-1.546
-1.5466
-1.5472
-1.54629
-1.54613
-1.54462
-1.54447
-1.54493
-1.54509
-1.54585
-1.54479
-1.5451
-1.54494
-1.54615
-1.546
-1.54675
-1.546
-1.54691
-1.54585
-1.5457
-1.54525
-1.54494
-1.54479
-1.54433
-1.54342
-1.54207
-1.54329
-1.54284
-1.54359
-1.54418
-1.54493
-1.54523
-1.54493
-1.54509
-1.54479
-1.5457
-1.5463
-1.54585
-1.54645
-1.54569
-1.54553
-1.54659
-1.54674
-1.54644
-1.54675
-1.5475
-1.54659
-1.5478
-1.54856
-1.54871
-1.55037
-1.54992
-1.55007
-1.54931
-1.54931
-1.54961
-1.54975
-1.55005
-1.5502
-1.55021
-1.55067
-1.54886
-1.54962
-1.54901
-1.54826
-1.54736
-1.54841
-1.54856
-1.54719
-1.54704
-1.54643
-1.5484
-1.54779
-1.54719
-1.5478
-1.54826
-1.54721
-1.54676
-1.5469
-1.54734
-1.54597
-1.54687
-1.54854
-1.54764
-1.54795
-1.54795
-1.54856
-1.54886
-1.54871
-1.54947
-1.54917
-1.54901
-1.54916
-1.54885
-1.5493
-1.55021
-1.54946
-1.54901
-1.54795
-1.54795
-1.54734
-1.54765
-1.5478
-1.54795
-1.54765
-1.5478
-1.54779
-1.54794
-1.54719
-1.54749
-1.54765
-1.54735
-1.5478
-1.54796
-1.54901
-1.54841
-1.54705
-1.54615
-1.54659
-1.54673
-1.54567
-1.54568
-1.54781
-1.54705
-1.5475
-1.54734
-1.54538
-1.54629
-1.54569
-1.54539
-1.54554
-1.54538
-1.54554
-1.54508
-1.54584
-1.54614
-1.54689
-1.54583
-1.54507
-1.54493
-1.54599
-1.54508
-1.54553
-1.54447
-1.54432
-1.54478
-1.54493
-1.54463
-1.54554
-1.54463
-1.54478
-1.54387
-1.54387
-1.54402
-1.54296
-1.5416
-1.54175
-1.54024
-1.5416
-1.54191
-1.54191
-1.54251
-1.54311
-1.54266
-1.541
-1.53949
-1.53904
-1.53949
-1.5401
-1.54025
-1.54145
-1.54236
-1.54145
-1.53979
-1.54054
-1.5413
-1.5419
-1.54281
-1.54221
-1.5413
-1.54116
-1.54131
-1.54161
-1.54191
-1.54161
-1.54131
-1.54131
-1.54192
-1.54145
-1.54175
-1.5422
-1.53993
-1.54069
-1.54145
-1.54191
-1.5413
-1.54146
-1.54161
-1.54357
-1.54357
-1.54387
-1.54387
-1.54356
-1.54462
-1.54522
-1.54492
-1.54523
-1.54553
-1.54614
-1.54719
-1.54674
-1.54704
-1.54629
-1.54675
-1.54645
-1.54615
-1.54675
-1.54644
-1.54719
-1.54839
-1.54885
-1.54825
-1.5487
-1.54886
-1.54886
-1.5478
-1.54689
-1.54704
-1.54659
-1.54704
-1.54598
-1.54689
-1.54719
-1.54659
-1.54658
-1.54718
-1.54793
-1.54854
-1.54765
-1.5475
-1.54811
-1.54826
-1.5475
-1.54931
-1.54961
-1.54929
-1.54853
-1.54838
-1.54854
-1.5496
-1.55022
-1.54992
-1.55023
-1.55038
-1.55037
-1.54976
-1.54959
-1.54943
-1.54973
-1.54823
-1.54641
-1.54491
-1.54491
-1.54446
-1.54401
-1.54371
-1.54281
-1.54266
-1.54266
-1.54342
-1.54372
-1.54342
-1.54356
-1.5434
-1.5437
-1.54323
-1.54293
-1.54338
-1.54354
-1.54401
-1.54477
-1.54387
-1.54312
-1.54297
-1.54206
-1.54206
-1.54235
-1.54144
-1.54098
-1.54188
-1.54173
-1.54219
-1.54325
-1.54416
-1.54326
-1.5425
-1.5419
-1.54205
-1.54159
-1.54174
-1.54264
-1.54204
-1.54204
-1.5422
-1.5416
-1.54116
-1.54055
-1.54024
-1.54022
-1.54066
-1.54248
-1.54234
-1.54204
-1.5425
-1.54296
-1.54296
-1.54341
-1.54356
-1.54341
-1.54477
-1.54507
-1.54447
-1.54402
-1.54342
-1.54357
-1.54281
-1.54386
-1.54446
-1.54385
-1.54461
-1.54507
-1.54704
-1.54643
-1.54476
-1.54688
-1.54657
-1.54703
-1.54673
-1.54734
-1.5478
-1.54644
-1.54628
-1.54598
-1.54718
-1.54643
-1.54598
-1.54613
-1.54613
-1.54628
-1.54657
-1.54596
-1.54565
-1.54475
-1.5437
-1.54401
-1.54447
-1.54462
-1.54387
-1.54402
-1.54372
-1.54342
-1.54477
-1.54537
-1.54536
-1.54581
-1.5455
-1.54627
-1.54627
-1.54552
-1.54492
-1.54538
-1.54583
-1.54582
-1.54702
-1.54596
-1.54566
-1.54612
-1.54628
-1.54689
-1.54719
-1.54598
-1.54704
-1.54826
-1.54932
-1.55097
-1.5502
-1.55125
-1.55019
-1.5505
-1.5505
-1.55005
-1.5496
-1.54915
-1.54794
-1.54749
-1.54673
-1.54597
-1.54673
-1.54704
-1.54583
-1.54675
-1.54509
-1.54493
-1.54461
-1.54444
-1.54307
-1.54172
-1.54068
-1.5422
-1.54341
-1.54281
-1.54251
-1.54402
-1.54311
-1.54325
-1.54446
-1.54446
-1.54401
-1.54431
-1.54325
-1.54325
-1.5443
-1.544
-1.5437
-1.54491
-1.54416
-1.54477
-1.54477
-1.54432
-1.54447
-1.54311
-1.54447
-1.54356
-1.5431
-1.5431
-1.54174
-1.54143
-1.54098
-1.54068
-1.53978
-1.54039
-1.54055
-1.54025
-1.5416
-1.54099
-1.54173
-1.54293
-1.54279
-1.5431
-1.54325
-1.5422
-1.5428
-1.5434
-1.5431
-1.54265
-1.5428
-1.5431
-1.54417
-1.54432
-1.54462
-1.54522
-1.54385
-1.54445
-1.54475
-1.5449
-1.54521
-1.54643
-1.54628
-1.54613
-1.54537
-1.54446
-1.54414
-1.54339
-1.54234
-1.54355
-1.54432
-1.54492
-1.54537
-1.54583
-1.54583
-1.54719
-1.54704
-1.54689
-1.54568
-1.54598
-1.54612
-1.54777
-1.54792
-1.54761
-1.54762
-1.54732
-1.54718
-1.54644
-1.54675
-1.5469
-1.54644
-1.54734
-1.54719
-1.54719
-1.5484
-1.5484
-1.549
-1.54793
-1.54747
-1.54732
-1.54688
-1.54523
-1.54539
-1.54524
-1.54614
-1.54659
-1.54568
-1.54537
-1.54597
-1.54612
-1.54703
-1.54628
-1.54794
-1.54779
-1.54869
-1.54794
-1.54749
-1.54885
-1.54704
-1.54658
-1.54492
-1.54477
-1.54537
-1.54492
-1.54598
-1.54688
-1.54778
-1.54567
-1.54461
-1.54386
-1.54341
-1.54372
-1.54296
-1.54176
-1.54206
-1.54145
-1.54174
-1.54249
-1.54189
-1.54038
-1.54159
-1.54265
-1.54235
-1.54251
-1.54175
-1.54356
-1.54432
-1.54432
-1.54493
-1.54538
-1.54523
-1.54508
-1.54462
-1.54477
-1.54567
-1.54627
-1.54627
-1.54612
-1.54552
-1.54568
-1.54523
-1.54447
-1.54568
-1.54477
-1.54431
-1.54491
-1.54551
-1.54552
-1.54492
-1.54598
-1.54554
-1.54509
-1.54433
-1.54554
-1.54538
-1.54492
-1.54475
-1.54444
-1.5431
-1.54327
-1.54524
-1.5463
-1.54629
-1.54674
-1.54567
-1.54522
-1.54521
-1.54521
-1.54612
-1.54702
-1.54718
-1.54658
-1.54658
-1.54749
-1.54855
-1.5478
-1.54674
-1.54538
-1.54492
-1.54583
-1.54492
-1.54582
-1.54447
-1.54432
-1.54463
-1.54508
-1.54523
-1.54583
-1.54659
-1.54613
-1.54553
-1.54613
-1.54582
-1.54612
-1.54612
-1.54642
-1.54492
-1.54523
-1.54568
-1.54674
-1.54629
-1.54704
-1.54749
-1.54673
-1.54703
-1.54703
-1.54703
-1.54718
-1.54719
-1.54809
-1.5487
-1.54765
-1.5475
-1.54614
-1.54539
-1.54372
-1.54386
-1.54476
-1.5449
-1.54505
-1.54567
-1.54643
-1.54674
-1.54584
-1.54539
-1.54569
-1.5475
-1.54795
-1.54825
-1.54719
-1.54765
-1.54781
-1.54705
-1.54719
-1.54704
-1.54688
-1.54613
-1.54567
-1.54523
-1.54493
-1.54539
-1.54659
-1.54583
-1.54613
-1.54643
-1.54567
-1.54522
-1.54613
-1.54568
-1.54629
-1.54644
-1.5463
-1.54614
-1.54508
-1.54568
-1.54553
-1.54568
-1.54553
-1.54598
-1.54447
-1.54402
-1.54478
-1.54448
-1.54403
-1.54297
-1.54221
-1.5422
-1.54265
-1.5422
-1.5416
-1.54144
-1.54129
-1.5419
-1.5413
-1.5404
-1.5404
-1.54176
-1.54296
-1.54326
-1.54326
-1.54281
-1.54221
-1.54237
-1.54358
-1.54418
-1.54297
-1.54175
-1.54114
-1.54145
-1.54296
-1.54267
-1.54312
-1.54373
-1.54509
-1.54433
-1.54388
-1.54357
-1.54312
-1.54236
-1.54206
-1.54311
-1.54416
-1.5431
-1.54311
-1.54297
-1.54328
-1.54253
-1.54388
-1.54388
-1.54388
-1.54478
-1.54508
-1.54478
-1.54372
-1.54432
-1.54477
-1.54387
-1.54281
-1.54221
-1.54176
-1.54281
-1.54281
-1.54387
-1.54417
-1.54373
-1.54434
-1.5457
-1.54554
-1.54584
-1.54629
-1.54568
-1.54598
-1.54658
-1.54689
-1.5484
-1.5478
-1.54765
-1.54736
-1.54766
-1.54661
-1.54646
-1.5469
-1.54538
-1.54583
-1.54477
-1.54431
-1.54432
-1.54402
-1.54524
-1.54631
-1.54798
-1.54737
-1.54873
-1.54933
-1.55023
-1.5487
-1.54824
-1.54854
-1.5478
-1.54826
-1.54841
-1.54977
-1.54887
-1.54887
-1.55023
-1.55008
-1.54827
-1.5469
-1.54659
-1.54704
-1.54704
-1.54659
-1.54508
-1.54418
-1.54403
-1.54297
-1.54418
-1.54463
-1.54434
-1.54494
-1.54434
-1.54328
-1.54297
-1.54267
-1.54297
-1.54387
-1.54432
-1.54433
-1.54448
-1.54449
-1.5457
-1.54571
-1.54631
-1.54752
-1.54887
-1.54902
-1.54932
-1.54946
-1.54991
-1.55006
-1.54871
-1.54811
-1.54706
-1.54737
-1.54752
-1.54872
-1.54948
-1.54917
-1.54781
-1.54765
-1.5481
-1.54825
-1.54796
-1.54736
-1.54616
-1.54631
-1.5463
-1.54524
-1.54524
-1.54403
-1.54433
-1.54524
-1.54584
-1.54645
-1.546
-1.54585
-1.5454
-1.54495
-1.54449
-1.54402
-1.54266
-1.54342
-1.54298
-1.54314
-1.54223
-1.54102
-1.54101
-1.54146
-1.54267
-1.54206
-1.54221
-1.54146
-1.54237
-1.54238
-1.54374
-1.54284
-1.54405
-1.54344
-1.54328
-1.54327
-1.54266
-1.54176
-1.54222
-1.54162
-1.54238
-1.54344
-1.54298
-1.54328
-1.54373
-1.54358
-1.54373
-1.54328
-1.54418
-1.54448
-1.54372
-1.54311
-1.54251
-1.54176
-1.54146
-1.54117
-1.54132
-1.54147
-1.54253
-1.54223
-1.54193
-1.54088
-1.54087
-1.54162
-1.54191
-1.54251
-1.54297
-1.54358
-1.54404
-1.54388
-1.54373
-1.54373
-1.54389
-1.54419
-1.54358
-1.54419
-1.54509
-1.54661
-1.54872
-1.54842
-1.54977
-1.5478
-1.54826
-1.54887
-1.54932
-1.54962
-1.54932
-1.54993
-1.55023
-1.55023
-1.54962
-1.54886
-1.54886
-1.54825
-1.54916
-1.54932
-1.55068
-1.55113
-1.55038
-1.54992
-1.54947
-1.54917
-1.54796
-1.54765
-1.54644
-1.54629
-1.54614
-1.54705
-1.54721
-1.54737
-1.54903
-1.54812
-1.54781
-1.54751
-1.54675
-1.54736
-1.54811
-1.54796
-1.54705
-1.54766
-1.54736
-1.5475
-1.54781
-1.54888
-1.54904
-1.54813
-1.54767
-1.54767
-1.54752
-1.54857
-1.54751
-1.54721
-1.54767
-1.54602
-1.54557
-1.54556
-1.54493
-1.54447
-1.54509
-1.5445
-1.54436
-1.54435
-1.54344
-1.54178
-1.54042
-1.54057
-1.54133
-1.54103
-1.54193
-1.54253
-1.54283
-1.54283
-1.54252
-1.54267
-1.54402
-1.54372
-1.54389
-1.54374
-1.5439
-1.5442
-1.54511
-1.54586
-1.54541
-1.54541
-1.54631
-1.54751
-1.5469
-1.54614
-1.5466
-1.54661
-1.54707
-1.54707
-1.54797
-1.54796
-1.54841
-1.54781
-1.54782
-1.54828
-1.54843
-1.54948
-1.54918
-1.54948
-1.55084
-1.55115
-1.5507
-1.54934
-1.54949
-1.54888
-1.54902
-1.54931
-1.54901
-1.54977
-1.55024
-1.54948
-1.54949
-1.54903
-1.55068
-1.54946
-1.54765
-1.54721
-1.54677
-1.54722
-1.54647
-1.54676
-1.5457
-1.54419
-1.54314
-1.5445
-1.54434
-1.54374
-1.54343
-1.54312
-1.54206
-1.54176
-1.54116
-1.54012
-1.54013
-1.54134
-1.54104
-1.54059
-1.54132
-1.54144
-1.54206
-1.54163
-1.54104
-1.54088
-1.54028
-1.54058
-1.54043
-1.54058
-1.54028
-1.53967
-1.53906
-1.53921
-1.53906
-1.53951
-1.5395
-1.53936
-1.54118
-1.53998
-1.54089
-1.54073
-1.54102
-1.54131
-1.54041
-1.54027
-1.53982
-1.53998
-1.54028
-1.53998
-1.53983
-1.54073
-1.54178
-1.54207
-1.54101
-1.54132
-1.54148
-1.54255
-1.54225
-1.54134
-1.54148
-1.54208
-1.54207
-1.54178
-1.54299
-1.54194
-1.5433
-1.54269
-1.54314
-1.54298
-1.54238
-1.54072
-1.54117
-1.54072
-1.54027
-1.54132
-1.54178
-1.54344
-1.54495
-1.54541
-1.54541
-1.54495
-1.54495
-1.54539
-1.54509
-1.5457
-1.5466
-1.54736
-1.54722
-1.54692
-1.5457
-1.54646
-1.54616
-1.54616
-1.54631
-1.54677
-1.54752
-1.54827
-1.54812
-1.54827
-1.54752
-1.54857
-1.54872
-1.54887
-1.54917
-1.54871
-1.54962
-1.54826
-1.54736
-1.54661
-1.54556
-1.54556
-1.54526
-1.54586
-1.5454
-1.54569
-1.54584
-1.54494
-1.54479
-1.54465
-1.54495
-1.54571
-1.54572
-1.54587
-1.54496
-1.54465
-1.54448
-1.54629
-1.54736
-1.54783
-1.54692
-1.54616
-1.54556
-1.54465
-1.54571
-1.54525
-1.54721
-1.54615
-1.5463
-1.54675
-1.5463
-1.54449
-1.54389
-1.5454
-1.54541
-1.54571
-1.54511
-1.54496
-1.54436
-1.54496
-1.54601
-1.54555
-1.54539
-1.54569
-1.54509
-1.54479
-1.54465
-1.54526
-1.54466
-1.54376
-1.5421
-1.5424
-1.54284
-1.54253
-1.54177
-1.54298
-1.54329
-1.54239
-1.54254
-1.54209
-1.54255
-1.54225
-1.54195
-1.54285
-1.54359
-1.54299
-1.543
-1.54407
-1.54331
-1.54315
-1.54315
-1.54209
-1.54254
-1.54345
-1.54359
-1.54313
-1.54359
-1.54375
-1.54347
-1.54348
-1.54318
-1.54302
-1.54285
-1.5427
-1.54224
-1.54224
-1.54345
-1.54299
-1.54208
-1.54238
-1.54299
-1.54405
-1.54482
-1.54528
-1.54498
-1.54528
-1.54557
-1.54556
-1.5454
-1.54556
-1.54602
-1.54558
-1.54542
-1.54511
-1.5439
-1.5436
-1.54346
-1.54361
-1.54377
-1.54392
-1.54498
-1.54543
-1.54587
-1.54585
-1.54524
-1.5442
-1.54331
-1.54453
-1.54467
-1.54588
-1.54783
-1.54707
-1.54646
-1.54647
-1.54814
-1.54769
-1.54618
-1.54618
-1.54603
-1.54753
-1.54768
-1.54586
-1.54661
-1.54737
-1.54691
-1.54616
-1.54677
-1.54722
-1.54738
-1.54662
-1.54708
-1.54647
-1.54616
-1.5457
-1.5457
-1.54436
-1.54558
-1.54648
-1.54542
-1.54467
-1.54603
-1.54648
-1.54632
-1.54586
-1.5451
-1.54465
-1.54435
-1.54435
-1.54436
-1.54331
-1.54346
-1.54407
-1.54331
-1.543
-1.54451
-1.54466
-1.5442
-1.5451
-1.5448
-1.54359
-1.5442
-1.54315
-1.5433
-1.54376
-1.54376
-1.54421
-1.5427
-1.54194
-1.54239
-1.54088
-1.54119
-1.54271
-1.54332
-1.54331
-1.54361
-1.54407
-1.54452
-1.5433
-1.54269
-1.54299
-1.54329
-1.54179
-1.5412
-1.5403
-1.5403
-1.54105
-1.54075
-1.53968
-1.53876
-1.5395
-1.53996
-1.53907
-1.53983
-1.54074
-1.54164
-1.5433
-1.543
-1.543
-1.54361
-1.54346
-1.543
-1.54421
-1.54405
-1.54466
-1.54435
-1.54314
-1.54344
-1.5448
-1.54617
-1.54557
-1.54557
-1.54588
-1.54572
-1.54542
-1.54587
-1.54601
-1.54647
-1.54708
-1.54708
-1.54603
-1.54617
-1.54587
-1.54557
-1.54527
-1.54723
-1.54739
-1.54755
-1.54724
-1.54709
-1.54603
-1.54542
-1.54451
-1.54421
-1.54466
-1.5442
-1.54345
-1.5439
-1.54511
-1.54497
-1.54513
-1.54574
-1.54634
-1.54619
-1.54573
-1.54527
-1.54451
-1.54542
-1.54572
-1.54512
-1.54588
-1.54512
-1.54588
-1.54739
-1.54602
-1.54526
-1.54495
-1.54616
-1.54616
-1.54678
-1.54603
-1.54512
-1.54603
-1.54603
-1.54572
-1.54436
-1.54526
-1.54752
-1.54798
-1.54753
-1.54769
-1.54845
-1.54768
-1.54556
-1.54585
-1.54616
-1.54541
-1.54512
-1.54633
-1.54738
-1.54557
-1.5439
-1.54496
-1.54406
-1.54406
-1.54451
-1.54436
-1.54527
-1.54572
-1.54511
-1.54541
-1.54435
-1.54359
-1.54405
-1.54405
-1.5433
-1.5433
-1.5433
-1.54285
-1.54195
-1.5421
-1.5421
-1.54345
-1.54464
-1.54494
-1.54435
-1.54496
-1.54467
-1.54406
-1.54375
-1.54254
-1.54178
-1.54087
-1.54117
-1.54117
-1.54057
-1.54072
-1.54012
-1.53983
-1.53953
-1.54044
-1.54043
-1.54013
-1.54103
-1.54133
-1.54269
-1.54178
-1.54223
-1.54193
-1.54148
-1.54149
-1.5412
-1.54195
-1.54224
-1.54148
-1.54314
-1.5442
-1.5442
-1.5448
-1.54662
-1.54648
-1.54512
-1.54557
-1.54436
-1.54511
-1.5454
-1.54495
-1.54449
-1.54524
-1.54585
-1.54555
-1.54525
-1.54404
-1.54374
-1.54374
-1.54374
-1.5433
-1.54436
-1.54451
-1.5451
-1.54586
-1.5457
-1.54691
-1.54691
-1.54842
-1.54827
-1.54782
-1.54676
-1.54797
-1.54827
-1.54812
-1.54766
-1.54963
-1.54873
-1.54994
-1.55025
-1.55055
-1.55131
-1.55085
-1.54948
-1.55023
-1.54872
-1.54932
-1.54888
-1.54692
-1.54587
-1.54572
-1.54406
-1.54466
-1.54496
-1.54466
-1.54496
-1.54616
-1.54676
-1.54691
-1.54706
-1.54721
-1.54691
-1.54661
-1.54617
-1.54602
-1.54617
-1.54737
-1.54691
-1.54676
-1.54706
-1.54722
-1.54767
-1.54859
-1.54753
-1.54754
-1.54784
-1.54707
-1.54796
-1.5472
-1.54751
-1.54827
-1.54812
-1.54812
-1.54646
-1.54691
-1.54827
-1.54812
-1.54752
-1.54676
-1.54586
-1.54616
-1.54601
-1.54647
-1.54541
-1.54495
-1.54585
-1.54555
-1.54585
-1.54675
-1.54645
-1.54644
-1.54569
-1.54494
-1.54404
-1.5448
-1.54526
-1.54466
-1.54572
-1.54526
-1.54451
-1.5445
-1.54465
-1.54539
-1.54478
-1.54539
-1.54479
-1.54449
-1.5451
-1.54495
-1.5451
-1.5457
-1.54555
-1.54479
-1.54449
-1.54404
-1.54464
-1.54464
-1.54555
-1.54706
-1.54631
-1.54585
-1.54615
-1.54554
-1.54493
-1.54599
-1.5466
-1.54556
-1.54587
-1.54573
-1.54512
-1.54451
-1.54571
-1.54524
-1.54569
-1.54494
-1.54585
-1.54526
-1.54616
-1.54571
-1.54525
-1.5457
-1.546
-1.54494
-1.54449
-1.54525
-1.54525
-1.5454
-1.5454
-1.5454
-1.5457
-1.54615
-1.5469
-1.54675
-1.54675
-1.54645
-1.54706
-1.54692
-1.54722
-1.54586
-1.54691
-1.54676
-1.54766
-1.54765
-1.54765
-1.54915
-1.5487
-1.54976
-1.55113
-1.55114
-1.55296
-1.5513
-1.55025
-1.54888
-1.54886
-1.5487
-1.54901
-1.54796
-1.54827
-1.54842
-1.54902
-1.5481
-1.54689
-1.54765
-1.54796
-1.54706
-1.54616
-1.54706
-1.54782
-1.54752
-1.54797
-1.54707
-1.54646
-1.54751
-1.54704
-1.54568
-1.54508
-1.54554
-1.54614
-1.54615
-1.54494
-1.5454
-1.54434
-1.54328
-1.54449
-1.54614
-1.54569
-1.54554
-1.5454
-1.5445
-1.5451
-1.54479
-1.54509
-1.54493
-1.54538
-1.54568
-1.54523
-1.54509
-1.54479
-1.54585
-1.54555
-1.54615
-1.54509
-1.54508
-1.54478
-1.54493
-1.54614
-1.54388
-1.54418
-1.54358
-1.54297
-1.54282
-1.54403
-1.54448
-1.54358
-1.54388
-1.54388
-1.54524
-1.54524
-1.54433
-1.54508
-1.54599
-1.54644
-1.54705
-1.5478
-1.54704
-1.54583
-1.54463
-1.54509
-1.54479
-1.5454
-1.54495
-1.5463
-1.54675
-1.54629
-1.54628
-1.54568
-1.54568
-1.54539
-1.54525
-1.54662
-1.54662
-1.54662
-1.54647
-1.54707
-1.54616
-1.54554
-1.54554
-1.546
-1.54555
-1.54615
-1.5463
-1.54705
-1.54706
-1.54842
-1.54827
-1.54721
-1.54706
-1.54661
-1.54721
-1.54645
-1.54827
-1.54796
-1.54827
-1.54887
-1.54827
-1.54903
-1.54903
-1.54918
-1.54978
-1.54902
-1.54932
-1.54933
-1.54781
-1.54841
-1.54901
-1.5475
-1.54752
-1.54708
-1.54648
-1.54526
-1.54496
-1.5451
-1.54735
-1.54704
-1.54689
-1.54795
-1.5469
-1.54751
-1.54782
-1.54798
-1.54888
-1.54903
-1.54843
-1.54933
-1.54963
-1.54902
-1.54826
-1.54751
-1.54796
-1.54766
-1.54721
-1.54601
-1.54601
-1.54525
-1.54585
-1.54555
-1.54646
-1.54586
-1.546
-1.54614
-1.5466
-1.54677
-1.54587
-1.54587
-1.54541
-1.54661
-1.5457
-1.54449
-1.5463
-1.54661
-1.54616
-1.54646
-1.54601
-1.546
-1.54615
-1.54659
-1.54675
-1.5469
-1.54676
-1.54615
-1.54555
-1.54601
-1.54707
-1.54661
-1.54631
-1.54495
-1.54465
-1.54389
-1.54495
-1.54464
-1.54539
-1.54418
-1.54524
-1.5451
-1.54555
-1.54555
-1.54479
-1.54615
-1.54555
-1.54677
-1.54663
-1.54738
-1.54692
-1.54737
-1.54675
-1.5469
-1.5466
-1.54707
-1.54738
-1.54753
-1.54783
-1.54752
-1.5466
-1.54555
-1.54646
-1.54586
-1.54587
-1.54556
-1.54631
-1.5454
-1.54662
-1.54738
-1.54662
-1.54678
-1.54783
-1.54873
-1.54963
-1.55054
-1.55145
-1.55099
-1.55024
-1.55086
-1.55071
-1.54965
-1.54889
-1.54768
-1.54904
-1.5504
-1.55009
-1.55084
-1.54918
-1.54948
-1.54858
-1.54995
-1.54905
-1.5486
-1.5483
-1.54936
-1.54966
-1.5492
-1.54888
-1.54809
-1.54765
-1.54889
-1.54846
-1.54831
-1.54815
-1.54875
-1.54935
-1.5495
-1.54919
-1.54888
-1.54873
-1.54783
-1.54798
-1.54662
-1.54556
-1.54496
-1.54405
-1.54375
-1.54375
-1.54345
-1.54405
-1.54571
-1.54631
-1.54646
-1.54601
-1.54571
-1.54496
-1.54541
-1.54541
-1.5448
-1.54525
-1.54526
-1.54526
-1.54556
-1.54767
-1.54873
-1.54873
-1.54767
-1.54813
-1.54964
-1.54918
-1.54873
-1.54858
-1.54949
-1.54783
-1.54693
-1.54708
-1.54542
-1.54482
-1.54572
-1.54526
-1.54465
-1.54374
-1.54389
-1.54465
-1.54359
-1.54284
-1.543
-1.5439
-1.5436
-1.5427
-1.54467
-1.54407
-1.54376
-1.54449
-1.54524
-1.54496
-1.54573
-1.54603
-1.54557
-1.54586
-1.54465
-1.54465
-1.54389
-1.54344
-1.54496
-1.54421
-1.54421
-1.54421
-1.54285
-1.54284
-1.54298
-1.54267
-1.54283
-1.54269
-1.54255
-1.54104
-1.54104
-1.54178
-1.54178
-1.54223
-1.54162
-1.54208
-1.54162
-1.54193
-1.54284
-1.54375
-1.54284
-1.54329
-1.5442
-1.54405
-1.54556
-1.54571
-1.54632
-1.54678
-1.54738
-1.54859
-1.54813
-1.54933
-1.54903
-1.54797
-1.54646
-1.54616
-1.54586
-1.54465
-1.5454
-1.54495
-1.54555
-1.54616
-1.54738
-1.54708
-1.54708
-1.54754
-1.54663
-1.54617
-1.54572
-1.54481
-1.54435
-1.54329
-1.54374
-1.54405
-1.54435
-1.5454
-1.54601
-1.54586
-1.54678
-1.54799
-1.54783
-1.54707
-1.54662
-1.54873
-1.54873
-1.54994
-1.54963
-1.54918
-1.55008
-1.55084
-1.54873
-1.54797
-1.54737
-1.54706
-1.54737
-1.54676
-1.54676
-1.54706
-1.54585
-1.54585
-1.54405
-1.54435
-1.5448
-1.5451
-1.54615
-1.54646
-1.54646
-1.5454
-1.54556
-1.54497
-1.54588
-1.54785
-1.54815
-1.54753
-1.54723
-1.54708
-1.54647
-1.54556
-1.54615
-1.5463
-1.54584
-1.54737
-1.54708
-1.54693
-1.54618
-1.54708
-1.54662
-1.54616
-1.54707
-1.54812
-1.54782
-1.54903
-1.54963
-1.54978
-1.54978
-1.54933
-1.54978
-1.54933
-1.54933
-1.54948
-1.54949
-1.54843
-1.54859
-1.54723
-1.54798
-1.54844
-1.54708
-1.54602
-1.54541
-1.54405
-1.54479
-1.54403
-1.54357
-1.54343
-1.54314
-1.54285
-1.54255
-1.54361
-1.54422
-1.54376
-1.54329
-1.54283
-1.54297
-1.54313
-1.54374
-1.54361
-1.54361
-1.54316
-1.54391
-1.54436
-1.5442
-1.5445
-1.5445
-1.54586
-1.54602
-1.54602
-1.54587
-1.54693
-1.54904
-1.55009
-1.54858
-1.54994
-1.54979
-1.54979
-1.55085
-1.5501
-1.54904
-1.54859
-1.54859
-1.5498
-1.54995
-1.54994
-1.54978
-1.54873
-1.54858
-1.54798
-1.54768
-1.54617
-1.54603
-1.54618
-1.54679
-1.54754
-1.54768
-1.54858
-1.54933
-1.54963
-1.5516
-1.55024
-1.55009
-1.54813
-1.54964
-1.5507
-1.55055
-1.55191
-1.55191
-1.55086
-1.55101
-1.55176
-1.5507
-1.54948
-1.54993
-1.54949
-1.54889
-1.54935
-1.54874
-1.54844
-1.54677
-1.54647
-1.54691
-1.54676
-1.54797
-1.54873
-1.54888
-1.54843
-1.54813
-1.54738
-1.54752
-1.54903
-1.54857
-1.54842
-1.54842
-1.54781
-1.54827
-1.54767
-1.54615
-1.54495
-1.5448
-1.54571
-1.54571
-1.54586
-1.54419
-1.54494
-1.54479
-1.54525
-1.54571
-1.54572
-1.54617
-1.54512
-1.54527
-1.54451
-1.54405
-1.54434
-1.54372
-1.54358
-1.54314
-1.543
-1.5436
-1.54496
-1.54496
-1.54542
-1.54526
-1.54526
-1.5445
-1.54434
-1.54434
-1.5457
-1.5454
-1.54525
-1.54571
-1.54586
-1.5454
-1.54541
-1.54647
-1.54662
-1.54663
-1.54542
-1.54451
-1.5442
-1.54464
-1.54495
-1.54556
-1.54602
-1.54784
-1.5474
-1.54861
-1.5486
-1.54799
-1.54799
-1.54707
-1.54646
-1.54646
-1.54632
-1.54557
-1.54693
-1.54784
-1.54785
-1.548
-1.5477
-1.5474
-1.54769
-1.54768
-1.54692
-1.54693
-1.54709
-1.54679
-1.54663
-1.54692
-1.54602
-1.54647
-1.54663
-1.54633
-1.54512
-1.54527
-1.54632
-1.54465
-1.54496
-1.54648
-1.54558
-1.54558
-1.54587
-1.54586
-1.54555
-1.5454
-1.5451
-1.5439
-1.54436
-1.54481
-1.54633
-1.54572
-1.54768
-1.54797
-1.54721
-1.54827
-1.54828
-1.54828
-1.54799
-1.54844
-1.5498
-1.55025
-1.54995
-1.54919
-1.54753
-1.54828
-1.54783
-1.54753
-1.54768
-1.54707
-1.54615
-1.54705
-1.54751
-1.54752
-1.54798
-1.54813
-1.54601
-1.54646
-1.54752
-1.54737
-1.54813
-1.54799
-1.54859
-1.54935
-1.54995
-1.55025
-1.54919
-1.54858
-1.54858
-1.54752
-1.5463
-1.5469
-1.54781
-1.54676
-1.54692
-1.54783
-1.54678
-1.54738
-1.54723
-1.54813
-1.54692
-1.54555
-1.54389
-1.54343
-1.54373
-1.5448
-1.5439
-1.5436
-1.54451
-1.54315
-1.54316
-1.54225
-1.543
-1.54254
-1.54284
-1.54328
-1.54298
-1.54298
-1.54298
-1.5442
-1.54405
-1.5442
-1.5439
-1.54329
-1.54254
-1.54223
-1.54268
-1.54314
-1.54314
-1.54314
-1.54193
-1.54193
-1.54389
-1.54373
-1.54358
-1.54434
-1.54388
-1.54389
-1.54405
-1.54314
-1.543
-1.54193
-1.54177
-1.54146
-1.54236
-1.54297
-1.54282
-1.54328
-1.54268
-1.54464
-1.5448
-1.5451
-1.5454
-1.5454
-1.54509
-1.54494
-1.54403
-1.54419
-1.5457
-1.54404
-1.54495
-1.54526
-1.54541
-1.54586
-1.5457
-1.54509
-1.54418
-1.54403
-1.5448
-1.54435
-1.54375
-1.54375
-1.54375
-1.5451
-1.54525
-1.54631
-1.54631
-1.5463
-1.546
-1.546
-1.5454
-1.54722
-1.54722
-1.54647
-1.54646
-1.54585
-1.54601
-1.54526
-1.54511
-1.54571
-1.54585
-1.54691
-1.54797
-1.54888
-1.55054
-1.54934
-1.54859
-1.54859
-1.54873
-1.54917
-1.5478
-1.54795
-1.54887
-1.54888
-1.54919
-1.54934
-1.54813
-1.54768
-1.54767
-1.54842
-1.54766
-1.5469
-1.54749
-1.54735
-1.54661
-1.54571
-1.54481
-1.54511
-1.54542
-1.54572
-1.54602
-1.54647
-1.54677
-1.54736
-1.54645
-1.54691
-1.54571
-1.54526
-1.54571
-1.54449
-1.54389
-1.5445
-1.5442
-1.5445
-1.5451
-1.54601
-1.5448
-1.54434
-1.54374
-1.54313
-1.54328
-1.54389
-1.54525
-1.5451
-1.54616
-1.54616
-1.54601
-1.54525
-1.5442
-1.54344
-1.54359
-1.54238
-1.54268
-1.54178
-1.54148
-1.54148
-1.54133
-1.54239
-1.54269
-1.54406
-1.54511
-1.54481
-1.5442
-1.54389
-1.54449
-1.54587
-1.54452
-1.54406
-1.54527
-1.54466
-1.54406
-1.54406
-1.5448
-1.54434
-1.54374
-1.54435
-1.54465
-1.54511
-1.54466
-1.54467
-1.54422
-1.54361
-1.54375
-1.54419
-1.54419
-1.54465
-1.54616
-1.54631
-1.54767
-1.54632
-1.54647
-1.54617
-1.54662
-1.54647
-1.54708
-1.54648
-1.54557
-1.54633
-1.54617
-1.54601
-1.54555
-1.54571
-1.54511
-1.54405
-1.54376
-1.54467
-1.54407
-1.54421
-1.54329
-1.54284
-1.54269
-1.54526
-1.54602
-1.54693
-1.54588
-1.54543
-1.54543
-1.54482
-1.54391
-1.54374
-1.54434
-1.54526
-1.54527
-1.54513
-1.54649
-1.54724
-1.54678
-1.54737
-1.54781
-1.54706
-1.54692
-1.54677
-1.54723
-1.54768
-1.54798
-1.54813
-1.54768
-1.54752
-1.54646
-1.54691
-1.54812
-1.54676
-1.54768
-1.54753
-1.54723
-1.54753
-1.54753
-1.54738
-1.54631
-1.54646
-1.54676
-1.54706
-1.5454
-1.54405
-1.5442
-1.54481
-1.54527
-1.54451
-1.54344
-1.54435
-1.5439
-1.54527
-1.54602
-1.54527
-1.54451
-1.54481
-1.54511
-1.54375
-1.54451
-1.54481
-1.54557
-1.54603
-1.54693
-1.54633
-1.54693
-1.54677
-1.54722
-1.54631
-1.54525
-1.54404
-1.54419
-1.5442
-1.54345
-1.54436
-1.54437
-1.54361
-1.54361
-1.543
-1.5433
-1.54375
-1.5448
-1.54541
-1.54481
-1.54452
-1.54468
-1.54422
-1.54436
-1.54435
-1.54571
-1.5454
-1.54526
-1.54284
-1.5427
-1.54346
-1.54361
-1.54331
-1.54271
-1.5427
-1.54209
-1.54224
-1.54179
-1.54224
-1.5439
-1.54405
-1.54374
-1.54435
-1.54405
-1.5439
-1.5436
-1.54481
-1.54405
-1.54511
-1.5445
-1.5439
-1.5439
-1.5436
-1.5436
-1.5442
-1.5442
-1.54436
-1.5436
-1.54466
-1.54482
-1.54406
-1.5433
-1.54285
-1.54405
-1.54451
-1.54557
-1.54587
-1.54586
-1.54691
-1.54677
-1.54738
-1.54723
-1.54769
-1.54799
-1.54694
-1.54664
-1.54724
-1.54708
-1.54632
-1.54662
-1.54722
-1.54737
-1.54646
-1.54647
-1.54557
-1.54528
-1.5468
-1.548
-1.54769
-1.54844
-1.54904
-1.54948
-1.54963
-1.54934
-1.54889
-1.54724
-1.54769
-1.548
-1.54754
-1.54755
-1.54755
-1.5471
-1.54739
-1.54782
-1.54736
-1.54813
-1.54845
-1.54966
-1.54935
-1.5495
-1.5495
-1.54829
-1.54723
-1.54647
-1.54723
-1.54677
-1.54587
-1.54556
-1.54602
-1.54768
-1.54662
-1.54722
-1.54752
-1.54737
-1.54737
-1.54753
-1.5483
-1.54709
-1.54663
-1.54603
-1.54632
-1.54617
-1.54692
-1.54708
-1.54527
-1.54361
-1.54452
-1.54421
-1.54481
-1.54541
-1.54526
-1.54601
-1.54677
-1.54527
-1.54633
-1.54678
-1.54798
-1.54828
-1.54692
-1.54693
-1.54738
-1.54692
-1.54858
-1.54813
-1.54722
-1.54812
-1.54812
-1.54797
-1.54797
-1.54767
-1.54707
-1.54646
-1.54737
-1.54813
-1.54768
-1.54783
-1.54707
-1.54737
-1.54736
-1.54721
-1.54645
-1.5457
-1.54479
-1.54419
-1.54616
-1.54601
-1.54587
-1.54572
-1.54663
-1.54678
-1.54617
-1.54466
-1.54631
-1.54842
-1.54767
-1.54767
-1.54828
-1.54888
-1.54874
-1.54815
-1.54815
-1.54844
-1.54843
-1.54721
-1.54631
-1.54617
-1.54632
-1.54693
-1.54602
-1.54616
-1.54541
-1.54602
-1.54648
-1.54663
-1.54692
-1.54555
-1.54585
-1.54632
-1.54572
-1.54633
-1.54542
-1.54451
-1.54435
-1.5451
-1.54676
-1.54692
-1.54754
-1.54634
-1.54603
-1.54573
-1.54617
-1.54602
-1.5451
-1.54419
-1.54404
-1.54374
-1.54359
-1.54375
-1.54376
-1.54331
-1.54255
-1.54194
-1.54406
-1.54481
-1.54391
-1.54436
-1.54451
-1.54361
-1.54375
-1.5442
-1.54511
-1.54435
-1.54329
-1.54374
-1.54481
-1.54496
-1.54511
-1.5442
-1.5436
-1.54541
-1.54526
-1.54617
-1.54436
-1.54421
-1.5448
-1.54389
-1.54374
-1.54359
-1.54253
-1.54103
-1.54088
-1.53982
-1.53936
-1.53996
-1.53981
-1.54117
-1.54027
-1.54042
-1.54133
-1.54163
-1.54118
-1.53997
-1.54073
-1.53982
-1.54179
-1.54285
-1.54285
-1.54239
-1.54255
-1.54436
-1.54497
-1.54481
-1.54345
-1.54299
-1.54344
-1.54389
-1.5442
-1.54344
-1.54435
-1.54511
-1.54542
-1.54617
-1.54616
-1.5457
-1.5451
-1.54451
-1.54451
-1.54466
-1.54466
-1.54466
-1.54421
-1.54496
-1.5448
-1.54374
-1.54404
-1.54298
-1.54328
-1.54343
-1.54403
-1.54328
-1.54284
-1.54269
-1.54315
-1.54209
-1.54088
-1.54133
-1.5436
-1.54238
-1.54373
-1.54509
-1.54463
-1.54524
-1.54495
-1.54526
-1.54587
-1.54617
-1.54587
-1.54525
-1.54555
-1.54525
-1.54419
-1.5448
-1.54526
-1.54391
-1.54316
-1.5433
-1.5439
-1.54404
-1.54464
-1.5445
-1.54466
-1.54497
-1.54693
-1.54723
-1.54707
-1.5463
-1.54615
-1.5454
-1.54616
-1.54541
-1.54556
-1.54451
-1.54586
-1.54631
-1.54646
-1.54676
-1.54691
-1.54722
-1.54647
-1.54662
-1.54586
-1.54555
-1.54631
-1.54768
-1.54874
-1.54859
-1.54859
-1.54843
-1.54783
-1.54843
-1.54857
-1.54872
-1.55008
-1.55023
-1.55053
-1.54993
-1.54798
-1.54889
-1.54935
-1.54798
-1.54813
-1.54706
-1.54646
-1.54691
-1.54676
-1.54631
-1.54722
-1.54812
-1.54933
-1.54978
-1.54903
-1.54843
-1.54874
-1.54859
-1.54814
-1.54783
-1.54796
-1.54856
-1.54766
-1.54662
-1.54723
-1.54648
-1.54617
-1.54496
-1.54451
-1.54466
-1.54481
-1.54406
-1.54436
-1.54421
-1.54436
-1.54224
-1.54194
-1.54224
-1.54284
-1.54404
-1.54525
-1.54495
-1.54556
-1.54617
-1.54558
-1.54588
-1.54482
-1.54361
-1.5439
-1.54284
-1.543
-1.54391
-1.54361
-1.54392
-1.54422
-1.54346
-1.54451
-1.54451
-1.54495
-1.54601
-1.54677
-1.54632
-1.54557
-1.54435
-1.5439
-1.54466
-1.54315
-1.543
-1.5436
-1.54239
-1.54179
-1.54164
-1.54149
-1.54104
-1.54164
-1.54134
-1.54256
-1.54271
-1.54225
-1.54194
-1.54164
-1.54163
-1.54269
-1.54284
-1.54314
-1.54285
-1.5427
-1.5421
-1.5424
-1.54179
-1.54239
-1.54194
-1.54148
-1.5427
-1.54345
-1.54315
-1.54255
-1.54269
-1.54269
-1.54405
-1.54376
-1.54255
-1.54254
-1.54163
-1.54164
-1.54149
-1.54271
-1.54301
-1.54256
-1.5427
-1.54269
-1.54238
-1.54177
-1.54086
-1.54087
-1.54178
-1.5424
-1.54225
-1.54421
-1.54481
-1.54692
-1.54768
-1.54813
-1.54783
-1.54874
-1.54799
-1.54783
-1.54859
-1.54767
-1.54752
-1.54676
-1.54736
-1.54631
-1.54571
-1.54647
-1.54572
-1.54542
-1.54632
-1.54707
-1.54692
-1.54752
-1.54707
-1.54708
-1.54708
-1.54693
-1.54678
-1.54557
-1.54678
-1.54602
-1.54588
-1.54572
-1.54632
-1.54617
-1.54677
-1.54647
-1.54541
-1.5445
-1.5442
-1.54375
-1.54451
-1.54527
-1.54587
-1.54572
-1.54496
-1.54511
-1.54541
-1.5448
-1.5448
-1.54375
-1.54315
-1.543
-1.54239
-1.54179
-1.5424
-1.5424
-1.54194
-1.54177
-1.54131
-1.54118
-1.5409
-1.54181
-1.54301
-1.54239
-1.54284
-1.54253
-1.54117
-1.54178
-1.54073
-1.53817
-1.53862
-1.53817
-1.53801
-1.53831
-1.53891
-1.54012
-1.54163
-1.54178
-1.54178
-1.54163
-1.54193
-1.54223
-1.54314
-1.54299
-1.54224
-1.54087
-1.54163
-1.54148
-1.54269
-1.54254
-1.54118
-1.54088
-1.54118
-1.54147
-1.54192
-1.54268
-1.5448
-1.54571
-1.54526
-1.54511
-1.5448
-1.5439
-1.5442
-1.5448
-1.5466
-1.54675
-1.546
-1.54661
-1.54677
-1.54572
-1.54541
-1.54586
-1.5463
-1.5463
-1.546
-1.54601
-1.54616
-1.54736
-1.54706
-1.54736
-1.54811
-1.54751
-1.54827
-1.54827
-1.54751
-1.54706
-1.54691
-1.54736
-1.54873
-1.54753
-1.54753
-1.54858
-1.54888
-1.54963
-1.54948
-1.54964
-1.55009
-1.54933
-1.54978
-1.54962
-1.54901
-1.54871
-1.54721
-1.54721
-1.54737
-1.54721
-1.54721
-1.54691
-1.54767
-1.54737
-1.54646
-1.54601
-1.54646
-1.54601
-1.54677
-1.54602
-1.54617
-1.54584
-1.54553
-1.54434
-1.5445
-1.54572
-1.54722
-1.54662
-1.54601
-1.5457
-1.5463
-1.54525
-1.54616
-1.54586
-1.54616
-1.5454
-1.54464
-1.54554
-1.54479
-1.5457
-1.54631
-1.54691
-1.54827
-1.54872
-1.54873
-1.54782
-1.54721
-1.54721
-1.54691
-1.54631
-1.54647
-1.54617
-1.54677
-1.54783
-1.54753
-1.54632
-1.5451
-1.54645
-1.54615
-1.54616
-1.54662
-1.54663
-1.54617
-1.54631
-1.54706
-1.546
-1.54479
-1.5457
-1.54676
-1.54541
-1.54571
-1.54602
-1.54648
-1.54602
-1.54586
-1.54494
-1.54403
-1.54403
-1.54358
-1.54418
-1.54373
-1.54418
-1.54449
-1.54615
-1.54525
-1.54494
-1.5457
-1.54495
-1.54434
-1.54449
-1.54479
-1.54614
-1.54705
-1.54735
-1.54842
-1.54798
-1.54828
-1.54661
-1.5466
-1.54614
-1.54629
-1.54659
-1.5469
-1.54616
-1.5448
-1.54465
-1.54479
-1.54433
-1.54464
-1.54388
-1.54418
-1.54388
-1.54327
-1.54282
-1.54313
-1.54283
-1.54403
-1.54418
-1.54538
-1.54583
-1.54554
-1.54645
-1.5457
-1.54661
-1.54676
-1.54721
-1.54751
-1.54751
-1.54796
-1.54811
-1.54811
-1.54871
-1.54826
-1.54705
-1.54645
-1.54842
-1.54751
-1.54782
-1.54736
-1.54645
-1.5466
-1.54584
-1.54599
-1.54644
-1.54599
-1.54538
-1.54568
-1.54614
-1.5469
-1.54524
-1.5448
-1.54525
-1.54571
-1.54541
-1.54632
-1.54571
-1.54615
-1.54539
-1.54629
-1.54719
-1.5475
-1.54614
-1.54615
-1.5466
-1.54554
-1.54449
-1.5445
-1.54435
-1.54329
-1.54464
-1.54358
-1.54434
-1.5445
-1.5448
-1.5448
-1.54509
-1.54569
-1.54689
-1.54734
-1.5475
-1.54796
-1.54796
-1.54721
-1.54691
-1.54585
-1.5466
-1.5469
-1.54645
-1.54675
-1.54676
-1.54571
-1.54465
-1.5445
-1.54418
-1.54479
-1.54481
-1.54481
-1.54389
-1.54298
-1.54192
-1.54206
-1.54373
-1.54373
-1.54252
-1.54222
-1.54056
-1.54071
-1.54145
-1.5416
-1.54146
-1.54207
-1.54313
-1.54419
-1.54524
-1.54493
-1.54554
-1.54494
-1.54403
-1.54479
-1.54509
-1.54403
-1.54448
-1.54538
-1.54477
-1.54523
-1.54508
-1.54463
-1.54403
-1.54464
-1.54479
-1.54464
-1.54449
-1.54434
-1.54313
-1.54252
-1.54176
-1.54327
-1.54387
-1.54311
-1.54311
-1.54416
-1.54432
-1.54463
-1.54342
-1.54267
-1.54222
-1.54026
-1.53966
-1.53981
-1.54026
-1.5401
-1.54025
-1.54085
-1.53964
-1.54039
-1.54176
-1.54297
-1.54252
-1.54221
-1.5407
-1.5407
-1.54115
-1.54266
-1.54205
-1.54221
-1.54191
-1.54161
-1.54176
-1.54237
-1.54161
-1.54176
-1.54116
-1.54176
-1.54358
-1.54403
-1.54328
-1.54312
-1.54493
-1.54584
-1.54583
-1.54583
-1.54703
-1.54764
-1.54765
-1.54781
-1.54721
-1.54722
-1.54585
-1.5466
-1.54523
-1.54387
-1.54388
-1.54403
-1.54419
-1.54358
-1.54358
-1.54357
-1.54508
-1.54538
-1.54463
-1.54479
-1.54509
-1.54404
-1.54329
-1.54344
-1.54374
-1.54434
-1.54313
-1.54267
-1.54296
-1.54266
-1.54208
-1.54284
-1.54283
-1.54298
-1.54282
-1.54252
-1.54418
-1.54508
-1.54644
-1.54569
-1.54615
-1.5454
-1.54555
-1.546
-1.54676
-1.54645
-1.54736
-1.54705
-1.54645
-1.54675
-1.54691
-1.54752
-1.54707
-1.54752
-1.54797
-1.54796
-1.54796
-1.54705
-1.54659
-1.54674
-1.54674
-1.54735
-1.54706
-1.54752
-1.54631
-1.5463
-1.54585
-1.54449
-1.54418
-1.54539
-1.54553
-1.54403
-1.54463
-1.54343
-1.54238
-1.54193
-1.54087
-1.54207
-1.54251
-1.54312
-1.54343
-1.54177
-1.54192
-1.54177
-1.54162
-1.54133
-1.54133
-1.54239
-1.54329
-1.54358
-1.54387
-1.54387
-1.54311
-1.54311
-1.54357
-1.54267
-1.54313
-1.54374
-1.54329
-1.54299
-1.5445
-1.54434
-1.54434
-1.54539
-1.54599
-1.54584
-1.54659
-1.5475
-1.54674
-1.5469
-1.54827
-1.54887
-1.54857
-1.54918
-1.54812
-1.54766
-1.54766
-1.54751
-1.54766
-1.54811
-1.54751
-1.5472
-1.54705
-1.54689
-1.5475
-1.54523
-1.54509
-1.54555
-1.54646
-1.54721
-1.54721
-1.5469
-1.54584
-1.54554
-1.54539
-1.54524
-1.54569
-1.5454
-1.54586
-1.5442
-1.54299
-1.54284
-1.54314
-1.5445
-1.5451
-1.54524
-1.54538
-1.54462
-1.54524
-1.54571
-1.54601
-1.54571
-1.5454
-1.5457
-1.54615
-1.54585
-1.5454
-1.54767
-1.54812
-1.54782
-1.54736
-1.54736
-1.5472
-1.54584
-1.54539
-1.54615
-1.54721
-1.54811
-1.5472
-1.5472
-1.5469
-1.5466
-1.5466
-1.54646
-1.54691
-1.54661
-1.54706
-1.54766
-1.5463
-1.54569
-1.54509
-1.54403
-1.54297
-1.54252
-1.54358
-1.54374
-1.5445
-1.54359
-1.54419
-1.54419
-1.54387
-1.54417
-1.54327
-1.54539
-1.5466
-1.54615
-1.5466
-1.54751
-1.54797
-1.54782
-1.54797
-1.54767
-1.54812
-1.54811
-1.54796
-1.54946
-1.54991
-1.54961
-1.54887
-1.54797
-1.54887
-1.54842
-1.54887
-1.54993
-1.54947
-1.54932
-1.54811
-1.54826
-1.54811
-1.54766
-1.54736
-1.54782
-1.54751
-1.54842
-1.54811
-1.54689
-1.54658
-1.54583
-1.54523
-1.54524
-1.54555
-1.5457
-1.54615
-1.5463
-1.54418
-1.54494
-1.54508
-1.54463
-1.54265
-1.54355
-1.54416
-1.54508
-1.54449
-1.54374
-1.54358
-1.54386
-1.54432
-1.54357
-1.54373
-1.54418
-1.54387
-1.54416
-1.54386
-1.54296
-1.54312
-1.54328
-1.54282
-1.54433
-1.54492
-1.54462
-1.54493
-1.54448
-1.54388
-1.54389
-1.54373
-1.54358
-1.54524
-1.54508
-1.54537
-1.5434
-1.5434
-1.54402
-1.54479
-1.5451
-1.54571
-1.5451
-1.54661
-1.54645
-1.54523
-1.54537
-1.54583
-1.54569
-1.54555
-1.54509
-1.54539
-1.54463
-1.54402
-1.54448
-1.54449
-1.54434
-1.54434
-1.54417
-1.54431
-1.54279
-1.5437
-1.54477
-1.54357
-1.54357
-1.54418
-1.54328
-1.54282
-1.54342
-1.54266
-1.5419
-1.54235
-1.5428
-1.54326
-1.54236
-1.54251
-1.54176
-1.53979
-1.5407
-1.5407
-1.5413
-1.5407
-1.5404
-1.54055
-1.54205
-1.54144
-1.54295
-1.54235
-1.54235
-1.5431
-1.5428
-1.54326
-1.54371
-1.54296
-1.54296
-1.54281
-1.54357
-1.54311
-1.54341
-1.54281
-1.5425
-1.5413
-1.54115
-1.5413
-1.54221
-1.54357
-1.54146
-1.54176
-1.54191
-1.54191
-1.54205
-1.54235
-1.54296
-1.54296
-1.54341
-1.54371
-1.54417
-1.54629
-1.5466
-1.54629
-1.54705
-1.54765
-1.54689
-1.54855
-1.54977
-1.54992
-1.54978
-1.54992
-1.55007
-1.54946
-1.54916
-1.54855
-1.5475
-1.54765
-1.54749
-1.54704
-1.54629
-1.54539
-1.5457
-1.54554
-1.54554
-1.54599
-1.54645
-1.54675
-1.54675
-1.54734
-1.5493
-1.54945
-1.54856
-1.54871
-1.5463
-1.54676
-1.546
-1.54525
-1.54585
-1.5469
-1.54674
-1.54704
-1.54629
-1.54598
-1.54448
-1.54525
-1.54586
-1.54525
-1.54585
-1.54584
-1.54598
-1.54643
-1.54629
-1.54569
-1.54554
-1.54524
-1.5457
-1.54721
-1.54766
-1.54872
-1.54841
-1.54765
-1.54855
-1.54764
-1.54764
-1.54705
-1.54675
-1.54555
-1.54524
-1.54479
-1.54524
-1.54509
-1.54479
-1.54614
-1.5469
-1.5472
-1.5463
-1.54661
-1.54585
-1.54464
-1.54478
-1.54373
-1.54313
-1.54313
-1.54298
-1.54206
-1.54222
-1.54282
-1.54192
-1.54041
-1.54071
-1.54146
-1.54207
-1.54132
-1.54147
-1.54208
-1.54132
-1.54177
-1.54116
-1.54161
-1.54206
-1.54221
-1.54266
-1.54267
-1.54238
-1.54253
-1.54253
-1.54403
-1.54554
-1.54478
-1.54463
-1.54478
-1.54509
-1.54479
-1.54464
-1.54464
-1.54342
-1.54372
-1.54311
-1.54357
-1.54342
-1.54327
-1.54358
-1.54403
-1.54388
-1.54281
-1.54447
-1.54523
-1.54569
-1.54675
-1.54796
-1.54675
-1.54705
-1.54675
-1.54659
-1.5478
-1.54749
-1.5481
-1.54795
-1.54674
-1.54599
-1.54614
-1.54689
-1.54629
-1.54705
-1.5469
-1.54705
-1.5469
-1.54735
-1.54614
-1.54599
-1.54569
-1.54538
-1.54522
-1.54657
-1.54552
-1.54628
-1.54523
-1.54599
-1.54494
-1.54539
-1.54765
-1.54765
-1.54795
-1.54719
-1.54734
-1.5481
-1.54947
-1.54978
-1.54902
-1.54842
-1.54781
-1.54779
-1.54672
-1.54596
-1.54567
-1.54674
-1.5472
-1.54811
-1.54735
-1.54719
-1.54719
-1.54705
-1.5472
-1.5475
-1.54704
-1.54674
-1.54644
-1.54645
-1.5463
-1.5472
-1.5472
-1.54704
-1.54704
-1.54749
-1.54599
-1.54569
-1.54646
-1.54782
-1.54767
-1.54796
-1.54794
-1.54732
-1.54749
-1.54946
-1.54871
-1.5481
-1.54749
-1.54703
-1.54673
-1.5478
-1.54841
-1.54947
-1.54992
-1.54871
-1.5481
-1.54764
-1.549
-1.54945
-1.54869
-1.54824
-1.54869
-1.5484
-1.549
-1.54795
-1.54735
-1.54674
-1.54765
-1.54765
-1.54734
-1.5484
-1.549
-1.54824
-1.54778
-1.54869
-1.54869
-1.54839
-1.54839
-1.54915
-1.54962
-1.54871
-1.54841
-1.5481
-1.5484
-1.549
-1.5493
-1.55036
-1.5499
-1.5484
-1.5484
-1.54764
-1.54764
-1.54854
-1.54839
-1.5487
-1.55021
-1.55021
-1.55007
-1.55082
-1.55036
-1.5496
-1.5493
-1.5475
-1.5472
-1.54645
-1.54644
-1.54689
-1.54749
-1.54763
-1.54793
-1.54779
-1.54885
-1.54946
-1.5484
-1.54704
-1.54688
-1.54657
-1.54779
-1.5472
-1.54675
-1.54706
-1.54645
-1.54629
-1.54629
-1.54567
-1.54461
-1.54521
-1.54431
-1.54416
-1.54447
-1.54478
-1.54448
-1.54463
-1.54508
-1.54584
-1.54614
-1.54629
-1.54689
-1.54674
-1.54734
-1.54795
-1.54779
-1.54764
-1.54673
-1.54673
-1.54598
-1.54523
-1.54509
-1.54464
-1.54585
-1.5463
-1.54569
-1.54523
-1.54553
-1.54689
-1.54735
-1.5472
-1.54766
-1.54902
-1.54826
-1.5475
-1.54583
-1.54538
-1.54508
-1.54447
-1.54402
-1.54371
-1.54341
-1.54296
-1.54267
-1.54161
-1.54222
-1.54177
-1.54267
-1.54237
-1.54267
-1.54327
-1.54357
-1.54478
-1.54448
-1.54418
-1.54357
-1.54342
-1.54402
-1.54372
-1.54281
-1.54372
-1.54357
-1.54432
-1.54539
-1.54524
-1.5457
-1.54585
-1.54554
-1.54387
-1.54492
-1.54462
-1.54403
-1.54434
-1.54282
-1.54493
-1.54356
-1.54386
-1.54265
-1.5419
-1.54342
-1.54327
-1.54297
-1.54372
-1.54357
-1.54357
-1.54447
-1.54371
-1.54416
-1.54416
-1.54492
-1.54508
-1.54523
-1.54538
-1.54537
-1.54568
-1.54538
-1.54477
-1.54553
-1.54493
-1.54477
-1.54476
-1.5428
-1.54416
-1.54402
-1.54251
-1.54191
-1.54115
-1.54115
-1.5416
-1.54129
-1.54054
-1.54129
-1.54204
-1.54249
-1.54265
-1.54295
-1.54296
-1.54266
-1.54311
-1.5422
-1.54205
-1.54205
-1.54356
-1.54326
-1.54446
-1.5434
-1.54159
-1.54129
-1.54054
-1.53933
-1.53918
-1.53933
-1.53888
-1.53873
-1.53858
-1.53767
-1.53888
-1.53903
-1.54009
-1.54024
-1.54085
-1.54206
-1.54191
-1.54085
-1.5407
-1.54054
-1.5413
-1.54116
-1.54146
-1.54221
-1.54281
-1.54206
-1.5413
-1.54191
-1.54297
-1.54342
-1.54296
-1.54371
-1.54461
-1.54537
-1.54507
-1.54522
-1.54463
-1.54297
-1.54313
-1.54419
-1.54282
-1.54417
-1.54266
-1.54402
-1.54402
-1.54357
-1.5419
-1.54235
-1.54325
-1.5437
-1.5437
-1.54385
-1.54356
-1.54507
-1.54599
-1.54674
-1.54705
-1.5466
-1.54676
-1.54736
-1.54721
-1.54765
-1.549
-1.5496
-1.54991
-1.54854
-1.54914
-1.54809
-1.54809
-1.54764
-1.54749
-1.54704
-1.54658
-1.54643
-1.54567
-1.54612
-1.54598
-1.54538
-1.54613
-1.54613
-1.54689
-1.54659
-1.54644
-1.54583
-1.54734
-1.54809
-1.54885
-1.54794
-1.54703
-1.54672
-1.54703
-1.54718
-1.54628
-1.54765
-1.54871
-1.54704
-1.54765
-1.54704
-1.54599
-1.54599
-1.54583
-1.54538
-1.54432
-1.54431
-1.54446
-1.54386
-1.54386
-1.54327
-1.54282
-1.54238
-1.54268
-1.54238
-1.54297
-1.54297
-1.54266
-1.5422
-1.54265
-1.54325
-1.5431
-1.5428
-1.54221
-1.54343
-1.54419
-1.5451
-1.54615
-1.54644
-1.54719
-1.54809
-1.54825
-1.5475
-1.5478
-1.54766
-1.54766
-1.54826
-1.54871
-1.5487
-1.54764
-1.54748
-1.54764
-1.54749
-1.54703
-1.54612
-1.54628
-1.54583
-1.54659
-1.54508
-1.54539
-1.54479
-1.54358
-1.54388
-1.54387
-1.54296
-1.5419
-1.54175
-1.54265
-1.54234
-1.54219
-1.54113
-1.54174
-1.54159
-1.541
-1.541
-1.5404
-1.54115
-1.5416
-1.54296
-1.54296
-1.54342
-1.54372
-1.54433
-1.54387
-1.54327
-1.54297
-1.54357
-1.54326
-1.54341
-1.54311
-1.5425
-1.54385
-1.54446
-1.54492
-1.54523
-1.54508
-1.54373
-1.54433
-1.54523
-1.54402
-1.54356
-1.54341
-1.54235
-1.54251
-1.54176
-1.54237
-1.54161
-1.54084
-1.54069
-1.54099
-1.54205
-1.5419
-1.54266
-1.54327
-1.54236
-1.54251
-1.54206
-1.54252
-1.54282
-1.54191
-1.54221
-1.54176
-1.54191
-1.54267
-1.54207
-1.54221
-1.5416
-1.5419
-1.5422
-1.5416
-1.54054
-1.54024
-1.54131
-1.54176
-1.54056
-1.54207
-1.54222
-1.54298
-1.54418
-1.54418
-1.54372
-1.54432
-1.54477
-1.54568
-1.54447
-1.54523
-1.54448
-1.54493
-1.54509
-1.54585
-1.54449
-1.54494
-1.54494
-1.54524
-1.54553
-1.54598
-1.54613
-1.54644
-1.5463
-1.54464
-1.5451
-1.54631
-1.54645
-1.54704
-1.54704
-1.54615
-1.54675
-1.5469
-1.54659
-1.54704
-1.54734
-1.54734
-1.54765
-1.54796
-1.5469
-1.54705
-1.5472
-1.54614
-1.54553
-1.54584
-1.54493
-1.54538
-1.54524
-1.54585
-1.54584
-1.54599
-1.54478
-1.54553
-1.54493
-1.54569
-1.54478
-1.54388
-1.54312
-1.54342
-1.54282
-1.54312
-1.54448
-1.54509
-1.54539
-1.54553
-1.54583
-1.54493
-1.54599
-1.5466
-1.5466
-1.5475
-1.54599
-1.54554
-1.54569
-1.54418
-1.54358
-1.54418
-1.54539
-1.54629
-1.54493
-1.54523
-1.54553
-1.54553
-1.54598
-1.54659
-1.54765
-1.54675
-1.54841
-1.54825
-1.54825
-1.54855
-1.54794
-1.5475
-1.54735
-1.54585
-1.5463
-1.54706
-1.54841
-1.54795
-1.54764
-1.54644
-1.54751
-1.54811
-1.54781
-1.54736
-1.54796
-1.54765
-1.54735
-1.54614
-1.54659
-1.54644
-1.54629
-1.54433
-1.54388
-1.54343
-1.54358
-1.54358
-1.54358
-1.54509
-1.54403
-1.54403
-1.54418
-1.54493
-1.54448
-1.54493
-1.54554
-1.54539
-1.54463
-1.54403
-1.54373
-1.54464
-1.54405
-1.54526
-1.54405
-1.54358
-1.54297
-1.54342
-1.54236
-1.54176
-1.54236
-1.54282
-1.54192
-1.54223
-1.54313
-1.54358
-1.54403
-1.54463
-1.54523
-1.54477
-1.54478
-1.54644
-1.54796
-1.54887
-1.54856
-1.54645
-1.54645
-1.54766
-1.54841
-1.54871
-1.54855
-1.54824
-1.5478
-1.54826
-1.54887
-1.54993
-1.54963
-1.54947
-1.54872
-1.54933
-1.55023
-1.54916
-1.549
-1.5481
-1.54765
-1.5481
-1.54885
-1.5484
-1.54794
-1.54734
-1.54735
-1.54751
-1.54721
-1.5469
-1.5463
-1.5463
-1.5466
-1.5472
-1.5475
-1.54689
-1.54583
-1.54629
-1.54554
-1.5463
-1.54721
-1.54857
-1.54796
-1.54826
-1.5481
-1.54764
-1.54748
-1.54658
-1.54779
-1.54735
-1.54675
-1.5463
-1.5466
-1.54751
-1.54721
-1.54751
-1.54795
-1.5484
-1.54946
-1.54825
-1.54765
-1.5469
-1.54645
-1.54539
-1.5469
-1.54735
-1.54704
-1.54523
-1.54583
-1.54508
-1.54494
-1.54449
-1.54509
-1.54402
-1.54492
-1.54568
-1.54554
-1.54493
-1.54448
-1.54538
-1.54327
-1.54373
-1.54358
-1.54388
-1.54464
-1.54493
-1.54446
-1.54506
-1.54491
-1.54553
-1.54525
-1.54556
-1.54556
-1.54495
-1.54585
-1.54523
-1.54553
-1.54554
-1.54539
-1.54524
-1.54387
-1.54478
-1.54463
-1.54478
-1.54463
-1.54433
-1.54523
-1.54508
-1.54433
-1.54358
-1.54313
-1.54282
-1.54236
-1.5425
-1.54295
-1.54356
-1.54327
-1.54357
-1.54478
-1.54523
-1.54433
-1.54463
-1.54478
-1.54568
-1.54461
-1.544
-1.54294
-1.54356
-1.54372
-1.54403
-1.54357
-1.54372
-1.54327
-1.54251
-1.54175
-1.54175
-1.5425
-1.5422
-1.54266
-1.5416
-1.54191
-1.54236
-1.54281
-1.5422
-1.5428
-1.5422
-1.54265
-1.5425
-1.54099
-1.54221
-1.54222
-1.54298
-1.54222
-1.54192
-1.54221
-1.54265
-1.54203
-1.5431
-1.54266
-1.54251
-1.54312
-1.54341
-1.54311
-1.54265
-1.54295
-1.54386
-1.54492
-1.54476
-1.54507
-1.54461
-1.54461
-1.54477
-1.54477
-1.54537
-1.54567
-1.54567
-1.54551
-1.54506
-1.54505
-1.54521
-1.54491
-1.54462
-1.54584
-1.54629
-1.5472
-1.54855
-1.54885
-1.54838
-1.54853
-1.54883
-1.54914
-1.54915
-1.54855
-1.54824
-1.549
-1.5493
-1.54855
-1.5481
-1.54946
-1.54825
-1.54794
-1.54764
-1.54765
-1.54659
-1.54764
-1.54567
-1.54581
-1.54657
-1.54566
-1.54476
-1.54446
-1.54613
-1.54553
-1.54585
-1.54615
-1.54494
-1.54417
-1.54416
-1.54476
-1.54417
-1.54402
-1.54312
-1.54372
-1.54281
-1.54295
-1.54219
-1.54188
-1.54083
-1.54204
-1.54295
-1.54236
-1.54236
-1.54205
-1.5434
-1.54234
-1.54175
-1.5416
-1.54009
-1.53978
-1.53872
-1.53917
-1.53947
-1.53872
-1.53964
-1.53889
-1.53965
-1.54071
-1.54101
-1.54161
-1.54206
-1.5425
-1.5434
-1.54294
-1.54279
-1.54385
-1.54416
-1.54508
-1.54433
-1.54434
-1.54495
-1.54419
-1.54465
-1.54524
-1.54522
-1.54354
-1.54399
-1.54415
-1.54401
-1.54387
-1.54236
-1.5422
-1.54235
-1.5419
-1.54144
-1.54205
-1.54235
-1.54205
-1.5419
-1.54311
-1.54386
-1.5434
-1.5422
-1.54189
-1.5431
-1.5434
-1.54265
-1.5425
-1.5434
-1.54461
-1.5431
-1.54324
-1.54385
-1.54385
-1.54491
-1.54552
-1.54598
-1.54522
-1.54583
-1.54628
-1.54658
-1.54446
-1.5431
-1.5437
-1.54415
-1.54521
-1.5443
-1.54521
-1.54582
-1.54567
-1.54567
-1.54704
-1.54719
-1.54598
-1.54567
-1.54521
-1.54582
-1.54536
-1.54613
-1.54598
-1.54614
-1.54629
-1.54613
-1.54704
-1.54915
-1.54899
-1.54854
-1.54839
-1.54839
-1.54823
-1.54717
-1.54552
-1.54522
-1.54568
-1.54674
-1.54614
-1.54478
-1.54493
-1.54342
-1.54327
-1.54266
-1.54462
-1.54371
-1.5422
-1.5419
-1.54176
-1.54116
-1.54086
-1.54025
-1.5416
-1.5419
-1.54175
-1.5416
-1.54191
-1.5413
-1.54145
-1.5413
-1.54069
-1.54009
-1.53949
-1.54086
-1.54086
-1.5398
-1.53873
-1.53903
-1.53858
-1.53828
-1.53904
-1.54025
-1.54025
-1.5407
-1.54115
-1.54054
-1.54009
-1.53964
-1.53933
-1.54055
-1.53888
-1.53888
-1.53903
-1.53993
-1.53994
-1.53994
-1.54009
-1.54085
-1.54085
-1.541
-1.54039
-1.54145
-1.5413
-1.54251
-1.54191
-1.541
-1.54146
-1.54206
-1.54387
-1.54416
-1.54357
-1.54327
-1.54494
-1.5451
-1.54509
-1.54599
-1.54539
-1.54478
-1.54522
-1.54658
-1.54718
-1.54657
-1.54522
-1.54477
-1.54402
-1.54343
-1.54313
-1.54373
-1.54313
-1.54343
-1.54388
-1.54327
-1.54235
-1.54158
-1.54097
-1.54174
-1.5407
-1.54055
-1.54116
-1.54177
-1.54162
-1.54267
-1.54266
-1.54131
-1.54192
-1.54163
-1.54223
-1.54207
-1.54189
-1.54309
-1.5425
-1.54282
-1.54298
-1.54464
-1.54555
-1.54616
-1.54601
-1.54631
-1.54721
-1.5463
-1.54736
-1.54812
-1.54917
-1.54992
-1.549
-1.54915
-1.54975
-1.55081
-1.55203
-1.55265
-1.55236
-1.55266
-1.55281
-1.55175
-1.55174
-1.55189
-1.55174
-1.55235
-1.55281
-1.55235
-1.55294
-1.55414
-1.55309
-1.55326
-1.55447
-1.55508
-1.55431
-1.55445
-1.55443
-1.55339
-1.55326
-1.55251
-1.5528
-1.55264
-1.55128
-1.55022
-1.54886
-1.54614
-1.54569
-1.54584
-1.54675
-1.54705
-1.54645
-1.5478
-1.54674
-1.54522
-1.54583
-1.54538
-1.54479
-1.54585
-1.5454
-1.54631
-1.54631
-1.54404
-1.54434
-1.54509
-1.54433
-1.54448
-1.54417
-1.54387
-1.54584
-1.54539
-1.54555
-1.54632
-1.54905
-1.54769
-1.54799
-1.54783
-1.54782
-1.54795
-1.54718
-1.54688
-1.5466
-1.54586
-1.5451
-1.54646
-1.54706
-1.54676
-1.54691
-1.5466
-1.5463
-1.54691
-1.54555
-1.54525
-1.54404
-1.54434
-1.54432
-1.54553
-1.54674
-1.5475
-1.54554
-1.54479
-1.5454
-1.5454
-1.54495
-1.5451
-1.5454
-1.54479
-1.54539
-1.54554
-1.54433
-1.54357
-1.54311
-1.54266
-1.54266
-1.54342
-1.54298
-1.54222
-1.54223
-1.54223
-1.54207
-1.54161
-1.54191
-1.54207
-1.54237
-1.54238
-1.54253
-1.54238
-1.54313
-1.54343
-1.54388
-1.54282
-1.54222
-1.54207
-1.54282
-1.54191
-1.5407
-1.54161
-1.54086
-1.54071
-1.54027
-1.54087
-1.53996
-1.54056
-1.54116
-1.54237
-1.54192
-1.54087
-1.53997
-1.53951
-1.54071
-1.54176
-1.54085
-1.54267
-1.54388
-1.54434
-1.54511
-1.54541
-1.54587
-1.54662
-1.54873
-1.54888
-1.54766
-1.54598
-1.54657
-1.54612
-1.54614
-1.54586
-1.54497
-1.54602
-1.54511
-1.54494
-1.54358
-1.54327
-1.54313
-1.54131
-1.54222
-1.54208
-1.54117
-1.54222
-1.54222
-1.54343
-1.54282
-1.54146
-1.54237
-1.54298
-1.54358
-1.54479
-1.546
-1.54495
-1.54495
-1.54465
-1.54495
-1.54419
-1.54328
-1.54358
-1.54297
-1.54236
-1.54086
-1.54117
-1.54148
-1.54299
-1.54163
-1.54223
-1.54253
-1.54268
-1.54389
-1.54374
-1.54359
-1.54434
-1.5454
-1.54495
-1.54481
-1.54572
-1.54647
-1.54616
-1.54706
-1.5466
-1.54661
-1.54601
-1.54571
-1.54495
-1.54525
-1.54435
-1.54404
-1.54359
-1.5439
-1.5448
-1.54541
-1.54541
-1.54601
-1.54496
-1.54374
-1.54465
-1.5451
-1.5448
-1.54314
-1.54299
-1.5436
-1.5439
-1.54314
-1.54374
-1.5454
-1.54586
-1.54601
-1.54465
-1.54374
-1.54449
-1.5448
-1.5439
-1.54285
-1.54209
-1.54239
-1.54238
-1.54343
-1.5439
-1.54376
-1.54407
-1.54346
-1.54254
-1.54207
-1.54206
-1.54207
-1.54178
-1.54133
-1.54103
-1.54254
-1.54148
-1.54179
-1.54284
-1.54224
-1.54149
-1.54103
-1.54057
-1.54087
-1.54072
-1.53997
-1.54088
-1.54043
-1.54058
-1.54073
-1.54103
-1.54087
-1.54072
-1.54133
-1.54285
-1.54225
-1.54165
-1.54225
-1.54224
-1.54147
-1.54237
-1.54132
-1.54178
-1.54209
-1.54285
-1.54331
-1.54225
-1.54315
-1.54314
-1.54178
-1.54268
-1.54299
-1.54315
-1.5427
-1.54361
-1.54392
-1.54376
-1.54466
-1.54631
-1.5463
-1.5457
-1.54571
-1.54617
-1.54663
-1.54754
-1.54754
-1.54724
-1.54633
-1.54693
-1.5445
-1.54571
-1.54434
-1.54464
-1.54314
-1.54345
-1.54496
-1.54436
-1.54436
-1.54451
-1.54466
-1.543
-1.54239
-1.5433
-1.5427
-1.543
-1.54255
-1.54254
-1.54208
-1.54299
-1.54374
-1.54344
-1.54254
-1.54209
-1.54224
-1.54255
-1.54224
-1.54254
-1.54299
-1.54404
-1.54419
-1.54344
-1.54359
-1.5439
-1.5439
-1.54496
-1.54391
-1.54451
-1.54345
-1.54299
-1.5439
-1.54375
-1.54375
-1.54359
-1.54284
-1.54419
-1.54405
-1.54496
-1.54375
-1.54481
-1.54602
-1.54677
-1.54722
-1.54662
-1.54556
-1.54571
-1.54782
-1.54691
-1.5466
-1.546
-1.54661
-1.5454
-1.54541
-1.54541
-1.54617
-1.54587
-1.5442
-1.54405
-1.54375
-1.54525
-1.5451
-1.5448
-1.54314
-1.5433
-1.54375
-1.54435
-1.54495
-1.54299
-1.54329
-1.54329
-1.5442
-1.5445
-1.5433
-1.54316
-1.54271
-1.54301
-1.54255
-1.54285
-1.54316
-1.54345
-1.54374
-1.54328
-1.54328
-1.54435
-1.54451
-1.54437
-1.54482
-1.54466
-1.54542
-1.54557
-1.54647
-1.54647
-1.54662
-1.54602
-1.54451
-1.54542
-1.54556
-1.54541
-1.5448
-1.54404
-1.54405
-1.5448
-1.54451
-1.54421
-1.54451
-1.54451
-1.54406
-1.54527
-1.54421
-1.54345
-1.5439
-1.54375
-1.54465
-1.54389
-1.54494
-1.54464
-1.54555
-1.54662
-1.54541
-1.54586
-1.54677
-1.54647
-1.54738
-1.54844
-1.54768
-1.54753
-1.54753
-1.54873
-1.54812
-1.54827
-1.54798
-1.54965
-1.54845
-1.5483
-1.54709
-1.54725
-1.54694
-1.54633
-1.54677
-1.54601
-1.54601
-1.54557
-1.54678
-1.54709
-1.54724
-1.54876
-1.548
-1.54768
-1.54722
-1.54797
-1.54858
-1.5489
-1.5492
-1.5492
-1.54995
-1.5498
-1.54935
-1.55071
-1.55162
-1.55087
-1.54996
-1.54996
-1.54905
-1.54828
-1.54812
-1.54782
-1.54842
-1.54828
-1.54828
-1.54888
-1.54903
-1.54828
-1.54814
-1.54845
-1.54876
-1.54967
-1.54935
-1.54843
-1.54872
-1.54873
-1.54798
-1.54784
-1.54845
-1.54906
-1.54769
-1.54737
-1.5466
-1.5466
-1.54782
-1.54828
-1.54829
-1.54739
-1.54769
-1.54814
-1.54905
-1.5492
-1.54995
-1.54995
-1.55071
-1.5501
-1.5495
-1.54814
-1.54874
-1.54888
-1.54963
-1.55039
-1.54963
-1.54995
-1.55011
-1.54981
-1.54905
-1.5489
-1.54816
-1.54726
-1.548
-1.54798
-1.54781
-1.5466
-1.54632
-1.54634
-1.54635
-1.5462
-1.54574
-1.54558
-1.54587
-1.54602
-1.54601
-1.54661
-1.54767
-1.54813
-1.54813
-1.54829
-1.54769
-1.5483
-1.54905
-1.5492
-1.54965
-1.54904
-1.54965
-1.54814
-1.54632
-1.54631
-1.54616
-1.54465
-1.54436
-1.54391
-1.54407
-1.54301
-1.54377
-1.54195
-1.54284
-1.54374
-1.54374
-1.54299
-1.5436
-1.54436
-1.54421
-1.5442
-1.54481
-1.54572
-1.54497
-1.54452
-1.54436
-1.54482
-1.54708
-1.54783
-1.54843
-1.54797
-1.54812
-1.54812
-1.54737
-1.54571
-1.54587
-1.54542
-1.54557
-1.54709
-1.54724
-1.54679
-1.54663
-1.54677
-1.54692
-1.54557
-1.54557
-1.54481
-1.5442
-1.54389
-1.54359
-1.5442
-1.54527
-1.54588
-1.54558
-1.54558
-1.54542
-1.54496
-1.54511
-1.54526
-1.54542
-1.54573
-1.54542
-1.54481
-1.54466
-1.54572
-1.54557
-1.54541
-1.5457
-1.5454
-1.54556
-1.54496
-1.54542
-1.54542
-1.54542
-1.54466
-1.54572
-1.54452
-1.54376
-1.54376
-1.54179
-1.54224
-1.54223
-1.54283
-1.54283
-1.54253
-1.54314
-1.5436
-1.54345
-1.54375
-1.5445
-1.54374
-1.54269
-1.54329
-1.54344
-1.54435
-1.54375
-1.54405
-1.5433
-1.54255
-1.54315
-1.54299
-1.54223
-1.54269
-1.54328
-1.54312
-1.54357
-1.54313
-1.5436
-1.543
-1.5436
-1.54556
-1.54556
-1.54541
-1.54541
-1.54557
-1.54572
-1.54556
-1.54646
-1.54691
-1.5475
-1.54584
-1.5457
-1.54601
-1.54406
-1.54361
-1.54376
-1.54391
-1.5439
-1.5433
-1.54239
-1.54254
-1.54223
-1.54162
-1.54282
-1.54281
-1.54342
-1.54328
-1.54314
-1.5439
-1.54435
-1.54465
-1.54329
-1.54269
-1.54269
-1.54148
-1.54103
-1.54073
-1.54133
-1.54042
-1.53996
-1.5386
-1.5395
-1.53995
-1.53905
-1.53936
-1.53937
-1.53923
-1.53999
-1.53938
-1.53937
-1.53997
-1.53845
-1.53845
-1.53875
-1.53875
-1.5389
-1.53981
-1.53966
-1.54087
-1.54057
-1.54042
-1.54087
-1.54133
-1.54193
-1.54133
-1.54163
-1.54208
-1.54223
-1.54117
-1.53995
-1.54026
-1.54086
-1.54132
-1.54041
-1.54026
-1.54116
-1.54192
-1.54178
-1.54239
-1.54269
-1.54374
-1.5445
-1.5448
-1.5442
-1.54495
-1.54464
-1.54464
-1.54373
-1.54449
-1.54434
-1.5442
-1.5451
-1.54601
-1.5451
-1.546
-1.54766
-1.54751
-1.54782
-1.54767
-1.54721
-1.54615
-1.54691
-1.54647
-1.54601
-1.5451
-1.54479
-1.54509
-1.54433
-1.54525
-1.54525
-1.54389
-1.54419
-1.54419
-1.54554
-1.54432
-1.54386
-1.54357
-1.54358
-1.54374
-1.5436
-1.543
-1.54254
-1.54253
-1.54267
-1.54236
-1.54342
-1.54372
-1.54417
-1.54433
-1.54509
-1.5448
-1.54495
-1.54631
-1.54691
-1.54676
-1.54691
-1.5463
-1.54615
-1.54675
-1.54721
-1.54736
-1.54736
-1.54767
-1.54767
-1.54766
-1.54644
-1.54749
-1.54719
-1.5472
-1.54751
-1.54782
-1.54722
-1.54798
-1.54813
-1.54722
-1.54601
-1.54706
-1.5463
-1.5463
-1.54721
-1.54554
-1.54462
-1.54416
-1.54507
-1.54296
-1.54373
-1.54389
-1.5454
-1.54541
-1.54601
-1.5451
-1.54404
-1.54298
-1.54297
-1.54205
-1.54311
-1.54326
-1.54312
-1.54237
-1.54328
-1.54313
-1.54419
-1.54494
-1.54434
-1.54419
-1.54449
-1.5451
-1.54465
-1.54404
-1.54465
-1.54495
-1.54646
-1.5457
-1.54479
-1.54327
-1.54297
-1.54251
-1.54312
-1.54252
-1.54358
-1.54389
-1.54449
-1.54419
-1.54374
-1.54435
-1.54389
-1.54419
-1.54448
-1.54403
-1.54387
-1.54327
-1.54342
-1.54449
-1.54329
-1.54284
-1.54284
-1.54329
-1.54283
-1.54237
-1.54085
-1.54161
-1.54162
-1.54133
-1.54073
-1.54148
-1.54178
-1.54223
-1.54117
-1.54102
-1.54117
-1.54101
-1.54191
-1.54191
-1.54251
-1.54328
-1.54329
-1.54299
-1.54359
-1.5448
-1.54404
-1.54405
-1.54239
-1.54253
-1.54494
-1.54585
-1.54571
-1.54722
-1.54631
-1.5457
-1.54509
-1.54463
-1.54493
-1.54403
-1.54131
-1.54253
-1.54313
-1.54283
-1.54358
-1.54359
-1.5445
-1.54389
-1.54389
-1.54449
-1.54418
-1.54419
-1.54374
-1.54359
-1.54358
-1.54388
-1.54328
-1.54343
-1.54208
-1.54253
-1.54072
-1.54087
-1.54148
-1.54148
-1.54238
-1.54147
-1.54177
-1.54283
-1.54434
-1.54359
-1.54359
-1.54298
-1.54328
-1.54357
-1.54267
-1.54282
-1.54253
-1.54299
-1.5439
-1.5436
-1.54299
-1.54253
-1.54298
-1.54238
-1.54328
-1.54418
-1.54418
-1.54479
-1.54388
-1.54555
-1.5457
-1.54434
-1.54313
-1.54358
-1.54343
-1.5445
-1.5442
-1.54465
-1.54494
-1.54358
-1.54358
-1.54329
-1.54344
-1.54299
-1.54329
-1.54268
-1.54177
-1.54177
-1.54238
-1.54313
-1.54268
-1.54298
-1.54359
-1.54329
-1.54343
-1.54298
-1.54387
-1.54357
-1.54328
-1.54223
-1.54344
-1.54374
-1.54358
-1.54342
-1.54387
-1.54433
-1.54313
-1.54239
-1.54254
-1.54344
-1.54314
-1.54328
-1.54479
-1.54524
-1.54569
-1.5457
-1.5454
-1.5457
-1.54464
-1.54448
-1.54433
-1.54418
-1.54433
-1.54434
-1.54358
-1.54419
-1.54404
-1.54374
-1.5442
-1.5436
-1.5439
-1.54344
-1.54252
-1.54115
-1.53995
-1.53995
-1.54116
-1.54147
-1.54088
-1.54148
-1.54209
-1.54315
-1.5445
-1.54496
-1.54465
-1.5439
-1.54405
-1.54404
-1.54494
-1.54569
-1.5469
-1.54706
-1.54782
-1.54828
-1.54828
-1.54979
-1.5504
-1.551
-1.54994
-1.54903
-1.54857
-1.54811
-1.54675
-1.54645
-1.54751
-1.54767
-1.54632
-1.54556
-1.54541
-1.54541
-1.54525
-1.54434
-1.54495
-1.54435
-1.54421
-1.54301
-1.54406
-1.54436
-1.5445
-1.54419
-1.54298
-1.54313
-1.54223
-1.54344
-1.5442
-1.54525
-1.54616
-1.54601
-1.54692
-1.54859
-1.54829
-1.5483
-1.54769
-1.54815
-1.5483
-1.54814
-1.54707
-1.54857
-1.54843
-1.54814
-1.54814
-1.54904
-1.54903
-1.54857
-1.54842
-1.54782
-1.54859
-1.54874
-1.54965
-1.54844
-1.5492
-1.54844
-1.54995
-1.5498
-1.54949
-1.54918
-1.54887
-1.54902
-1.54842
-1.54979
-1.54905
-1.54966
-1.55056
-1.54919
-1.54857
-1.54796
-1.54826
-1.54812
-1.54888
-1.54828
-1.54874
-1.5504
-1.5504
-1.551
-1.55191
-1.55161
-1.55055
-1.5495
-1.5498
-1.54949
-1.54994
-1.54978
-1.54828
-1.54753
-1.54738
-1.54617
-1.54602
-1.54616
-1.54616
-1.54586
-1.54616
-1.54737
-1.54601
-1.54662
-1.54602
-1.54511
-1.54466
-1.54255
-1.54285
-1.54209
-1.54179
-1.54254
-1.54435
-1.54374
-1.54404
-1.54374
-1.54284
-1.54421
-1.54361
-1.54376
-1.54331
-1.5424
-1.54073
-1.54073
-1.54058
-1.53998
-1.53741
-1.53741
-1.53907
-1.53937
-1.54103
-1.54073
-1.54088
-1.54133
-1.53921
-1.53952
-1.53937
-1.54012
-1.54012
-1.54013
-1.54028
-1.54013
-1.54119
-1.54164
-1.54209
-1.54163
-1.54072
-1.54194
-1.54376
-1.54451
-1.54376
-1.54391
-1.543
-1.54285
-1.5427
-1.54361
-1.54481
-1.5442
-1.5442
-1.5445
-1.54451
-1.54496
-1.54511
-1.54541
-1.54647
-1.54708
-1.54753
-1.54709
-1.54664
-1.54694
-1.54754
-1.54739
-1.54813
-1.54707
-1.54767
-1.54692
-1.54693
-1.54739
-1.54845
-1.54709
-1.54633
-1.54648
-1.54692
-1.54617
-1.54647
-1.54617
-1.54602
-1.54587
-1.54511
-1.54526
-1.54541
-1.54511
-1.54421
-1.54467
-1.54498
-1.54407
-1.54527
-1.54436
-1.54496
-1.54511
-1.54541
-1.54451
-1.54422
-1.54422
-1.54514
-1.54362
-1.54407
-1.54361
-1.54436
-1.54331
-1.54256
-1.54286
-1.54331
-1.543
-1.54346
-1.54285
-1.54301
-1.54256
-1.54242
-1.54211
-1.54135
-1.5421
-1.54255
-1.543
-1.5427
-1.543
-1.543
-1.54255
-1.54285
-1.54225
-1.5427
-1.54391
-1.54331
-1.54271
-1.54301
-1.54271
-1.54316
-1.54271
-1.5421
-1.54255
-1.5427
-1.54209
-1.54194
-1.54286
-1.54226
-1.54226
-1.5418
-1.54287
-1.54287
-1.54286
-1.54391
-1.54436
-1.54542
-1.54496
-1.54633
-1.54527
-1.54512
-1.54588
-1.54633
-1.54648
-1.54602
-1.54558
-1.54558
-1.54528
-1.54498
-1.54452
-1.54603
-1.54663
-1.54648
-1.54678
-1.54753
-1.54814
-1.54739
-1.5489
-1.5489
-1.54814
-1.54859
-1.54829
-1.5483
-1.54875
-1.54815
-1.54738
-1.54844
-1.54828
-1.54844
-1.54814
-1.54799
-1.54573
-1.54619
-1.54423
-1.54453
-1.54362
-1.54271
-1.54119
-1.54013
-1.53952
-1.53967
-1.53998
-1.54029
-1.53969
-1.53969
-1.53999
-1.54075
-1.53985
-1.54091
-1.5418
-1.54225
-1.54316
-1.54376
-1.54376
-1.54422
-1.54347
-1.54287
-1.54332
-1.54287
-1.54212
-1.54137
-1.54272
-1.54377
-1.54421
-1.54466
-1.54436
-1.54482
-1.54574
-1.54604
-1.5465
-1.54665
-1.5471
-1.5483
-1.54604
-1.54513
-1.54588
-1.54513
-1.54543
-1.54589
-1.54573
-1.54588
-1.54603
-1.54452
-1.54421
-1.54421
-1.54466
-1.54497
-1.54604
-1.54559
-1.5462
-1.54831
-1.54695
-1.54815
-1.54875
-1.54844
-1.54904
-1.54829
-1.54845
-1.54936
-1.54875
-1.54769
-1.54558
-1.54558
-1.54679
-1.54664
-1.54619
-1.54634
-1.54588
-1.54483
-1.54483
-1.54438
-1.54211
-1.54316
-1.54482
-1.54422
-1.54407
-1.54347
-1.54377
-1.54287
-1.54166
-1.54151
-1.54151
-1.54135
-1.54226
-1.5421
-1.54301
-1.54302
-1.54241
-1.54316
-1.54316
-1.54301
-1.54197
-1.54046
-1.54152
-1.54317
-1.54074
-1.54195
-1.54392
-1.54348
-1.54349
-1.54439
-1.54423
-1.54287
-1.54498
-1.54482
-1.54588
-1.54633
-1.54633
-1.54679
-1.54845
-1.5483
-1.54725
-1.5471
-1.54815
-1.54785
-1.54876
-1.54951
-1.54936
-1.54996
-1.54891
-1.54951
-1.54906
-1.54982
-1.54982
-1.54998
-1.54893
-1.54922
-1.54995
-1.54949
-1.54936
-1.54832
-1.54863
-1.54968
-1.54937
-1.54998
-1.55028
-1.54997
-1.55042
-1.54935
-1.54981
-1.54967
-1.54832
-1.54771
-1.54741
-1.54741
-1.54741
-1.5465
-1.54589
-1.54633
-1.54437
-1.54363
-1.54409
-1.54425
-1.54409
-1.54438
-1.54528
-1.54587
-1.54587
-1.54649
-1.54635
-1.54741
-1.54741
-1.54756
-1.54846
-1.54921
-1.5477
-1.54831
-1.5477
-1.5465
-1.5462
-1.54635
-1.54816
-1.54785
-1.54709
-1.54694
-1.54665
-1.54681
-1.54726
-1.54801
-1.5474
-1.54725
-1.5468
-1.54711
-1.54877
-1.54802
-1.5471
-1.54664
-1.54694
-1.54785
-1.54816
-1.54786
-1.54726
-1.54711
-1.54741
-1.54741
-1.54786
-1.54724
-1.54603
-1.54587
-1.54618
-1.54695
-1.5456
-1.54531
-1.54546
-1.5462
-1.5465
-1.54786
-1.54696
-1.54696
-1.54771
-1.54785
-1.54755
-1.54891
-1.54922
-1.54877
-1.54877
-1.54846
-1.5471
-1.54725
-1.5468
-1.54695
-1.5459
-1.54651
-1.54515
-1.54545
-1.54453
-1.54393
-1.54468
-1.54408
-1.54454
-1.54455
-1.54486
-1.54485
-1.54378
-1.54347
-1.54301
-1.54391
-1.54483
-1.54574
-1.545
-1.54561
-1.54454
-1.54424
-1.54242
-1.54273
-1.54228
-1.54198
-1.54243
-1.54152
-1.5406
-1.54075
-1.54135
-1.54151
-1.5403
-1.54001
-1.53986
-1.54031
-1.53955
-1.53985
-1.53879
-1.53834
-1.53925
-1.5391
-1.53955
-1.54091
-1.54136
-1.54136
-1.54196
-1.54211
-1.54151
-1.54242
-1.54212
-1.54257
-1.54242
-1.54302
-1.54287
-1.54332
-1.54347
-1.54377
-1.54256
-1.54091
-1.54212
-1.54273
-1.54318
-1.54318
-1.54242
-1.54317
-1.54362
-1.54287
-1.54257
-1.54257
-1.54242
-1.54302
-1.54301
-1.54377
-1.54377
-1.54332
-1.54227
-1.54167
-1.54167
-1.54166
-1.54104
-1.54165
-1.54258
-1.54409
-1.54378
-1.54469
-1.54484
-1.54604
-1.5474
-1.54755
-1.54664
-1.54649
-1.54543
-1.54557
-1.54406
-1.54421
-1.54316
-1.54196
-1.54151
-1.54272
-1.54242
-1.54287
-1.54302
-1.54347
-1.54271
-1.543
-1.54361
-1.543
-1.5421
-1.54256
-1.54347
-1.54333
-1.54228
-1.54258
-1.54258
-1.54197
-1.54166
-1.5415
-1.54105
-1.54181
-1.54242
-1.54287
-1.54378
-1.54407
-1.54361
-1.54376
-1.54422
-1.54422
-1.54286
-1.54317
-1.54317
-1.54317
-1.54272
-1.54288
-1.54348
-1.54453
-1.54528
-1.54543
-1.54649
-1.54769
-1.54663
-1.54693
-1.54739
-1.54604
-1.54604
-1.54695
-1.5471
-1.54694
-1.54754
-1.54664
-1.54664
-1.54619
-1.54558
-1.54588
-1.54738
-1.54799
-1.54891
-1.54952
-1.54877
-1.54922
-1.54831
-1.54921
-1.54875
-1.54875
-1.54936
-1.54876
-1.54786
-1.54786
-1.54831
-1.54785
-1.54815
-1.5483
-1.5477
-1.54679
-1.54771
-1.54817
-1.54757
-1.54681
-1.54664
-1.54618
-1.54603
-1.54603
-1.54603
-1.54619
-1.54634
-1.54605
-1.5465
-1.54801
-1.5474
-1.54831
-1.54785
-1.54724
-1.54845
-1.5486
-1.54845
-1.54785
-1.54845
-1.5486
-1.54709
-1.54739
-1.54755
-1.54725
-1.54695
-1.54695
-1.54711
-1.5465
-1.54545
-1.5465
-1.54695
-1.54634
-1.54484
-1.54544
-1.54605
-1.54665
-1.5468
-1.54665
-1.54604
-1.54483
-1.54423
-1.54362
-1.54362
-1.54423
-1.54469
-1.54469
-1.54529
-1.54529
-1.54377
-1.54287
-1.54287
-1.54226
-1.5415
-1.5409
-1.54195
-1.54074
-1.54089
-1.54165
-1.54225
-1.54135
-1.54272
-1.54303
-1.54228
-1.54198
-1.54062
-1.54167
-1.54061
-1.5406
-1.54044
-1.54044
-1.5412
-1.54226
-1.54212
-1.54212
-1.54288
-1.54394
-1.54515
-1.5459
-1.54529
-1.54574
-1.5468
-1.54786
-1.5471
-1.5471
-1.54679
-1.5474
-1.54846
-1.54801
-1.54771
-1.54832
-1.54848
-1.54832
-1.54877
-1.54815
-1.54875
-1.54935
-1.5486
-1.5483
-1.54861
-1.54862
-1.54892
-1.54862
-1.54998
-1.55073
-1.54891
-1.54906
-1.54966
-1.55012
-1.54997
-1.54982
-1.55042
-1.54966
-1.54784
-1.54754
-1.54664
-1.54695
-1.5474
-1.54784
-1.54769
-1.5492
-1.54936
-1.55012
-1.55058
-1.54968
-1.54952
-1.548
-1.54634
-1.54634
-1.54694
-1.54755
-1.54739
-1.54603
-1.54648
-1.54663
-1.54618
-1.54513
-1.54574
-1.54559
-1.54695
-1.54756
-1.54756
-1.5465
-1.5477
-1.54875
-1.54845
-1.5483
-1.5477
-1.54877
-1.54741
-1.54725
-1.54739
-1.54753
-1.54692
-1.54708
-1.54665
-1.54681
-1.54636
-1.54635
-1.54695
-1.54694
-1.54663
-1.54618
-1.54603
-1.54588
-1.54574
-1.54514
-1.54484
-1.54515
-1.54529
-1.54648
-1.54693
-1.54589
-1.5462
-1.5462
-1.54454
-1.54347
-1.54407
-1.5424
-1.54225
-1.5418
-1.54226
-1.54287
-1.54393
-1.54272
-1.54317
-1.54241
-1.54119
-1.54225
-1.54225
-1.54271
-1.54166
-1.54121
-1.54181
-1.54211
-1.54226
-1.54165
-1.54165
-1.54135
-1.5415
-1.54196
-1.54196
-1.54332
-1.54272
-1.54272
-1.54226
-1.54301
-1.54317
-1.54241
-1.54302
-1.54272
-1.54257
-1.54317
-1.54286
-1.54362
-1.54301
-1.54287
-1.54226
-1.54226
-1.54301
-1.54377
-1.54316
-1.54315
-1.54542
-1.54466
-1.54573
-1.5465
-1.54695
-1.54695
-1.54695
-1.54619
-1.54604
-1.5462
-1.54635
-1.54695
-1.54649
-1.54648
-1.54753
-1.54813
-1.54784
-1.54739
-1.54679
-1.54694
-1.54724
-1.548
-1.54861
-1.54815
-1.54891
-1.54921
-1.54815
-1.54906
-1.54936
-1.55012
-1.55087
-1.55087
-1.55057
-1.55057
-1.55042
-1.55102
-1.55117
-1.55102
-1.55011
-1.55011
-1.54966
-1.54907
-1.54907
-1.54862
-1.54816
-1.54876
-1.54785
-1.54815
-1.54769
-1.54769
-1.54769
-1.54724
-1.5474
-1.54891
-1.54786
-1.54756
-1.54787
-1.54832
-1.54726
-1.54665
-1.54649
-1.54664
-1.5468
-1.54756
-1.54711
-1.54711
-1.54605
-1.54679
-1.54694
-1.54725
-1.54831
-1.54877
-1.54802
-1.54817
-1.54574
-1.54528
-1.54439
-1.5435
-1.5432
-1.54334
-1.54408
-1.54347
-1.54377
-1.54422
-1.54498
-1.54574
-1.54514
-1.54514
-1.5456
-1.5459
-1.54651
-1.54621
-1.54666
-1.54756
-1.5474
-1.5471
-1.54755
-1.54695
-1.54589
-1.54529
-1.54378
-1.54408
-1.54514
-1.54499
-1.5453
-1.54485
-1.54501
-1.54591
-1.5459
-1.54499
-1.54483
-1.54528
-1.54588
-1.54558
-1.54589
-1.5462
-1.54621
-1.54636
-1.5462
-1.54634
-1.54679
-1.5471
-1.54575
-1.54651
-1.54741
-1.5459
-1.54635
-1.54484
-1.54409
-1.54348
-1.54378
-1.54378
-1.54272
-1.54166
-1.54075
-1.54151
-1.54152
-1.54092
-1.54183
-1.54304
-1.5441
-1.54454
-1.54377
-1.54421
-1.54437
-1.54408
-1.54334
-1.54425
-1.5447
-1.54636
-1.54635
-1.54589
-1.54619
-1.54528
-1.54559
-1.54545
-1.54379
-1.54333
-1.54136
-1.54151
-1.54212
-1.54181
-1.5406
-1.53984
-1.5406
-1.54151
-1.54136
-1.54227
-1.54212
-1.54258
-1.54333
-1.54228
-1.54228
-1.54197
-1.54167
-1.54137
-1.54227
-1.54197
-1.54241
-1.54226
-1.54166
-1.54242
-1.54393
-1.54469
-1.54272
-1.54377
-1.54331
-1.54256
-1.54212
-1.54364
-1.54409
-1.54394
-1.54364
-1.54364
-1.54228
-1.54318
-1.54287
-1.54331
-1.54391
-1.54482
-1.54573
-1.54665
-1.54816
-1.54953
-1.54877
-1.54952
-1.54831
-1.54876
-1.54816
-1.54771
-1.54726
-1.54635
-1.54575
-1.5453
-1.54485
-1.54363
-1.54242
-1.54347
-1.54211
-1.54226
-1.54226
-1.54318
-1.54334
-1.54425
-1.54531
-1.54636
-1.545
-1.54485
-1.54605
-1.54635
-1.54696
-1.54786
-1.54726
-1.5465
-1.54574
-1.54619
-1.54544
-1.5456
-1.5459
-1.54544
-1.54483
-1.54468
-1.54378
-1.54302
-1.54317
-1.54302
-1.54242
-1.54273
-1.54182
-1.54182
-1.54242
-1.54243
-1.54424
-1.54303
-1.54227
-1.54363
-1.54288
-1.54258
-1.54303
-1.54393
-1.54287
-1.54393
-1.54394
-1.54394
-1.54349
-1.54168
-1.54198
-1.54198
-1.54258
-1.54242
-1.54257
-1.54393
-1.54378
-1.54348
-1.54333
-1.54439
-1.54485
-1.54455
-1.5453
-1.54575
-1.54574
-1.54543
-1.54483
-1.54423
-1.54408
-1.54318
-1.54334
-1.54258
-1.54319
-1.54349
-1.54272
-1.54317
-1.54332
-1.54318
-1.54213
-1.54138
-1.54108
-1.54062
-1.54137
-1.54137
-1.54166
-1.54151
-1.54166
-1.5406
-1.54151
-1.54258
-1.5441
-1.5441
-1.54394
-1.54378
-1.54485
-1.54471
-1.54547
-1.54486
-1.54288
-1.54227
-1.54304
-1.5432
-1.54336
-1.5441
-1.54513
-1.54481
-1.54481
-1.54422
-1.54423
-1.54379
-1.54303
-1.54274
-1.54289
-1.54274
-1.54213
-1.54137
-1.54152
-1.54347
-1.54316
-1.54467
-1.54573
-1.54589
-1.5456
-1.54545
-1.54469
-1.54545
-1.54635
-1.54665
-1.54786
-1.54695
-1.54755
-1.54755
-1.5477
-1.5477
-1.54861
-1.54726
-1.5471
-1.54725
-1.54755
-1.54739
-1.54709
-1.54724
-1.54785
-1.54771
-1.54741
-1.5468
-1.54741
-1.5471
-1.54589
-1.54619
-1.54603
-1.54694
-1.54588
-1.54678
-1.54572
-1.54709
-1.5471
-1.5465
-1.54635
-1.54573
-1.54588
-1.54467
-1.54483
-1.54634
-1.54574
-1.54573
-1.54648
-1.54588
-1.54497
-1.54497
-1.54437
-1.54468
-1.54498
-1.54635
-1.5462
-1.54589
-1.54725
-1.54831
-1.54982
-1.55012
-1.54951
-1.55011
-1.55056
-1.55071
-1.55057
-1.54967
-1.55028
-1.54952
-1.54861
-1.54921
-1.5495
-1.5492
-1.54904
-1.54996
-1.54996
-1.54966
-1.55042
-1.55087
-1.54966
-1.54785
-1.54725
-1.5474
-1.54724
-1.54633
-1.54587
-1.54542
-1.54528
-1.54559
-1.54634
-1.54543
-1.54482
-1.54497
-1.54467
-1.54436
-1.5433
-1.54406
-1.54376
-1.54437
-1.54558
-1.54663
-1.54738
-1.54631
-1.54662
-1.54693
-1.5483
-1.548
-1.5486
-1.54875
-1.54995
-1.55071
-1.55116
-1.55055
-1.55116
-1.55086
-1.55026
-1.54876
-1.54815
-1.54769
-1.54738
-1.54798
-1.54753
-1.54844
-1.54996
-1.54965
-1.5504
-1.5498
-1.5492
-1.5483
-1.54709
-1.54725
-1.54694
-1.54663
-1.54693
-1.54739
-1.54679
-1.54634
-1.54694
-1.54633
-1.54557
-1.54482
-1.54452
-1.54422
-1.54392
-1.54497
-1.54467
-1.54497
-1.5433
-1.543
-1.54466
-1.54497
-1.54451
-1.54497
-1.54496
-1.54496
-1.54497
-1.54452
-1.54528
-1.54468
-1.54559
-1.54573
-1.54497
-1.54496
-1.54525
-1.54556
-1.54632
-1.54542
-1.54497
-1.54362
-1.54286
-1.54317
-1.54316
-1.54331
-1.54406
-1.54452
-1.54391
-1.54467
-1.54497
-1.54648
-1.54769
-1.54889
-1.54843
-1.54737
-1.54769
-1.54785
-1.54816
-1.54816
-1.5483
-1.54724
-1.54724
-1.54708
-1.54708
-1.54556
-1.54542
-1.54693
-1.54739
-1.54663
-1.54708
-1.5486
-1.54906
-1.5483
-1.54755
-1.54754
-1.54754
-1.54934
-1.54889
-1.54798
-1.5489
-1.54935
-1.54754
-1.54829
-1.54859
-1.54769
-1.54754
-1.548
-1.54694
-1.54664
-1.54739
-1.54543
-1.54558
-1.5462
-1.5465
-1.54589
-1.54679
-1.54633
-1.54663
-1.54634
-1.54544
-1.54635
-1.54695
-1.54558
-1.54557
-1.54647
-1.54557
-1.54496
-1.54497
-1.54558
-1.54468
-1.54529
-1.54605
-1.5459
-1.54529
-1.54558
-1.54558
-1.54482
-1.54527
-1.54603
-1.54634
-1.54664
-1.54588
-1.54572
-1.54587
-1.54588
-1.54664
-1.5468
-1.5471
-1.54588
-1.54542
-1.54587
-1.54648
-1.54769
-1.54739
-1.54725
-1.5471
-1.54649
-1.54618
-1.54618
-1.54497
-1.54542
-1.54678
-1.54648
-1.54573
-1.54588
-1.54543
-1.54619
-1.54663
-1.54632
-1.54768
-1.54845
-1.54846
-1.54741
-1.54817
-1.54786
-1.54754
-1.54617
-1.54572
-1.54452
-1.54422
-1.54272
-1.54227
-1.54091
-1.54196
-1.54075
-1.5412
-1.54074
-1.54149
-1.54224
-1.54194
-1.54254
-1.54224
-1.5427
-1.54331
-1.5427
-1.54164
-1.54088
-1.54103
-1.54058
-1.54164
-1.5421
-1.54271
-1.54241
-1.54271
-1.54421
-1.54434
-1.54449
-1.54466
-1.54633
-1.54663
-1.54663
-1.54632
-1.54586
-1.54662
-1.54527
-1.54543
-1.54513
-1.54527
-1.54496
-1.54451
-1.54528
-1.54558
-1.54588
-1.54572
-1.54632
-1.54556
-1.5445
-1.54556
-1.54451
-1.54451
-1.54496
-1.54571
-1.54632
-1.54526
-1.54542
-1.54527
-1.54391
-1.54587
-1.5442
-1.5433
-1.54346
-1.54316
-1.54286
-1.54316
-1.54331
-1.54437
-1.54482
-1.54452
-1.54452
-1.54437
-1.54618
-1.54587
-1.54541
-1.54617
-1.54558
-1.5465
-1.54771
-1.54605
-1.54649
-1.54709
-1.54754
-1.54798
-1.54647
-1.54647
-1.54632
-1.54632
-1.54602
-1.54602
-1.54587
-1.54527
-1.54648
-1.54708
-1.54603
-1.54543
-1.54588
-1.54619
-1.54845
-1.54785
-1.5483
-1.5492
-1.54754
-1.54844
-1.54845
-1.54845
-1.54769
-1.54769
-1.54663
-1.54753
-1.54784
-1.5483
-1.5477
-1.54816
-1.54846
-1.54786
-1.54619
-1.54604
-1.54603
-1.54618
-1.54588
-1.54543
-1.54528
-1.54437
-1.54391
-1.54511
-1.54677
-1.54511
-1.54527
-1.54542
-1.54452
-1.54241
-1.54045
-1.54031
-1.53895
-1.53999
-1.54104
-1.5418
-1.54211
-1.54225
-1.54179
-1.54059
-1.5418
-1.54302
-1.54242
-1.54105
-1.5421
-1.54255
-1.5433
-1.54481
-1.54617
-1.54587
-1.54617
-1.54693
-1.54512
-1.54633
-1.54543
-1.54543
-1.54543
-1.54543
-1.54451
-1.54405
-1.54404
-1.5445
-1.54405
-1.54391
-1.54331
-1.54361
-1.54376
-1.5433
-1.5439
-1.54391
-1.54346
-1.5427
-1.54271
-1.5427
-1.54315
-1.54329
-1.54268
-1.54344
-1.54405
-1.54617
-1.54617
-1.54587
-1.54648
-1.54513
-1.54634
-1.54679
-1.54769
-1.54739
-1.54693
-1.54738
-1.54692
-1.54722
-1.54677
-1.54647
-1.54723
-1.54904
-1.5498
-1.5501
-1.55071
-1.54935
-1.54965
-1.54966
-1.55011
-1.54966
-1.5492
-1.5483
-1.54678
-1.54739
-1.54754
-1.54739
-1.54633
-1.54679
-1.5474
-1.548
-1.54965
-1.54995
-1.5501
-1.5498
-1.55011
-1.55011
-1.55102
-1.55072
-1.54936
-1.54861
-1.54906
-1.54861
-1.54785
-1.54799
-1.54859
-1.54904
-1.54859
-1.54769
-1.54724
-1.54694
-1.54693
-1.54678
-1.54648
-1.54723
-1.54709
-1.54694
-1.54634
-1.54588
-1.54573
-1.54437
-1.54467
-1.54452
-1.54483
-1.54361
-1.543
-1.54284
-1.54329
-1.54315
-1.5427
-1.54346
-1.54361
-1.54391
-1.54361
-1.54316
-1.54286
-1.54347
-1.54362
-1.54256
-1.54255
-1.54224
-1.54253
-1.54344
-1.5436
-1.54375
-1.54361
-1.54407
-1.54482
-1.54482
-1.54452
-1.54483
-1.54603
-1.54754
-1.54602
-1.54587
-1.54662
-1.54572
-1.54436
-1.54406
-1.54436
-1.54391
-1.54407
-1.54363
-1.54302
-1.54226
-1.5427
-1.54194
-1.54315
-1.54405
-1.5436
-1.54406
-1.5436
-1.54285
-1.5424
-1.54225
-1.54301
-1.54256
-1.54346
-1.54361
-1.54346
-1.54361
-1.54316
-1.54254
-1.54283
-1.54207
-1.54313
-1.54314
-1.5427
-1.54149
-1.5418
-1.5421
-1.54361
-1.54406
-1.54391
-1.54376
-1.54406
-1.5433
-1.54345
-1.54284
-1.54329
-1.54329
-1.54496
-1.54497
-1.54633
-1.54709
-1.54678
-1.54693
-1.54617
-1.54647
-1.54663
-1.54739
-1.54724
-1.54769
-1.54889
-1.54919
-1.54873
-1.54874
-1.54919
-1.5504
-1.5492
-1.54724
-1.54739
-1.54663
-1.54633
-1.54603
-1.54693
-1.54601
-1.54736
-1.5466
-1.54842
-1.54888
-1.54828
-1.54844
-1.54678
-1.54482
-1.54483
-1.54453
-1.54482
-1.54391
-1.54375
-1.5445
-1.5448
-1.54661
-1.54631
-1.54571
-1.54541
-1.54526
-1.54556
-1.54541
-1.54631
-1.54616
-1.54601
-1.54571
-1.54587
-1.54557
-1.54587
-1.54497
-1.54496
-1.54556
-1.54571
-1.54465
-1.54419
-1.54373
-1.54373
-1.54298
-1.54268
-1.54178
-1.54239
-1.54405
-1.54451
-1.54496
-1.54466
-1.54632
-1.54602
-1.54616
-1.54676
-1.54691
-1.54872
-1.54843
-1.54798
-1.54798
-1.54692
-1.5463
-1.54585
-1.54555
-1.54586
-1.54617
-1.54617
-1.54542
-1.54436
-1.54359
-1.54419
-1.54238
-1.54238
-1.54132
-1.54283
-1.54208
-1.54178
-1.54239
-1.54179
-1.54179
-1.54255
-1.54285
-1.54389
-1.54358
-1.54374
-1.54344
-1.54374
-1.54374
-1.54374
-1.54389
-1.54375
-1.54314
-1.54405
-1.5442
-1.54359
-1.54375
-1.54314
-1.54374
-1.5442
-1.5451
-1.54494
-1.54449
-1.54374
-1.54465
-1.54556
-1.54586
-1.54707
-1.54707
-1.54736
-1.54675
-1.54705
-1.54721
-1.54691
-1.54722
-1.54737
-1.54692
-1.54722
-1.54676
-1.54631
-1.5451
-1.54571
-1.5457
-1.54479
-1.54372
-1.54478
-1.54449
-1.54511
-1.54496
-1.54466
-1.54466
-1.5451
-1.54495
-1.54344
-1.54329
-1.54435
-1.54359
-1.54359
-1.54344
-1.54298
-1.54314
-1.5433
-1.54466
-1.54451
-1.54572
-1.54586
-1.54541
-1.54541
-1.54662
-1.54571
-1.54601
-1.54616
-1.5448
-1.54495
-1.54374
-1.54358
-1.54298
-1.54343
-1.54283
-1.54299
-1.5436
-1.54481
-1.54451
-1.54542
-1.54542
-1.54527
-1.54572
-1.54616
-1.54646
-1.5457
-1.54479
-1.5457
-1.5457
-1.54571
-1.54676
-1.54661
-1.54646
-1.54587
-1.54693
-1.54738
-1.54617
-1.54511
-1.5451
-1.5457
-1.54526
-1.5442
-1.54481
-1.54374
-1.54434
-1.54434
-1.54419
-1.54359
-1.5436
-1.54405
-1.54481
-1.54556
-1.54632
-1.54586
-1.54586
-1.54586
-1.54631
-1.54692
-1.54571
-1.54752
-1.54783
-1.54813
-1.54888
-1.54888
-1.54964
-1.54933
-1.54858
-1.54919
-1.54904
-1.55025
-1.55055
-1.54935
-1.54965
-1.54964
-1.55055
-1.5501
-1.54934
-1.54949
-1.54964
-1.54933
-1.55084
-1.55055
-1.5498
-1.55055
-1.55085
-1.55191
-1.55146
-1.55085
-1.55116
-1.5504
-1.54994
-1.54949
-1.55009
-1.54933
-1.54918
-1.54858
-1.54827
-1.54782
-1.54722
-1.54767
-1.54737
-1.54873
-1.54737
-1.54828
-1.54858
-1.54827
-1.54706
-1.54827
-1.54676
-1.54631
-1.54541
-1.54511
-1.54497
-1.54512
-1.54526
-1.5448
-1.5448
-1.5451
-1.54404
-1.54253
-1.54269
-1.54224
-1.54284
-1.54435
-1.5436
-1.5442
-1.54329
-1.54526
-1.54616
-1.54616
-1.54495
-1.54541
-1.54632
-1.54572
-1.54679
-1.54679
-1.548
-1.54678
-1.54662
-1.54692
-1.54722
-1.54646
-1.54692
-1.54693
-1.54603
-1.54558
-1.54497
-1.54542
-1.5442
-1.54466
-1.54466
-1.54467
-1.54391
-1.54391
-1.54437
-1.54513
-1.54437
-1.54346
-1.54345
-1.54465
-1.54389
-1.5445
-1.54587
-1.54679
-1.54664
-1.54649
-1.54634
-1.54557
-1.54481
-1.54404
-1.54359
-1.54405
-1.54331
-1.54407
-1.54512
-1.54527
-1.54603
-1.54648
-1.54648
-1.54662
-1.54617
-1.54723
-1.54648
-1.54739
-1.54769
-1.54889
-1.54889
-1.54904
-1.54949
-1.54995
-1.54904
-1.54753
-1.54829
-1.54874
-1.54829
-1.54935
-1.55055
-1.54948
-1.54978
-1.55039
-1.55084
-1.55055
-1.55024
-1.54934
-1.54995
-1.55116
-1.55071
-1.55025
-1.55055
-1.55236
-1.55206
-1.5513
-1.5513
-1.551
-1.55025
-1.55085
-1.55009
-1.54919
-1.54934
-1.54903
-1.54828
-1.54843
-1.54874
-1.54738
-1.54737
-1.54752
-1.54767
-1.54737
-1.54843
-1.54843
-1.54843
-1.54873
-1.54828
-1.54949
-1.54798
-1.54662
-1.54618
-1.54633
-1.54648
-1.54617
-1.54707
-1.54767
-1.54783
-1.54739
-1.54829
-1.54917
-1.54826
-1.54677
-1.54648
-1.54632
-1.54632
-1.54616
-1.54631
-1.54722
-1.54707
-1.54662
-1.54707
-1.54692
-1.54676
-1.54601
-1.54616
-1.54616
-1.54571
-1.54511
-1.54511
-1.5445
-1.5445
-1.54555
-1.54494
-1.54418
-1.54403
-1.54479
-1.54389
-1.54374
-1.5433
-1.54391
-1.5427
-1.54285
-1.5442
-1.54283
-1.54328
-1.54298
-1.54389
-1.54328
-1.54419
-1.54374
-1.54359
-1.54555
-1.5454
-1.5448
-1.54616
-1.54616
-1.5454
-1.54555
-1.5451
-1.54615
-1.54585
-1.54555
-1.5463
-1.54661
-1.54721
-1.54813
-1.54919
-1.54995
-1.54995
-1.54964
-1.54933
-1.55052
-1.55158
-1.55113
-1.551
-1.5507
-1.54994
-1.54904
-1.55039
-1.54964
-1.54768
-1.54919
-1.54949
-1.54919
-1.54888
-1.54993
-1.55008
-1.54933
-1.54828
-1.54949
-1.54934
-1.54979
-1.54994
-1.54964
-1.54978
-1.54902
-1.55009
-1.5504
-1.55041
-1.55011
-1.5498
-1.55055
-1.55099
-1.55158
