-3.40207
-3.40252
-3.40237
-3.40176
-3.40131
-3.40206
-3.40236
-3.40251
-3.40176
-3.40191
-3.40116
-3.40071
-3.40177
-3.40132
-3.40117
-3.40132
-3.40056
-3.40041
-3.39919
-3.4001
-3.4004
-3.40116
-3.40116
-3.40041
-3.40192
-3.40131
-3.40222
-3.40056
-3.40071
-3.40071
-3.40192
-3.40268
-3.40373
-3.40404
-3.40358
-3.40297
-3.40237
-3.40267
-3.40252
-3.40207
-3.40222
-3.40252
-3.40207
-3.40207
-3.40268
-3.40207
-3.40267
-3.40267
-3.40207
-3.40177
-3.40177
-3.40207
-3.40222
-3.40086
-3.40056
-3.3992
-3.39965
-3.39875
-3.3989
-3.39784
-3.39814
-3.39784
-3.39769
-3.39617
-3.39708
-3.39768
-3.39783
-3.39753
-3.3989
-3.3995
-3.3995
-3.39996
-3.40041
-3.3995
-3.39844
-3.39889
-3.3992
-3.4001
-3.39905
-3.3995
-3.40102
-3.40072
-3.40162
-3.40117
-3.40117
-3.39981
-3.39951
-3.40011
-3.3989
-3.3989
-3.39874
-3.39935
-3.39875
-3.39996
-3.40057
-3.40087
-3.40132
-3.40147
-3.40162
-3.40162
-3.40253
-3.40192
-3.40207
-3.40086
-3.40192
-3.40268
-3.40252
-3.40268
-3.40267
-3.40283
-3.40177
-3.40313
-3.40479
-3.40374
-3.40344
-3.40253
-3.40389
-3.40404
-3.40359
-3.40328
-3.40268
-3.40313
-3.40313
-3.40389
-3.40419
-3.4051
-3.40631
-3.40721
-3.40615
-3.40509
-3.40479
-3.40524
-3.40464
-3.40525
-3.40419
-3.40374
-3.40238
-3.40148
-3.40193
-3.40268
-3.40177
-3.40207
-3.40177
-3.40162
-3.40162
-3.40026
-3.40041
-3.40011
-3.39966
-3.39905
-3.39981
-3.40011
-3.40026
-3.40026
-3.40056
-3.3995
-3.40011
-3.40041
-3.39981
-3.40087
-3.40087
-3.40011
-3.40087
-3.40087
-3.40102
-3.40147
-3.40086
-3.40056
-3.40041
-3.40102
-3.40087
-3.40027
-3.39981
-3.39921
-3.39921
-3.39951
-3.40011
-3.40056
-3.40177
-3.40162
-3.40132
-3.40193
-3.40253
-3.40238
-3.40238
-3.40283
-3.40389
-3.40358
-3.40328
-3.40314
-3.40283
-3.40253
-3.40193
-3.40147
-3.40132
-3.40162
-3.40162
-3.40102
-3.40026
-3.40117
-3.40041
-3.40177
-3.40042
-3.39997
-3.39846
-3.39785
-3.398
-3.39876
-3.39831
-3.398
-3.3986
-3.3986
-3.40056
-3.3995
-3.39935
-3.40041
-3.40207
-3.40162
-3.40132
-3.40011
-3.40026
-3.40026
-3.39981
-3.39982
-3.39936
-3.39876
-3.39936
-3.39845
-3.39844
-3.39844
-3.39859
-3.39814
-3.39829
-3.39784
-3.3989
-3.39845
-3.3989
-3.3983
-3.39754
-3.39739
-3.39814
-3.39859
-3.39935
-3.3992
-3.39921
-3.39966
-3.39891
-3.398
-3.3989
-3.39935
-3.39875
-3.39814
-3.39875
-3.3992
-3.39905
-3.39859
-3.39905
-3.3992
-3.3983
-3.39769
-3.39799
-3.3983
-3.3989
-3.3992
-3.3992
-3.39936
-3.39906
-3.39996
-3.40027
-3.40011
-3.39935
-3.39829
-3.39905
-3.4004
-3.39995
-3.40041
-3.39996
-3.40026
-3.40027
-3.40027
-3.39951
-3.39996
-3.3995
-3.39965
-3.39874
-3.3995
-3.39965
-3.3992
-3.40026
-3.40071
-3.40147
-3.40132
-3.40147
-3.40087
-3.40193
-3.40223
-3.40178
-3.40148
-3.40208
-3.40162
-3.40162
-3.40177
-3.40116
-3.40086
-3.39996
-3.40041
-3.40042
-3.40041
-3.40026
-3.40041
-3.39966
-3.3995
-3.3986
-3.39845
-3.39875
-3.39921
-3.39936
-3.39906
-3.39921
-3.39966
-3.39936
-3.40057
-3.39966
-3.39936
-3.3986
-3.39845
-3.3995
-3.39965
-3.40026
-3.39996
-3.3995
-3.40041
-3.40056
-3.40086
-3.40056
-3.40041
-3.3998
-3.40026
-3.39966
-3.39981
-3.40011
-3.40072
-3.40117
-3.40208
-3.40223
-3.40178
-3.40087
-3.40026
-3.40132
-3.40177
-3.40101
-3.40041
-3.3992
-3.40055
-3.39995
-3.3995
-3.3998
-3.40026
-3.39996
-3.40011
-3.39951
-3.40011
-3.40102
-3.40132
-3.40207
-3.40162
-3.40176
-3.40176
-3.40191
-3.40086
-3.40131
-3.40237
-3.40207
-3.40147
-3.40116
-3.40116
-3.40146
-3.40056
-3.40146
-3.40162
-3.40101
-3.40116
-3.40176
-3.40101
-3.40131
-3.40086
-3.40041
-3.40011
-3.40011
-3.40026
-3.40117
-3.40147
-3.40041
-3.39965
-3.3998
-3.3998
-3.3998
-3.3992
-3.39935
-3.39919
-3.39935
-3.4004
-3.3992
-3.40026
-3.39965
-3.39965
-3.39935
-3.3992
-3.39905
-3.40011
-3.39981
-3.40011
-3.40011
-3.3995
-3.3995
-3.3998
-3.39965
-3.4004
-3.40055
-3.40071
-3.40176
-3.40206
-3.40207
-3.40222
-3.40268
-3.40419
-3.40449
-3.40419
-3.40479
-3.40419
-3.40479
-3.40464
-3.40403
-3.40358
-3.40479
-3.40433
-3.40403
-3.40373
-3.40267
-3.40222
-3.40282
-3.40418
-3.40403
-3.40328
-3.40358
-3.40434
-3.40419
-3.40464
-3.40434
-3.40373
-3.40343
-3.40222
-3.40297
-3.40328
-3.40418
-3.40464
-3.40388
-3.40419
-3.40464
-3.40404
-3.40403
-3.40268
-3.40222
-3.40192
-3.40313
-3.40328
-3.40343
-3.40343
-3.40373
-3.40358
-3.40343
-3.40404
-3.40344
-3.40344
-3.40344
-3.40238
-3.40329
-3.40193
-3.40087
-3.40117
-3.40162
-3.40192
-3.40283
-3.40283
-3.40192
-3.40178
-3.40253
-3.40193
-3.40163
-3.40102
-3.40147
-3.40117
-3.40087
-3.40087
-3.40193
-3.40193
-3.40283
-3.40283
-3.40404
-3.40253
-3.40253
-3.40283
-3.40087
-3.40102
-3.40072
-3.40147
-3.40162
-3.40223
-3.40208
-3.40314
-3.40284
-3.40208
-3.40148
-3.40057
-3.39966
-3.40057
-3.40057
-3.40087
-3.40087
-3.40087
-3.40117
-3.40253
-3.40163
-3.40223
-3.40223
-3.40238
-3.40329
-3.40268
-3.40238
-3.40284
-3.40238
-3.40298
-3.40283
-3.40359
-3.40299
-3.40329
-3.40314
-3.40299
-3.4036
-3.40405
-3.40344
-3.40268
-3.40193
-3.40162
-3.40178
-3.40132
-3.40102
-3.40148
-3.40208
-3.40208
-3.40223
-3.40223
-3.40299
-3.40284
-3.40344
-3.40328
-3.40298
-3.40207
-3.40282
-3.40298
-3.40268
-3.40284
-3.40405
-3.4039
-3.40374
-3.40419
-3.40344
-3.40313
-3.40374
-3.40434
-3.40419
-3.40344
-3.40283
-3.40298
-3.40374
-3.40208
-3.40132
-3.40192
-3.40222
-3.40238
-3.40238
-3.40268
-3.40177
-3.40177
-3.40223
-3.40147
-3.40133
-3.40027
-3.39997
-3.39982
-3.3986
-3.39905
-3.39935
-3.39996
-3.40011
-3.39996
-3.39935
-3.39935
-3.39981
-3.40056
-3.40056
-3.39996
-3.39981
-3.40026
-3.40132
-3.40147
-3.40101
-3.40101
-3.40071
-3.40147
-3.40147
-3.40102
-3.40056
-3.40072
-3.40117
-3.40011
-3.40026
-3.40056
-3.40268
-3.40283
-3.40313
-3.40283
-3.40343
-3.40313
-3.40283
-3.40222
-3.40237
-3.40267
-3.40267
-3.40237
-3.40298
-3.40313
-3.40192
-3.40132
-3.40102
-3.40072
-3.40041
-3.40041
-3.3995
-3.39905
-3.39875
-3.39965
-3.40056
-3.40026
-3.39981
-3.40012
-3.39936
-3.40027
-3.40102
-3.40147
-3.40072
-3.39981
-3.39936
-3.39936
-3.39996
-3.40026
-3.40026
-3.40041
-3.3998
-3.39935
-3.40041
-3.40041
-3.40026
-3.40041
-3.40086
-3.40147
-3.40056
-3.40056
-3.40041
-3.40117
-3.40087
-3.40011
-3.40086
-3.40117
-3.40132
-3.40222
-3.40192
-3.40102
-3.40102
-3.40117
-3.40042
-3.40148
-3.40072
-3.40057
-3.40117
-3.40011
-3.40011
-3.40101
-3.40026
-3.40086
-3.40072
-3.40208
-3.40269
-3.40299
-3.40314
-3.40224
-3.40178
-3.40042
-3.40056
-3.40011
-3.40041
-3.39966
-3.40012
-3.39996
-3.40087
-3.40042
-3.40102
-3.40072
-3.40087
-3.40118
-3.40057
-3.40208
-3.40299
-3.40389
-3.40389
-3.40344
-3.40299
-3.40193
-3.40269
-3.40253
-3.40178
-3.40193
-3.40177
-3.40132
-3.40072
-3.40057
-3.40102
-3.40087
-3.40163
-3.40163
-3.40012
-3.40117
-3.40057
-3.40117
-3.39966
-3.39921
-3.39982
-3.40057
-3.40027
-3.39997
-3.39951
-3.39951
-3.3986
-3.39845
-3.39845
-3.3989
-3.39905
-3.3989
-3.40011
-3.40041
-3.40117
-3.40178
-3.40117
-3.40223
-3.40102
-3.40147
-3.40132
-3.40223
-3.40162
-3.40193
-3.40238
-3.40208
-3.40102
-3.40208
-3.40117
-3.40132
-3.40011
-3.40086
-3.40041
-3.40117
-3.40041
-3.39921
-3.40042
-3.40117
-3.40072
-3.40042
-3.39875
-3.3989
-3.3986
-3.39875
-3.3989
-3.3995
-3.3998
-3.39966
-3.39981
-3.39906
-3.3983
-3.39891
-3.39785
-3.398
-3.3989
-3.39935
-3.39845
-3.39815
-3.39875
-3.39906
-3.39905
-3.39875
-3.39905
-3.3992
-3.39935
-3.3986
-3.3989
-3.398
-3.39875
-3.39891
-3.39876
-3.39906
-3.39876
-3.3986
-3.39966
-3.39815
-3.39905
-3.40011
-3.40041
-3.39981
-3.3992
-3.39875
-3.39891
-3.39951
-3.40042
-3.40027
-3.40012
-3.39982
-3.39997
-3.39936
-3.39951
-3.39997
-3.39966
-3.39997
-3.40027
-3.40148
-3.40163
-3.40072
-3.39996
-3.39951
-3.40041
-3.39966
-3.39936
-3.39951
-3.39997
-3.40012
-3.40102
-3.39906
-3.39861
-3.39951
-3.39997
-3.39922
-3.39907
-3.39801
-3.39861
-3.39907
-3.39982
-3.40027
-3.39936
-3.40102
-3.40178
-3.40072
-3.39967
-3.39846
-3.39921
-3.39967
-3.39936
-3.39906
-3.39831
-3.39816
-3.39725
-3.39665
-3.39513
-3.39559
-3.39695
-3.39664
-3.39634
-3.39634
-3.3974
-3.39649
-3.39513
-3.39544
-3.39574
-3.39634
-3.3965
-3.39635
-3.3968
-3.39544
-3.39499
-3.3962
-3.3968
-3.39679
-3.39739
-3.39724
-3.39785
-3.3977
-3.39906
-3.39906
-3.39997
-3.40088
-3.40103
-3.40133
-3.40103
-3.40073
-3.39982
-3.39861
-3.39771
-3.3968
-3.3962
-3.39726
-3.39695
-3.3971
-3.3974
-3.39695
-3.39725
-3.3977
-3.39755
-3.3974
-3.3977
-3.3983
-3.39861
-3.39952
-3.39921
-3.39861
-3.39846
-3.39861
-3.39816
-3.39815
-3.39906
-3.39921
-3.39997
-3.39997
-3.40073
-3.40042
-3.39967
-3.39952
-3.39997
-3.39997
-3.39952
-3.40012
-3.40042
-3.40117
-3.40268
-3.40283
-3.40344
-3.40374
-3.40329
-3.40345
-3.40345
-3.40375
-3.4039
-3.40496
-3.40511
-3.40617
-3.40722
-3.40677
-3.40586
-3.40526
-3.40616
-3.4051
-3.40525
-3.40525
-3.4048
-3.4048
-3.40465
-3.4045
-3.4033
-3.40239
-3.40209
-3.40148
-3.40163
-3.40057
-3.40027
-3.40012
-3.40012
-3.39951
-3.39906
-3.39951
-3.40027
-3.39997
-3.39951
-3.40027
-3.40043
-3.40028
-3.40148
-3.40058
-3.39937
-3.39952
-3.39922
-3.39952
-3.39892
-3.39816
-3.39801
-3.39831
-3.39876
-3.39922
-3.40012
-3.40073
-3.40163
-3.40118
-3.39997
-3.40057
-3.39982
-3.40012
-3.40088
-3.40163
-3.40178
-3.40193
-3.40163
-3.40103
-3.40103
-3.40042
-3.39937
-3.39922
-3.39982
-3.39967
-3.39876
-3.40042
-3.40027
-3.40012
-3.40072
-3.40087
-3.40148
-3.40148
-3.40163
-3.40148
-3.40209
-3.40269
-3.4033
-3.40315
-3.40451
-3.40466
-3.40481
-3.40511
-3.40299
-3.40284
-3.40284
-3.40239
-3.40254
-3.40269
-3.4027
-3.40315
-3.40239
-3.40164
-3.40148
-3.40133
-3.40133
-3.40193
-3.40178
-3.40224
-3.40179
-3.40209
-3.40225
-3.4024
-3.40149
-3.39998
-3.40073
-3.40073
-3.40028
-3.39937
-3.40028
-3.40043
-3.40028
-3.40043
-3.40103
-3.40012
-3.39967
-3.39907
-3.39998
-3.40043
-3.39998
-3.40043
-3.40028
-3.39952
-3.39922
-3.39952
-3.39786
-3.39741
-3.39726
-3.39786
-3.3971
-3.39695
-3.3971
-3.3971
-3.39756
-3.3965
-3.39725
-3.39861
-3.39922
-3.39861
-3.39861
-3.39862
-3.39877
-3.39907
-3.39861
-3.39952
-3.39922
-3.39846
-3.39816
-3.39831
-3.40013
-3.40088
-3.40118
-3.40239
-3.40269
-3.40209
-3.40209
-3.40134
-3.40194
-3.40179
-3.40149
-3.40209
-3.40239
-3.40344
-3.40299
-3.40375
-3.4036
-3.40421
-3.40421
-3.40391
-3.40345
-3.40209
-3.40285
-3.40345
-3.403
-3.4033
-3.4036
-3.40375
-3.40284
-3.40269
-3.40239
-3.40299
-3.40239
-3.40239
-3.40209
-3.40149
-3.40149
-3.40119
-3.40224
-3.40239
-3.40239
-3.40254
-3.4033
-3.40285
-3.403
-3.40239
-3.40133
-3.40088
-3.40179
-3.40164
-3.40043
-3.40028
-3.39937
-3.39907
-3.39938
-3.39998
-3.39998
-3.39937
-3.39876
-3.39906
-3.39876
-3.39907
-3.39892
-3.39816
-3.39937
-3.39892
-3.39893
-3.39923
-3.39772
-3.39802
-3.39695
-3.3968
-3.39771
-3.3962
-3.3965
-3.3965
-3.39711
-3.3968
-3.39635
-3.3965
-3.39605
-3.39605
-3.39574
-3.39438
-3.39499
-3.39559
-3.39574
-3.3962
-3.39605
-3.3968
-3.39695
-3.39695
-3.39649
-3.39664
-3.39634
-3.39604
-3.39846
-3.39801
-3.39786
-3.39952
-3.39937
-3.39846
-3.39725
-3.398
-3.39815
-3.39815
-3.39725
-3.398
-3.39816
-3.39952
-3.39922
-3.39922
-3.39982
-3.39967
-3.39997
-3.39982
-3.40012
-3.39906
-3.39861
-3.39891
-3.39876
-3.39846
-3.39846
-3.39891
-3.39982
-3.39891
-3.39906
-3.398
-3.39664
-3.39649
-3.39649
-3.39679
-3.39724
-3.39694
-3.3974
-3.3977
-3.39845
-3.3986
-3.39755
-3.398
-3.39786
-3.39876
-3.39846
-3.39831
-3.3977
-3.39876
-3.39997
-3.39906
-3.39982
-3.39997
-3.39936
-3.39906
-3.39755
-3.39784
-3.39845
-3.39906
-3.39906
-3.39921
-3.39982
-3.39937
-3.39937
-3.39892
-3.39725
-3.39816
-3.3974
-3.39725
-3.3974
-3.39815
-3.39785
-3.39815
-3.3977
-3.39845
-3.39936
-3.40012
-3.39997
-3.39967
-3.40103
-3.40163
-3.40118
-3.40088
-3.40239
-3.40314
-3.40284
-3.40299
-3.40284
-3.40359
-3.40314
-3.4039
-3.40435
-3.40495
-3.40405
-3.40465
-3.40344
-3.4042
-3.4042
-3.40314
-3.40299
-3.40299
-3.40375
-3.40359
-3.40359
-3.4045
-3.40404
-3.40404
-3.40404
-3.40344
-3.4042
-3.40344
-3.4045
-3.40435
-3.40405
-3.40375
-3.40329
-3.40208
-3.40148
-3.40208
-3.40208
-3.40223
-3.40284
-3.40314
-3.40404
-3.40419
-3.40465
-3.4051
-3.40495
-3.4042
-3.4042
-3.40389
-3.40283
-3.40238
-3.40254
-3.40314
-3.40284
-3.40254
-3.40224
-3.40269
-3.40193
-3.40314
-3.40193
-3.40163
-3.40208
-3.40238
-3.40314
-3.40238
-3.40193
-3.40284
-3.40329
-3.40314
-3.40329
-3.40254
-3.40284
-3.40359
-3.40284
-3.40193
-3.40284
-3.40314
-3.40314
-3.40269
-3.40329
-3.40284
-3.40389
-3.40283
-3.40193
-3.40208
-3.40208
-3.40162
-3.40177
-3.40208
-3.40208
-3.40239
-3.40224
-3.40148
-3.40239
-3.40208
-3.40223
-3.40132
-3.40192
-3.40132
-3.40117
-3.40041
-3.40057
-3.40042
-3.40012
-3.40208
-3.40133
-3.40193
-3.40299
-3.40314
-3.40404
-3.40268
-3.40178
-3.40208
-3.40178
-3.40042
-3.40073
-3.40103
-3.40072
-3.40042
-3.40057
-3.39966
-3.39966
-3.39966
-3.40057
-3.39951
-3.39891
-3.39936
-3.39845
-3.39755
-3.39861
-3.39861
-3.39906
-3.39921
-3.39981
-3.39906
-3.3989
-3.3986
-3.39815
-3.39951
-3.39951
-3.39981
-3.39876
-3.40012
-3.39981
-3.39996
-3.39981
-3.39981
-3.39966
-3.40012
-3.39936
-3.39966
-3.39875
-3.3983
-3.39709
-3.3974
-3.39785
-3.39876
-3.39875
-3.39966
-3.40072
-3.40102
-3.40162
-3.40162
-3.40193
-3.40223
-3.40238
-3.40223
-3.40223
-3.40283
-3.40253
-3.40208
-3.40253
-3.40283
-3.40298
-3.40344
-3.40419
-3.40344
-3.40374
-3.40389
-3.4042
-3.4045
-3.4045
-3.40465
-3.40465
-3.40359
-3.40344
-3.40283
-3.40344
-3.40269
-3.40253
-3.40268
-3.40253
-3.40163
-3.40042
-3.39966
-3.39921
-3.39876
-3.39815
-3.39876
-3.39785
-3.39831
-3.39906
-3.39815
-3.3986
-3.39785
-3.39785
-3.39846
-3.39861
-3.39922
-3.39892
-3.39861
-3.39891
-3.39952
-3.39936
-3.39936
-3.39936
-3.39906
-3.39891
-3.3989
-3.39936
-3.39906
-3.39921
-3.39967
-3.39982
-3.39952
-3.39876
-3.39831
-3.39921
-3.39861
-3.39936
-3.39875
-3.39951
-3.39966
-3.40087
-3.40072
-3.40088
-3.40133
-3.40057
-3.40057
-3.39921
-3.39937
-3.39982
-3.39967
-3.40042
-3.40027
-3.40072
-3.40102
-3.40148
-3.40223
-3.40283
-3.40344
-3.40314
-3.40389
-3.4048
-3.40495
-3.40511
-3.40496
-3.40465
-3.40465
-3.4045
-3.4045
-3.40495
-3.40571
-3.40495
-3.40374
-3.40344
-3.40389
-3.40374
-3.40435
-3.40465
-3.40465
-3.40465
-3.4051
-3.40465
-3.40631
-3.40586
-3.40556
-3.40541
-3.40571
-3.4045
-3.40329
-3.40284
-3.40268
-3.40223
-3.40283
-3.40193
-3.40178
-3.39966
-3.39861
-3.39936
-3.39861
-3.39906
-3.39845
-3.39815
-3.39891
-3.39966
-3.40102
-3.40102
-3.40148
-3.40208
-3.40238
-3.40238
-3.40329
-3.40299
-3.40268
-3.40314
-3.40208
-3.40223
-3.40163
-3.40314
-3.40299
-3.40314
-3.40299
-3.40269
-3.40344
-3.40344
-3.40344
-3.4039
-3.40435
-3.40435
-3.4048
-3.40435
-3.40541
-3.40541
-3.40571
-3.40555
-3.40585
-3.40509
-3.40585
-3.40464
-3.40434
-3.40268
-3.40284
-3.40269
-3.40133
-3.40223
-3.40133
-3.40042
-3.39936
-3.39921
-3.39906
-3.39846
-3.39861
-3.39876
-3.39815
-3.39845
-3.3986
-3.39769
-3.39784
-3.39724
-3.3983
-3.39785
-3.3983
-3.39861
-3.3983
-3.398
-3.39785
-3.39876
-3.39966
-3.39997
-3.40057
-3.39996
-3.39966
-3.40087
-3.40117
-3.40042
-3.40027
-3.39921
-3.39936
-3.39906
-3.39906
-3.39815
-3.39785
-3.39861
-3.39815
-3.39846
-3.39846
-3.39861
-3.39966
-3.39876
-3.398
-3.39709
-3.39664
-3.39739
-3.3983
-3.3983
-3.3989
-3.40011
-3.40026
-3.40072
-3.40132
-3.40102
-3.40027
-3.40027
-3.40027
-3.39981
-3.40041
-3.39966
-3.39966
-3.3995
-3.39905
-3.39996
-3.39981
-3.39981
-3.40026
-3.39981
-3.39966
-3.39981
-3.39921
-3.40057
-3.40162
-3.40102
-3.40102
-3.40102
-3.40162
-3.40101
-3.40071
-3.40011
-3.39981
-3.39935
-3.3995
-3.39905
-3.39769
-3.39814
-3.39708
-3.39754
-3.39754
-3.39785
-3.3983
-3.3986
-3.39815
-3.39769
-3.398
-3.39875
-3.39875
-3.3989
-3.3983
-3.3989
-3.3992
-3.39935
-3.40041
-3.40056
-3.40117
-3.39966
-3.39951
-3.3992
-3.39875
-3.3986
-3.39829
-3.39784
-3.39693
-3.39784
-3.39799
-3.39769
-3.39829
-3.39799
-3.39799
-3.39814
-3.39769
-3.39814
-3.39784
-3.39784
-3.39875
-3.39845
-3.39905
-3.39996
-3.40072
-3.40132
-3.40117
-3.40208
-3.40283
-3.40193
-3.40208
-3.40192
-3.40238
-3.40222
-3.40101
-3.40177
-3.40207
-3.40192
-3.40253
-3.40313
-3.40208
-3.40087
-3.40042
-3.40057
-3.40042
-3.40117
-3.40222
-3.40177
-3.40132
-3.40192
-3.40147
-3.40147
-3.40071
-3.40102
-3.40132
-3.40177
-3.40132
-3.40102
-3.40132
-3.40162
-3.40178
-3.40238
-3.40177
-3.40223
-3.40298
-3.40207
-3.40192
-3.40087
-3.40117
-3.40132
-3.40117
-3.40162
-3.40147
-3.40253
-3.40208
-3.40314
-3.40268
-3.40192
-3.40147
-3.40147
-3.40102
-3.40117
-3.39996
-3.3989
-3.39875
-3.39754
-3.39875
-3.3983
-3.3983
-3.39905
-3.39936
-3.3992
-3.39905
-3.3983
-3.39709
-3.39678
-3.39648
-3.39693
-3.39663
-3.39754
-3.39739
-3.39663
-3.39663
-3.39663
-3.39633
-3.39573
-3.39512
-3.39527
-3.39724
-3.39844
-3.39829
-3.39905
-3.3989
-3.3995
-3.3998
-3.3995
-3.4001
-3.40026
-3.40041
-3.40026
-3.3992
-3.39966
-3.3995
-3.39905
-3.39935
-3.39996
-3.40056
-3.40086
-3.40086
-3.40131
-3.4001
-3.39965
-3.39904
-3.39889
-3.39814
-3.39799
-3.39814
-3.39709
-3.39724
-3.39724
-3.39633
-3.39709
-3.39708
-3.39663
-3.39693
-3.39874
-3.39965
-3.39965
-3.39995
-3.3995
-3.40056
-3.40071
-3.40011
-3.40026
-3.40026
-3.40072
-3.40102
-3.40207
-3.40222
-3.40131
-3.40192
-3.40101
-3.40117
-3.40041
-3.40056
-3.39996
-3.40011
-3.40071
-3.40026
-3.4001
-3.39844
-3.39905
-3.39935
-3.39754
-3.39709
-3.39739
-3.39724
-3.39724
-3.39693
-3.39572
-3.39588
-3.39542
-3.39542
-3.39558
-3.39512
-3.39588
-3.39634
-3.39634
-3.39679
-3.39588
-3.39663
-3.39648
-3.39466
-3.39436
-3.39466
-3.39421
-3.39315
-3.3921
-3.393
-3.39406
-3.39375
-3.39466
-3.39436
-3.39482
-3.39588
-3.39648
-3.39739
-3.39754
-3.39708
-3.39633
-3.39678
-3.39874
-3.39814
-3.39783
-3.39753
-3.39723
-3.39783
-3.39904
-3.3995
-3.3998
-3.40101
-3.40086
-3.40162
-3.40237
-3.40282
-3.40252
-3.40282
-3.40297
-3.40357
-3.40388
-3.40237
-3.40086
-3.40176
-3.40192
-3.40177
-3.40252
-3.40267
-3.40252
-3.40207
-3.40222
-3.40147
-3.40237
-3.40313
-3.40358
-3.40388
-3.40268
-3.40313
-3.40298
-3.40434
-3.40434
-3.40448
-3.40388
-3.40463
-3.40388
-3.40343
-3.40418
-3.40419
-3.40343
-3.40328
-3.40328
-3.40237
-3.40298
-3.40252
-3.40328
-3.40328
-3.40222
-3.40343
-3.40373
-3.40358
-3.40373
-3.40388
-3.40403
-3.40388
-3.40388
-3.40448
-3.40479
-3.40494
-3.40524
-3.40479
-3.40433
-3.40358
-3.40373
-3.40313
-3.40237
-3.40298
-3.40328
-3.40389
-3.4054
-3.40495
-3.40555
-3.40555
-3.40585
-3.40464
-3.40283
-3.40253
-3.40237
-3.40313
-3.40388
-3.40298
-3.40283
-3.40237
-3.40237
-3.40237
-3.40253
-3.40328
-3.40328
-3.40313
-3.40343
-3.40389
-3.4045
-3.40525
-3.4051
-3.4051
-3.40539
-3.40554
-3.40539
-3.40539
-3.40675
-3.4063
-3.40555
-3.406
-3.40585
-3.4054
-3.40494
-3.40434
-3.40449
-3.40298
-3.40147
-3.40071
-3.40011
-3.40192
-3.40072
-3.40132
-3.40178
-3.40147
-3.40177
-3.40086
-3.40071
-3.40086
-3.40147
-3.40162
-3.40283
-3.40192
-3.40117
-3.40057
-3.39981
-3.39996
-3.40026
-3.3992
-3.39996
-3.39966
-3.39951
-3.3992
-3.3995
-3.40026
-3.40071
-3.39919
-3.39874
-3.39754
-3.39769
-3.39769
-3.39799
-3.39845
-3.39875
-3.39981
-3.3989
-3.39981
-3.39996
-3.40026
-3.40086
-3.40177
-3.40146
-3.40101
-3.40101
-3.40161
-3.40116
-3.40086
-3.40086
-3.39965
-3.40086
-3.40071
-3.40071
-3.40041
-3.40117
-3.40086
-3.40116
-3.40162
-3.40222
-3.40146
-3.40161
-3.40116
-3.40101
-3.40192
-3.40132
-3.40132
-3.40102
-3.40117
-3.40072
-3.40117
-3.40162
-3.40132
-3.40116
-3.40071
-3.40086
-3.40161
-3.40177
-3.40267
-3.40268
-3.40298
-3.40373
-3.40373
-3.40328
-3.40267
-3.40312
-3.40388
-3.40418
-3.40388
-3.40298
-3.40268
-3.40268
-3.40389
-3.40419
-3.40343
-3.40313
-3.40313
-3.40267
-3.40237
-3.40192
-3.40192
-3.40192
-3.40132
-3.40117
-3.40102
-3.40132
-3.40177
-3.40117
-3.40087
-3.40177
-3.40222
-3.40283
-3.40449
-3.4048
-3.40495
-3.40495
-3.40556
-3.40465
-3.4045
-3.40434
-3.40374
-3.40344
-3.40389
-3.40495
-3.40555
-3.40495
-3.40404
-3.40389
-3.40329
-3.40193
-3.40223
-3.40299
-3.40208
-3.40102
-3.40041
-3.40086
-3.40117
-3.40147
-3.40072
-3.40012
-3.40042
-3.40178
-3.40163
-3.40284
-3.40314
-3.40239
-3.40209
-3.40254
-3.40209
-3.40284
-3.40178
-3.40314
-3.40268
-3.40404
-3.40389
-3.40344
-3.40359
-3.4039
-3.4042
-3.4039
-3.40299
-3.40314
-3.40359
-3.40299
-3.40284
-3.40238
-3.40238
-3.40193
-3.40178
-3.40132
-3.40163
-3.40117
-3.40087
-3.40042
-3.39981
-3.39936
-3.39936
-3.39922
-3.39967
-3.40058
-3.39937
-3.40027
-3.40012
-3.39921
-3.39951
-3.39921
-3.39997
-3.40042
-3.40042
-3.40027
-3.39997
-3.39937
-3.39922
-3.39831
-3.39891
-3.39816
-3.39846
-3.39967
-3.40072
-3.40087
-3.40042
-3.40117
-3.40163
-3.40223
-3.40238
-3.40253
-3.40208
-3.40208
-3.40163
-3.40223
-3.40193
-3.40283
-3.40223
-3.40208
-3.40283
-3.40253
-3.40329
-3.40193
-3.40223
-3.40208
-3.40073
-3.40073
-3.40163
-3.40133
-3.40148
-3.40118
-3.40103
-3.40103
-3.40253
-3.40162
-3.40132
-3.40117
-3.40057
-3.40012
-3.40072
-3.40057
-3.39967
-3.40042
-3.40042
-3.40073
-3.40103
-3.40133
-3.40072
-3.40087
-3.40102
-3.39921
-3.39906
-3.39921
-3.39936
-3.39936
-3.39906
-3.39936
-3.39755
-3.398
-3.39694
-3.39755
-3.3977
-3.39816
-3.39816
-3.39997
-3.39967
-3.39815
-3.3989
-3.39966
-3.39951
-3.40027
-3.40027
-3.40148
-3.39997
-3.40042
-3.40012
-3.40042
-3.40042
-3.40118
-3.40088
-3.40087
-3.40102
-3.40102
-3.40102
-3.40012
-3.40027
-3.39982
-3.39922
-3.39786
-3.39831
-3.39816
-3.39861
-3.39831
-3.39801
-3.39846
-3.3983
-3.39891
-3.39966
-3.39861
-3.39876
-3.39816
-3.39846
-3.39907
-3.39891
-3.39982
-3.40073
-3.40133
-3.40027
-3.40133
-3.40239
-3.40314
-3.40314
-3.40269
-3.40269
-3.40239
-3.40269
-3.40314
-3.40314
-3.40299
-3.40314
-3.40359
-3.40284
-3.40269
-3.40269
-3.40209
-3.40224
-3.40269
-3.40148
-3.40193
-3.40178
-3.40148
-3.40208
-3.40148
-3.40208
-3.40072
-3.40057
-3.40148
-3.40178
-3.40073
-3.39952
-3.39967
-3.39937
-3.39937
-3.39952
-3.40027
-3.40163
-3.40254
-3.40284
-3.40224
-3.40208
-3.40163
-3.40057
-3.40072
-3.40178
-3.40239
-3.40269
-3.40194
-3.40224
-3.4033
-3.40284
-3.4033
-3.40254
-3.40163
-3.40072
-3.40027
-3.40087
-3.39982
-3.39951
-3.39967
-3.39952
-3.40058
-3.40103
-3.40148
-3.40118
-3.40088
-3.40118
-3.40043
-3.39967
-3.39998
-3.39998
-3.39998
-3.39862
-3.39937
-3.39982
-3.39982
-3.39997
-3.40012
-3.40102
-3.40133
-3.40193
-3.40193
-3.40284
-3.40194
-3.4036
-3.4039
-3.40526
-3.40436
-3.40405
-3.40511
-3.40587
-3.40677
-3.40602
-3.40587
-3.40557
-3.40647
-3.40647
-3.40632
-3.40526
-3.40481
-3.40496
-3.40526
-3.40466
-3.40421
-3.4033
-3.4033
-3.4027
-3.40225
-3.40285
-3.40315
-3.40285
-3.4033
-3.40451
-3.40451
-3.40375
-3.403
-3.40436
-3.40301
-3.40407
-3.40331
-3.40346
-3.40436
-3.403
-3.40269
-3.40148
-3.40103
-3.40254
-3.40239
-3.4027
-3.4021
-3.4024
-3.40316
-3.40255
-3.4024
-3.403
-3.40164
-3.40119
-3.40043
-3.40058
-3.40028
-3.40028
-3.39983
-3.40043
-3.40149
-3.40133
-3.40179
-3.40194
-3.40149
-3.40058
-3.40104
-3.40073
-3.40179
-3.403
-3.40254
-3.40315
-3.4033
-3.4036
-3.40299
-3.40284
-3.40254
-3.40194
-3.40088
-3.40088
-3.40134
-3.40179
-3.40164
-3.40134
-3.40103
-3.40058
-3.40073
-3.40073
-3.40133
-3.40164
-3.40103
-3.40133
-3.40043
-3.40118
-3.40073
-3.40118
-3.40058
-3.40164
-3.40133
-3.40133
-3.40073
-3.40057
-3.39997
-3.40043
-3.40088
-3.40013
-3.39998
-3.39937
-3.40058
-3.40073
-3.40134
-3.39998
-3.39937
-3.39937
-3.39877
-3.39831
-3.39846
-3.39846
-3.39891
-3.39861
-3.39906
-3.39997
-3.40058
-3.40043
-3.39997
-3.39982
-3.39862
-3.39892
-3.39741
-3.39726
-3.39771
-3.3971
-3.39771
-3.39846
-3.39816
-3.39907
-3.39922
-3.39906
-3.39861
-3.39952
-3.39967
-3.39952
-3.39831
-3.39831
-3.39876
-3.39891
-3.39876
-3.39906
-3.39936
-3.39921
-3.39906
-3.39922
-3.39906
-3.39876
-3.39816
-3.39755
-3.3974
-3.39755
-3.39755
-3.3974
-3.39695
-3.3977
-3.39786
-3.39816
-3.3968
-3.3974
-3.39801
-3.39846
-3.39816
-3.39785
-3.39861
-3.39952
-3.39982
-3.40028
-3.39998
-3.39907
-3.39817
-3.39877
-3.39923
-3.39983
-3.39998
-3.40043
-3.40012
-3.39982
-3.39997
-3.40042
-3.40028
-3.39952
-3.39983
-3.39953
-3.39968
-3.39998
-3.40058
-3.39982
-3.39952
-3.40012
-3.39982
-3.40058
-3.40088
-3.40013
-3.39968
-3.39983
-3.40043
-3.39997
-3.40013
-3.40043
-3.40058
-3.40058
-3.39982
-3.40013
-3.40043
-3.40027
-3.39982
-3.40073
-3.39967
-3.39816
-3.39771
-3.39847
-3.39786
-3.39771
-3.39831
-3.39907
-3.39847
-3.39922
-3.39831
-3.39801
-3.39876
-3.3977
-3.39725
-3.39785
-3.39846
-3.39861
-3.39922
-3.39922
-3.39907
-3.39831
-3.39801
-3.39891
-3.39921
-3.39846
-3.39831
-3.39665
-3.39725
-3.39635
-3.39741
-3.39786
-3.3974
-3.3974
-3.3968
-3.3971
-3.3971
-3.3977
-3.3974
-3.39816
-3.39846
-3.39937
-3.40013
-3.40028
-3.40028
-3.40088
-3.40178
-3.40163
-3.40042
-3.40042
-3.40087
-3.40118
-3.40088
-3.40043
-3.40073
-3.40118
-3.40148
-3.40209
-3.40133
-3.40103
-3.40103
-3.40027
-3.40012
-3.40027
-3.39997
-3.40042
-3.40012
-3.39967
-3.39967
-3.40027
-3.40027
-3.40042
-3.40012
-3.40012
-3.39997
-3.40042
-3.40027
-3.40042
-3.39936
-3.39891
-3.39876
-3.39891
-3.39921
-3.39891
-3.39846
-3.39816
-3.39831
-3.3974
-3.3971
-3.3974
-3.39695
-3.3968
-3.39695
-3.39725
-3.39679
-3.39679
-3.39679
-3.39649
-3.39755
-3.39619
-3.39574
-3.39513
-3.39513
-3.39483
-3.39529
-3.39559
-3.39544
-3.3959
-3.3959
-3.39695
-3.39786
-3.39907
-3.39891
-3.39921
-3.39936
-3.39952
-3.39967
-3.40088
-3.40103
-3.40073
-3.40058
-3.40027
-3.39997
-3.39982
-3.39921
-3.39861
-3.39967
-3.39967
-3.40058
-3.40103
-3.40118
-3.40133
-3.40148
-3.40149
-3.40164
-3.40209
-3.40119
-3.40043
-3.40013
-3.39998
-3.40149
-3.40103
-3.40133
-3.40088
-3.40042
-3.39997
-3.40027
-3.40057
-3.40058
-3.39952
-3.39847
-3.39892
-3.39892
-3.39817
-3.39892
-3.39862
-3.39877
-3.39997
-3.40043
-3.40012
-3.40088
-3.39982
-3.40043
-3.40012
-3.40088
-3.40073
-3.40194
-3.40134
-3.40119
-3.40103
-3.40194
-3.40224
-3.40209
-3.40179
-3.40104
-3.40119
-3.40028
-3.40058
-3.40043
-3.39967
-3.39998
-3.40073
-3.40209
-3.40194
-3.40119
-3.40119
-3.40059
-3.39983
-3.39953
-3.39907
-3.39922
-3.39861
-3.39876
-3.39786
-3.39771
-3.39802
-3.39681
-3.39756
-3.39756
-3.39786
-3.39816
-3.39771
-3.39771
-3.39741
-3.39771
-3.39725
-3.3965
-3.39725
-3.39771
-3.39786
-3.39741
-3.39771
-3.39605
-3.39711
-3.39696
-3.39726
-3.39892
-3.39892
-3.39892
-3.39831
-3.39816
-3.39937
-3.39923
-3.39802
-3.39802
-3.39832
-3.39696
-3.39695
-3.39665
-3.39665
-3.3965
-3.3959
-3.39529
-3.39529
-3.3956
-3.39484
-3.39469
-3.39438
-3.39514
-3.39484
-3.39529
-3.39574
-3.39589
-3.39559
-3.3962
-3.3962
-3.39681
-3.3959
-3.39635
-3.39545
-3.3956
-3.39665
-3.39665
-3.39725
-3.3968
-3.39725
-3.3974
-3.39831
-3.39846
-3.3977
-3.39891
-3.39997
-3.39982
-3.39968
-3.40013
-3.39952
-3.39968
-3.39998
-3.39952
-3.39892
-3.39847
-3.39817
-3.39771
-3.39861
-3.39967
-3.39937
-3.40013
-3.40044
-3.40104
-3.40133
-3.40194
-3.40148
-3.40133
-3.40058
-3.40104
-3.40134
-3.40073
-3.40119
-3.40209
-3.40224
-3.40224
-3.40058
-3.40043
-3.40013
-3.39892
-3.39892
-3.39982
-3.39907
-3.40012
-3.40118
-3.40133
-3.40149
-3.40315
-3.40225
-3.40285
-3.403
-3.40255
-3.40224
-3.40314
-3.40359
-3.40329
-3.40269
-3.40314
-3.4039
-3.40345
-3.40496
-3.40466
-3.40541
-3.40556
-3.40587
-3.40541
-3.40571
-3.40511
-3.40375
-3.40314
-3.40284
-3.40224
-3.40194
-3.40254
-3.40239
-3.40224
-3.40193
-3.40269
-3.40314
-3.40284
-3.40344
-3.40299
-3.40299
-3.4039
-3.40465
-3.4048
-3.40374
-3.40329
-3.40208
-3.40178
-3.40148
-3.40224
-3.40179
-3.40269
-3.40314
-3.40314
-3.40299
-3.40284
-3.40193
-3.40193
-3.40193
-3.40163
-3.40148
-3.40254
-3.40284
-3.40345
-3.4039
-3.4042
-3.40526
-3.4042
-3.4039
-3.40389
-3.40389
-3.4048
-3.40571
-3.40541
-3.4048
-3.4045
-3.40375
-3.40344
-3.40344
-3.40254
-3.40269
-3.40314
-3.40223
-3.40435
-3.40359
-3.40374
-3.40359
-3.40375
-3.40495
-3.40526
-3.4042
-3.40344
-3.40329
-3.40284
-3.40268
-3.40223
-3.40253
-3.40253
-3.40253
-3.40254
-3.40224
-3.40194
-3.40073
-3.40043
-3.40073
-3.40073
-3.40012
-3.39936
-3.39936
-3.39936
-3.39861
-3.398
-3.39876
-3.39907
-3.39801
-3.39832
-3.39801
-3.39801
-3.39831
-3.39786
-3.39906
-3.39906
-3.40027
-3.40012
-3.39982
-3.39967
-3.39876
-3.39907
-3.39861
-3.39907
-3.39816
-3.39786
-3.39771
-3.39906
-3.39831
-3.39861
-3.39967
-3.39936
-3.39876
-3.39846
-3.39861
-3.39771
-3.39695
-3.39635
-3.39741
-3.39756
-3.39635
-3.39665
-3.39786
-3.39876
-3.39891
-3.39996
-3.39936
-3.40027
-3.39967
-3.39907
-3.40013
-3.40028
-3.40073
-3.40028
-3.40012
-3.40073
-3.40103
-3.40163
-3.40178
-3.40103
-3.40088
-3.40118
-3.40178
-3.40118
-3.40087
-3.40057
-3.40118
-3.40163
-3.40193
-3.40102
-3.40087
-3.40042
-3.40012
-3.40042
-3.40103
-3.39967
-3.40028
-3.39998
-3.39922
-3.39937
-3.39937
-3.39922
-3.39922
-3.39922
-3.39922
-3.39906
-3.39876
-3.39906
-3.39997
-3.40057
-3.40057
-3.40087
-3.40012
-3.40072
-3.39967
-3.39982
-3.39982
-3.39861
-3.39831
-3.39967
-3.39967
-3.39906
-3.39846
-3.398
-3.39846
-3.398
-3.3971
-3.39755
-3.39816
-3.39816
-3.39967
-3.40012
-3.40073
-3.40118
-3.40194
-3.40148
-3.40073
-3.40118
-3.40148
-3.40133
-3.40149
-3.40088
-3.40104
-3.40119
-3.40134
-3.4021
-3.40194
-3.40104
-3.403
-3.40224
-3.40254
-3.40375
-3.40465
-3.4045
-3.40375
-3.40405
-3.40496
-3.40527
-3.40496
-3.40391
-3.40496
-3.40436
-3.4039
-3.40451
-3.4036
-3.4033
-3.4036
-3.40209
-3.4027
-3.40179
-3.40269
-3.40224
-3.403
-3.40345
-3.403
-3.4024
-3.4024
-3.40164
-3.4024
-3.40225
-3.40285
-3.40406
-3.40406
-3.403
-3.40436
-3.4036
-3.40436
-3.40466
-3.40406
-3.40406
-3.40376
-3.40391
-3.40467
-3.40497
-3.40497
-3.40482
-3.40467
-3.40406
-3.40421
-3.40482
-3.40572
-3.40557
-3.40482
-3.40482
-3.40421
-3.40436
-3.40285
-3.40195
-3.39998
-3.40029
-3.39923
-3.39953
-3.39878
-3.39953
-3.40044
-3.40059
-3.40209
-3.40134
-3.40118
-3.40179
-3.40134
-3.40149
-3.40119
-3.4021
-3.40135
-3.40044
-3.40074
-3.40074
-3.40104
-3.4012
-3.4012
-3.40119
-3.40089
-3.40028
-3.39998
-3.40073
-3.40073
-3.40089
-3.40029
-3.40135
-3.4012
-3.40029
-3.40044
-3.40089
-3.40059
-3.40134
-3.40134
-3.40209
-3.40255
-3.4027
-3.40285
-3.40345
-3.4024
-3.40179
-3.40134
-3.40119
-3.40104
-3.4015
-3.4027
-3.403
-3.40225
-3.40134
-3.40119
-3.40164
-3.40104
-3.40164
-3.40194
-3.4024
-3.40315
-3.4036
-3.40451
-3.40406
-3.40345
-3.40315
-3.4033
-3.40421
-3.40361
-3.40346
-3.40285
-3.40225
-3.4021
-3.4018
-3.40195
-3.40119
-3.40119
-3.40088
-3.40133
-3.40224
-3.40209
-3.40073
-3.40043
-3.39953
-3.39892
-3.39877
-3.39832
-3.39862
-3.39862
-3.39938
-3.39893
-3.39908
-3.39833
-3.39802
-3.39817
-3.39802
-3.39787
-3.39923
-3.39847
-3.39831
-3.39846
-3.39892
-3.39846
-3.39877
-3.39923
-3.39984
-3.40075
-3.40075
-3.39984
-3.39863
-3.39953
-3.39923
-3.39908
-3.39892
-3.39847
-3.39907
-3.39877
-3.39892
-3.39937
-3.39998
-3.40044
-3.39969
-3.40029
-3.40135
-3.40104
-3.40014
-3.40013
-3.39998
-3.39983
-3.39922
-3.39953
-3.39953
-3.39999
-3.40014
-3.40029
-3.40074
-3.40044
-3.39938
-3.39998
-3.39893
-3.39908
-3.39862
-3.39817
-3.39741
-3.39802
-3.39907
-3.39937
-3.40043
-3.39968
-3.39983
-3.40013
-3.39953
-3.40044
-3.40059
-3.39983
-3.40059
-3.40119
-3.4021
-3.40255
-3.4015
-3.4012
-3.4018
-3.40301
-3.4024
-3.4021
-3.40149
-3.40209
-3.40179
-3.40149
-3.40225
-3.4021
-3.40286
-3.40271
-3.4021
-3.40195
-3.4018
-3.4021
-3.40105
-3.40135
-3.40165
-3.40165
-3.40089
-3.4012
-3.4015
-3.4021
-3.4024
-3.40255
-3.4027
-3.4027
-3.40134
-3.40104
-3.4015
-3.40165
-3.40104
-3.40195
-3.40165
-3.40256
-3.4021
-3.40241
-3.40271
-3.40286
-3.4021
-3.40195
-3.4018
-3.40105
-3.40165
-3.4018
-3.40135
-3.40195
-3.4012
-3.4009
-3.4012
-3.40059
-3.4009
-3.40044
-3.40044
-3.40074
-3.40074
-3.40029
-3.40029
-3.39999
-3.39969
-3.39878
-3.39939
-3.40075
-3.4018
-3.40241
-3.40226
-3.40256
-3.40241
-3.40165
-3.4021
-3.40316
-3.40255
-3.4024
-3.40195
-3.40211
-3.40211
-3.40196
-3.40196
-3.40196
-3.40165
-3.40135
-3.40135
-3.4012
-3.4012
-3.4024
-3.40225
-3.4012
-3.4018
-3.40165
-3.40135
-3.40044
-3.39969
-3.39953
-3.40059
-3.40059
-3.39983
-3.39937
-3.40013
-3.40149
-3.40119
-3.40089
-3.40059
-3.40075
-3.4009
-3.40075
-3.4012
-3.40045
-3.39969
-3.39969
-3.39999
-3.39969
-3.39953
-3.39999
-3.40044
-3.39908
-3.39908
-3.40014
-3.39984
-3.39938
-3.39863
-3.39863
-3.39818
-3.39863
-3.39924
-3.39893
-3.39833
-3.39833
-3.39954
-3.39878
-3.39879
-3.39924
-3.39894
-3.39864
-3.39849
-3.39803
-3.39803
-3.39742
-3.39833
-3.39878
-3.39879
-3.39954
-3.39939
-3.39969
-3.4009
-3.40211
-3.4009
-3.4012
-3.40256
-3.40241
-3.40135
-3.40166
-3.40211
-3.40121
-3.40106
-3.40151
-3.4003
-3.40075
-3.40105
-3.4012
-3.40075
-3.4006
-3.39924
-3.39863
-3.39833
-3.39833
-3.39833
-3.39849
-3.39818
-3.39818
-3.39667
-3.39682
-3.39712
-3.39743
-3.39848
-3.39909
-3.39984
-3.39939
-3.39909
-3.39894
-3.39909
-3.39894
-3.39864
-3.39894
-3.39939
-3.39969
-3.40075
-3.40105
-3.4012
-3.40135
-3.40211
-3.40347
-3.40332
-3.40468
-3.40558
-3.40574
-3.40574
-3.40619
-3.40604
-3.40649
-3.4071
-3.408
-3.4074
-3.40664
-3.40679
-3.40695
-3.40695
-3.40679
-3.40694
-3.40573
-3.40513
-3.40528
-3.40467
-3.40377
-3.40196
-3.40332
-3.40287
-3.40377
-3.40407
-3.40438
-3.40302
-3.40226
-3.40121
-3.40151
-3.4009
-3.4009
-3.40075
-3.40014
-3.39984
-3.39938
-3.39953
-3.39908
-3.39954
-3.39984
-3.40045
-3.40121
-3.40121
-3.40151
-3.40045
-3.39879
-3.39818
-3.39909
-3.39803
-3.39698
-3.39788
-3.39683
-3.39683
-3.39592
-3.39561
-3.39607
-3.39577
-3.39546
-3.39562
-3.39531
-3.39546
-3.39425
-3.39455
-3.39425
-3.3941
-3.39425
-3.39289
-3.3938
-3.39425
-3.39471
-3.39622
-3.39712
-3.39894
-3.39849
-3.39818
-3.39894
-3.39924
-3.4
-3.39969
-3.4006
-3.4006
-3.40151
-3.40196
-3.40362
-3.40272
-3.40226
-3.40196
-3.40241
-3.40226
-3.40241
-3.40166
-3.40196
-3.40135
-3.40271
-3.40241
-3.40256
-3.40347
-3.40392
-3.40423
-3.40408
-3.40468
-3.40483
-3.40468
-3.40362
-3.40377
-3.40467
-3.40407
-3.40362
-3.40392
-3.40468
-3.40483
-3.40604
-3.40679
-3.40574
-3.4065
-3.4062
-3.40635
-3.40544
-3.40423
-3.40453
-3.40408
-3.40453
-3.40408
-3.40317
-3.40317
-3.40302
-3.40377
-3.40483
-3.40543
-3.40574
-3.40498
-3.40378
-3.40408
-3.40287
-3.40392
-3.40392
-3.40377
-3.40392
-3.40377
-3.40377
-3.40362
-3.40346
-3.40437
-3.40543
-3.40558
-3.40452
-3.40377
-3.40407
-3.40287
-3.40271
-3.40196
-3.40211
-3.40045
-3.39984
-3.39984
-3.39999
-3.40105
-3.40136
-3.40075
-3.40045
-3.4009
-3.40105
-3.4018
-3.40241
-3.40271
-3.40255
-3.40285
-3.40225
-3.40195
-3.40196
-3.40302
-3.40226
-3.40136
-3.4003
-3.40045
-3.4003
-3.4006
-3.39969
-3.39969
-3.4009
-3.4006
-3.4015
-3.40211
-3.40211
-3.40256
-3.40271
-3.40286
-3.40286
-3.4021
-3.40149
-3.40029
-3.39999
-3.40105
-3.4
-3.40045
-3.3997
-3.4006
-3.4012
-3.4009
-3.40044
-3.40119
-3.40059
-3.40134
-3.40044
-3.40074
-3.39984
-3.39984
-3.39909
-3.39954
-3.39909
-3.39879
-3.39909
-3.39954
-3.39833
-3.39908
-3.39968
-3.39953
-3.39953
-3.39878
-3.39924
-3.39954
-3.39864
-3.39909
-3.4003
-3.4009
-3.4012
-3.40151
-3.40135
-3.40135
-3.40044
-3.39938
-3.39939
-3.39848
-3.39848
-3.39893
-3.39878
-3.39803
-3.39742
-3.39803
-3.39773
-3.39818
-3.39894
-3.39894
-3.39878
-3.39939
-3.39954
-3.4003
-3.4012
-3.40241
-3.40226
-3.40226
-3.40165
-3.40075
-3.4006
-3.4012
-3.4012
-3.39999
-3.39969
-3.39893
-3.39818
-3.39788
-3.39878
-3.39848
-3.39848
-3.39909
-3.39879
-3.39879
-3.39818
-3.39848
-3.39818
-3.39833
-3.39864
-3.39818
-3.39894
-3.39879
-3.39848
-3.39864
-3.40045
-3.40135
-3.40135
-3.40211
-3.40241
-3.40272
-3.40272
-3.40242
-3.40212
-3.40212
-3.40136
-3.40105
-3.40136
-3.40075
-3.40045
-3.40121
-3.40075
-3.39985
-3.4003
-3.4009
-3.4009
-3.4009
-3.4
-3.40015
-3.4009
-3.40121
-3.40075
-3.4006
-3.40015
-3.4
-3.39939
-3.39864
-3.39803
-3.39819
-3.39804
-3.39819
-3.39773
-3.39924
-3.39849
-3.39773
-3.39743
-3.39637
-3.39607
-3.39562
-3.39607
-3.39652
-3.39727
-3.39697
-3.39743
-3.39697
-3.39667
-3.39698
-3.39804
-3.39985
-3.39954
-3.39954
-3.39954
-3.40029
-3.39999
-3.39999
-3.40029
-3.39909
-3.39909
-3.39939
-3.39848
-3.39969
-3.39939
-3.39984
-3.39924
-3.39833
-3.39879
-3.39939
-3.39969
-3.39954
-3.39969
-3.39984
-3.40014
-3.39924
-3.39954
-3.39999
-3.39939
-3.39924
-3.39819
-3.39683
-3.39652
-3.39667
-3.39607
-3.39637
-3.39607
-3.39758
-3.39758
-3.39864
-3.39909
-3.39909
-3.39894
-3.39833
-3.39743
-3.39743
-3.39788
-3.39848
-3.39848
-3.39893
-3.39984
-3.40074
-3.4006
-3.40045
-3.40151
-3.40076
-3.40121
-3.40196
-3.40075
-3.4009
-3.40135
-3.4012
-3.40135
-3.40075
-3.40165
-3.40135
-3.39999
-3.39969
-3.39984
-3.39939
-3.39939
-3.39939
-3.39969
-3.39954
-3.39924
-3.39878
-3.39924
-3.39848
-3.39878
-3.40014
-3.40014
-3.40075
-3.40075
-3.40135
-3.40135
-3.4015
-3.40195
-3.40286
-3.40256
-3.40331
-3.40241
-3.40271
-3.40211
-3.40286
-3.40226
-3.40271
-3.40362
-3.40377
-3.40316
-3.40256
-3.40271
-3.40241
-3.40196
-3.40211
-3.40226
-3.40301
-3.40347
-3.40271
-3.40135
-3.40135
-3.40301
-3.40241
-3.4018
-3.40089
-3.39923
-3.39938
-3.39908
-3.39908
-3.39999
-3.39999
-3.39848
-3.39787
-3.39817
-3.39893
-3.39908
-3.39877
-3.39832
-3.39863
-3.39833
-3.39742
-3.39833
-3.39863
-3.39802
-3.39666
-3.3959
-3.39666
-3.39712
-3.39803
-3.39894
-3.40014
-3.40029
-3.39999
-3.40014
-3.39953
-3.39938
-3.39999
-3.40014
-3.39999
-3.40105
-3.40165
-3.4015
-3.40165
-3.40135
-3.4015
-3.40225
-3.4021
-3.40286
-3.40226
-3.40196
-3.40286
-3.40377
-3.40392
-3.40468
-3.40573
-3.40573
-3.40573
-3.40512
-3.40497
-3.40542
-3.40618
-3.40482
-3.40452
-3.40437
-3.40437
-3.40422
-3.40422
-3.40316
-3.40407
-3.40437
-3.40422
-3.40391
-3.40346
-3.40285
-3.40361
-3.40346
-3.4021
-3.4027
-3.4024
-3.4021
-3.4018
-3.40149
-3.40074
-3.40165
-3.4021
-3.40195
-3.40089
-3.40044
-3.40029
-3.40135
-3.4015
-3.4021
-3.4015
-3.4021
-3.4021
-3.4018
-3.4027
-3.40225
-3.40165
-3.4009
-3.4015
-3.40029
-3.40059
-3.39953
-3.39998
-3.39953
-3.39938
-3.40014
-3.39953
-3.39908
-3.39803
-3.39818
-3.39863
-3.39848
-3.39893
-3.39893
-3.39953
-3.39863
-3.39787
-3.39696
-3.39862
-3.39862
-3.39923
-3.39893
-3.39923
-3.40044
-3.40074
-3.40134
-3.40165
-3.4021
-3.4027
-3.40346
-3.40331
-3.40377
-3.40301
-3.40301
-3.40437
-3.40376
-3.403
-3.40345
-3.40285
-3.40179
-3.40164
-3.40043
-3.40074
-3.39983
-3.39953
-3.39893
-3.39848
-3.39878
-3.39757
-3.39712
-3.39711
-3.39681
-3.39741
-3.39757
-3.39711
-3.39817
-3.39892
-3.39877
-3.39953
-3.39968
-3.40013
-3.39938
-3.39908
-3.39862
-3.39923
-3.39908
-3.39953
-3.39983
-3.40165
-3.40165
-3.40195
-3.40089
-3.39938
-3.39893
-3.39878
-3.39863
-3.39999
-3.40014
-3.40029
-3.40134
-3.40134
-3.40179
-3.40058
-3.39998
-3.40028
-3.39983
-3.40059
-3.40074
-3.40044
-3.4015
-3.40044
-3.39923
-3.39832
-3.39787
-3.39711
-3.39787
-3.39892
-3.39892
-3.39892
-3.39877
-3.39923
-3.39983
-3.40074
-3.4012
-3.4015
-3.40316
-3.40406
-3.40512
-3.40481
-3.40481
-3.40345
-3.40345
-3.4027
-3.403
-3.40225
-3.403
-3.40315
-3.40255
-3.40225
-3.4024
-3.40286
-3.40165
-3.40195
-3.40361
-3.40376
-3.40285
-3.40345
-3.4024
-3.4021
-3.40104
-3.40164
-3.40059
-3.40028
-3.40103
-3.40028
-3.40058
-3.39967
-3.39982
-3.40058
-3.39983
-3.39983
-3.39877
-3.39817
-3.39817
-3.39893
-3.39862
-3.39847
-3.39786
-3.39786
-3.39725
-3.39696
-3.39681
-3.3956
-3.39621
-3.39606
-3.39575
-3.39605
-3.39696
-3.3968
-3.39695
-3.3962
-3.39741
-3.39847
-3.39741
-3.39771
-3.39832
-3.39862
-3.39862
-3.39877
-3.39831
-3.39891
-3.39785
-3.39906
-3.39891
-3.39876
-3.39801
-3.39816
-3.39786
-3.39862
-3.39831
-3.39982
-3.39982
-3.40028
-3.40073
-3.40119
-3.40058
-3.40164
-3.40149
-3.40209
-3.40224
-3.40224
-3.4027
-3.40285
-3.4033
-3.40194
-3.40209
-3.40224
-3.40179
-3.40224
-3.40285
-3.403
-3.4033
-3.4033
-3.4033
-3.40269
-3.40239
-3.4027
-3.40149
-3.40164
-3.40164
-3.40149
-3.40209
-3.40179
-3.40239
-3.4033
-3.40436
-3.40391
-3.40391
-3.40466
-3.40406
-3.40436
-3.40452
-3.40467
-3.40436
-3.40391
-3.40527
-3.40482
-3.40498
-3.40513
-3.40558
-3.40558
-3.40482
-3.40391
-3.40391
-3.40406
-3.40285
-3.40134
-3.40089
-3.39983
-3.40074
-3.40119
-3.40134
-3.40119
-3.40073
-3.40194
-3.40255
-3.40361
-3.40361
-3.40406
-3.40436
-3.40406
-3.40497
-3.40406
-3.40346
-3.40376
-3.40285
-3.40315
-3.4027
-3.40134
-3.40043
-3.39983
-3.40074
-3.40013
-3.39998
-3.40119
-3.40073
-3.40043
-3.40104
-3.40074
-3.40044
-3.4012
-3.40059
-3.4018
-3.4021
-3.40271
-3.40361
-3.40467
-3.40482
-3.40467
-3.40361
-3.40391
-3.40421
-3.40406
-3.40482
-3.40452
-3.40331
-3.40316
-3.4024
-3.40165
-3.40286
-3.40256
-3.4021
-3.4018
-3.40165
-3.40195
-3.4018
-3.4018
-3.40165
-3.40135
-3.4015
-3.40029
-3.40044
-3.40044
-3.39999
-3.39969
-3.4015
-3.4021
-3.40195
-3.4021
-3.40135
-3.40059
-3.40089
-3.40165
-3.4015
-3.40104
-3.40134
-3.40104
-3.40149
-3.40179
-3.40255
-3.40089
-3.40074
-3.40089
-3.39999
-3.39984
-3.39848
-3.39742
-3.39667
-3.39621
-3.39727
-3.39742
-3.39681
-3.39696
-3.39636
-3.3956
-3.39515
-3.39545
-3.395
-3.39515
-3.3953
-3.3953
-3.3953
-3.39485
-3.3953
-3.39621
-3.39696
-3.39666
-3.39847
-3.39938
-3.39968
-3.39968
-3.40074
-3.40043
-3.40089
-3.40149
-3.40044
-3.40059
-3.39923
-3.39984
-3.39953
-3.39953
-3.39908
-3.39938
-3.39938
-3.40014
-3.40029
-3.39983
-3.40044
-3.40089
-3.40134
-3.40119
-3.40119
-3.40209
-3.40315
-3.40285
-3.403
-3.40331
-3.4024
-3.40285
-3.40361
-3.40376
-3.40331
-3.403
-3.40406
-3.40315
-3.403
-3.40315
-3.4021
-3.4021
-3.40271
-3.40331
-3.40362
-3.40437
-3.40467
-3.40451
-3.40451
-3.40436
-3.40618
-3.40648
-3.40739
-3.40724
-3.40557
-3.40648
-3.40617
-3.40632
-3.40481
-3.40466
-3.40512
-3.40542
-3.40467
-3.40391
-3.40316
-3.40255
-3.40346
-3.40376
-3.40436
-3.40481
-3.40526
-3.4042
-3.40526
-3.40632
-3.40662
-3.40738
-3.40738
-3.40784
-3.40845
-3.40769
-3.40709
-3.40724
-3.40769
-3.40799
-3.40663
-3.40723
-3.40632
-3.40557
-3.40542
-3.40557
-3.40482
-3.40542
-3.40557
-3.40497
-3.40557
-3.40648
-3.40603
-3.40618
-3.40573
-3.40467
-3.40542
-3.40511
-3.40451
-3.40482
-3.40392
-3.40286
-3.40286
-3.40256
-3.40256
-3.40241
-3.40195
-3.40119
-3.40103
-3.39997
-3.39952
-3.39846
-3.39817
-3.39772
-3.39893
-3.39787
-3.39908
-3.39939
-3.39953
-3.39953
-3.39922
-3.39892
-3.39877
-3.39922
-3.40043
-3.40073
-3.40088
-3.40043
-3.40013
-3.40044
-3.39983
-3.40044
-3.39938
-3.39998
-3.39877
-3.39937
-3.39922
-3.39937
-3.39937
-3.39862
-3.39832
-3.39832
-3.39787
-3.39727
-3.39696
-3.39757
-3.39712
-3.39802
-3.39863
-3.39893
-3.39938
-3.39998
-3.39953
-3.39967
-3.40013
-3.40013
-3.39937
-3.40059
-3.40149
-3.39968
-3.39983
-3.39953
-3.39923
-3.39953
-3.39938
-3.40013
-3.40089
-3.40089
-3.40164
-3.40103
-3.40058
-3.40089
-3.39953
-3.40013
-3.40089
-3.40134
-3.40059
-3.40044
-3.40134
-3.40104
-3.4015
-3.4012
-3.40089
-3.39908
-3.39863
-3.39802
-3.39711
-3.39726
-3.39772
-3.39862
-3.39862
-3.39861
-3.39892
-3.39862
-3.39893
-3.39969
-3.39908
-3.40029
-3.39954
-3.40029
-3.40014
-3.39953
-3.40013
-3.39892
-3.39831
-3.39816
-3.39876
-3.39907
-3.39846
-3.39922
-3.39847
-3.39847
-3.39771
-3.39741
-3.39817
-3.39832
-3.39772
-3.39681
-3.39817
-3.39847
-3.39832
-3.39922
-3.40073
-3.40224
-3.40345
-3.40269
-3.40179
-3.40269
-3.40255
-3.40225
-3.40149
-3.4021
-3.40346
-3.40361
-3.403
-3.4021
-3.40104
-3.40119
-3.40028
-3.39953
-3.39937
-3.39922
-3.40027
-3.40088
-3.40103
-3.40089
-3.40074
-3.4009
-3.40165
-3.4018
-3.40316
-3.40346
-3.403
-3.40301
-3.40346
-3.40346
-3.40406
-3.40331
-3.40331
-3.40285
-3.40315
-3.40376
-3.40345
-3.4027
-3.40239
-3.40224
-3.40149
-3.40058
-3.40164
-3.4018
-3.4018
-3.40074
-3.40119
-3.40149
-3.40194
-3.40134
-3.40194
-3.40149
-3.40179
-3.40134
-3.40044
-3.40044
-3.40059
-3.40029
-3.40059
-3.40043
-3.40058
-3.40058
-3.40073
-3.40013
-3.39922
-3.39983
-3.40044
-3.39983
-3.39938
-3.39908
-3.39953
-3.39908
-3.40028
-3.40028
-3.39968
-3.39968
-3.39937
-3.39937
-3.39937
-3.39998
-3.40014
-3.39983
-3.39938
-3.39847
-3.39817
-3.39741
-3.39847
-3.39922
-3.39937
-3.40058
-3.40089
-3.40089
-3.40165
-3.4024
-3.40165
-3.40225
-3.4021
-3.40286
-3.40255
-3.40225
-3.40316
-3.4021
-3.40119
-3.40104
-3.40089
-3.40073
-3.40134
-3.40119
-3.40119
-3.4015
-3.40165
-3.4012
-3.4009
-3.40044
-3.40029
-3.40029
-3.40059
-3.40013
-3.40089
-3.40044
-3.40044
-3.40044
-3.40074
-3.40165
-3.4018
-3.4018
-3.40225
-3.40331
-3.40346
-3.40271
-3.40346
-3.40331
-3.40271
-3.40286
-3.40225
-3.4018
-3.40165
-3.40135
-3.40134
-3.40074
-3.40059
-3.40074
-3.4018
-3.4018
-3.40165
-3.40195
-3.40256
-3.4018
-3.40104
-3.39999
-3.40029
-3.40014
-3.39969
-3.39938
-3.39818
-3.39878
-3.39908
-3.39893
-3.40029
-3.40105
-3.4015
-3.40165
-3.4024
-3.40255
-3.40286
-3.40376
-3.40437
-3.40467
-3.40497
-3.40497
-3.40361
-3.40331
-3.40301
-3.40362
-3.40347
-3.40362
-3.40377
-3.40422
-3.40347
-3.40377
-3.40271
-3.40347
-3.40286
-3.40195
-3.40271
-3.40376
-3.40406
-3.40421
-3.40406
-3.40422
-3.40362
-3.40377
-3.40286
-3.40347
-3.40301
-3.40195
-3.4021
-3.4018
-3.40195
-3.4015
-3.40181
-3.4006
-3.40135
-3.4018
-3.40256
-3.40316
-3.40377
-3.40271
-3.40241
-3.403
-3.40345
-3.40436
-3.403
-3.40316
-3.40346
-3.40256
-3.40195
-3.40195
-3.40271
-3.40377
-3.40377
-3.40377
-3.40392
-3.40391
-3.40391
-3.40391
-3.40346
-3.40255
-3.4024
-3.4033
-3.40315
-3.4027
-3.40224
-3.4024
-3.40164
-3.4027
-3.4027
-3.40361
-3.4027
-3.4027
-3.40225
-3.4021
-3.40179
-3.40194
-3.40194
-3.40225
-3.40209
-3.40209
-3.40149
-3.40073
-3.40179
-3.403
-3.40285
-3.40436
-3.4036
-3.40346
-3.40406
-3.40512
-3.40467
-3.40452
-3.40391
-3.40315
-3.40194
-3.40255
-3.40255
-3.40255
-3.4027
-3.40376
-3.40481
-3.40542
-3.40572
-3.40557
-3.40391
-3.40346
-3.40271
-3.40225
-3.40271
-3.40255
-3.40119
-3.40089
-3.40089
-3.39998
-3.40043
-3.40043
-3.40073
-3.40104
-3.39998
-3.39983
-3.39953
-3.39953
-3.39968
-3.39968
-3.40029
-3.39968
-3.39893
-3.39847
-3.39938
-3.40013
-3.39998
-3.39922
-3.39937
-3.39892
-3.39846
-3.39861
-3.39771
-3.39756
-3.39711
-3.39756
-3.39726
-3.39711
-3.39832
-3.39847
-3.39878
-3.39878
-3.39847
-3.39862
-3.39817
-3.39802
-3.39786
-3.39726
-3.39605
-3.39665
-3.39696
-3.39771
-3.39817
-3.39922
-3.39801
-3.39847
-3.39832
-3.39757
-3.39832
-3.39787
-3.39848
-3.39848
-3.39923
-3.39908
-3.39907
-3.39968
-3.39982
-3.40013
-3.39982
-3.40013
-3.40058
-3.40088
-3.40149
-3.40074
-3.40164
-3.40104
-3.40028
-3.39983
-3.39938
-3.39983
-3.39862
-3.39862
-3.39907
-3.39922
-3.39847
-3.39832
-3.39772
-3.39756
-3.39802
-3.39832
-3.39802
-3.39832
-3.39862
-3.39877
-3.39847
-3.39892
-3.39877
-3.39862
-3.39847
-3.39757
-3.39711
-3.39726
-3.39651
-3.39711
-3.3968
-3.39696
-3.39711
-3.39756
-3.39711
-3.39802
-3.39787
-3.39741
-3.39696
-3.39575
-3.39575
-3.39575
-3.395
-3.3953
-3.3962
-3.39726
-3.39711
-3.3968
-3.39801
-3.39801
-3.39786
-3.39877
-3.39952
-3.39892
-3.39771
-3.39711
-3.39635
-3.39666
-3.39696
-3.39741
-3.39726
-3.39862
-3.39847
-3.39877
-3.39831
-3.39922
-3.39953
-3.39983
-3.40013
-3.40089
-3.39983
-3.39998
-3.39937
-3.39907
-3.39862
-3.39938
-3.40013
-3.40044
-3.40089
-3.40105
-3.40059
-3.40104
-3.40119
-3.40134
-3.4021
-3.40224
-3.40194
-3.4021
-3.40149
-3.4021
-3.4024
-3.40316
-3.40346
-3.40376
-3.40331
-3.4024
-3.4021
-3.40119
-3.40089
-3.40104
-3.40089
-3.40089
-3.39998
-3.39983
-3.40028
-3.40028
-3.40028
-3.40074
-3.40255
-3.4018
-3.40165
-3.40104
-3.40134
-3.40058
-3.40179
-3.40195
-3.4021
-3.40165
-3.40104
-3.40044
-3.40074
-3.40014
-3.40059
-3.40029
-3.40013
-3.39953
-3.39923
-3.39908
-3.39953
-3.39968
-3.39908
-3.39923
-3.39878
-3.39833
-3.39878
-3.39938
-3.39984
-3.40014
-3.39998
-3.39998
-3.39953
-3.39968
-3.40029
-3.40044
-3.39999
-3.39984
-3.39954
-3.39924
-3.39818
-3.39818
-3.39863
-3.39847
-3.39847
-3.39801
-3.39922
-3.39983
-3.39908
-3.39938
-3.39893
-3.39969
-3.39923
-3.39953
-3.39848
-3.39999
-3.39984
-3.40044
-3.39969
-3.40029
-3.40044
-3.39893
-3.39908
-3.39938
-3.39999
-3.39983
-3.39998
-3.39998
-3.39968
-3.39893
-3.39908
-3.39923
-3.39892
-3.39938
-3.39999
-3.40014
-3.40014
-3.40014
-3.4006
-3.4009
-3.4012
-3.40029
-3.40044
-3.40059
-3.40119
-3.40028
-3.40104
-3.40089
-3.39998
-3.39938
-3.39893
-3.39818
-3.39893
-3.40044
-3.40044
-3.40014
-3.39953
-3.4009
-3.40105
-3.40165
-3.4015
-3.40105
-3.40181
-3.40166
-3.4009
-3.40014
-3.40074
-3.4012
-3.4015
-3.4009
-3.40059
-3.40014
-3.40029
-3.40059
-3.40044
-3.4018
-3.4012
-3.40044
-3.39984
-3.39953
-3.39938
-3.39908
-3.39863
-3.39923
-3.39984
-3.39954
-3.39999
-3.40044
-3.40044
-3.4012
-3.40165
-3.4024
-3.4021
-3.40271
-3.4021
-3.40286
-3.4015
-3.4009
-3.40165
-3.40165
-3.40105
-3.4018
-3.40256
-3.4015
-3.4015
-3.40105
-3.4018
-3.40074
-3.39998
-3.40059
-3.39968
-3.39999
-3.40029
-3.40059
-3.40089
-3.39923
-3.39969
-3.4003
-3.40015
-3.4003
-3.4003
-3.4003
-3.40135
-3.39968
-3.39998
-3.39998
-3.40014
-3.4012
-3.4009
-3.40075
-3.4009
-3.40135
-3.40044
-3.40089
-3.40044
-3.40028
-3.40044
-3.40059
-3.4009
-3.4015
-3.39999
-3.39999
-3.39954
-3.39999
-3.40029
-3.40074
-3.40104
-3.40134
-3.40104
-3.40134
-3.40044
-3.40165
-3.40059
-3.40104
-3.40089
-3.40089
-3.4015
-3.40135
-3.4015
-3.40014
-3.39969
-3.40014
-3.40105
-3.39954
-3.39954
-3.39969
-3.39923
-3.39953
-3.39862
-3.39832
-3.39787
-3.39802
-3.39893
-3.39878
-3.39878
-3.39848
-3.39878
-3.39832
-3.39711
-3.39741
-3.39711
-3.39711
-3.39742
-3.39727
-3.39727
-3.39621
-3.39666
-3.39681
-3.39727
-3.39742
-3.39772
-3.39712
-3.39696
-3.39727
-3.39772
-3.39666
-3.39636
-3.39696
-3.39635
-3.3956
-3.3953
-3.39575
-3.39636
-3.39621
-3.39667
-3.39636
-3.39712
-3.39546
-3.39561
-3.39621
-3.39696
-3.39681
-3.39636
-3.39605
-3.3962
-3.39726
-3.39771
-3.39651
-3.39666
-3.39696
-3.39696
-3.39772
-3.39817
-3.39893
-3.39983
-3.39938
-3.39938
-3.39953
-3.39938
-3.39938
-3.40119
-3.40074
-3.39999
-3.39969
-3.40044
-3.39984
-3.39998
-3.39998
-3.40013
-3.40014
-3.40074
-3.4012
-3.40165
-3.4024
-3.40195
-3.40119
-3.4015
-3.40165
-3.4018
-3.40331
-3.40301
-3.40316
-3.40376
-3.40437
-3.40391
-3.40331
-3.40376
-3.40497
-3.40527
-3.40633
-3.40588
-3.40512
-3.40467
-3.40451
-3.40481
-3.40436
-3.40451
-3.40451
-3.40512
-3.40392
-3.40437
-3.40452
-3.40528
-3.40543
-3.40618
-3.40633
-3.40557
-3.40481
-3.40436
-3.40331
-3.40255
-3.40301
-3.40512
-3.40452
-3.40452
-3.40406
-3.40421
-3.40436
-3.40482
-3.40346
-3.40346
-3.40316
-3.40301
-3.4027
-3.40286
-3.40165
-3.40149
-3.40149
-3.40089
-3.40225
-3.40391
-3.40527
-3.40407
-3.40513
-3.40528
-3.40468
-3.40467
-3.40377
-3.40316
-3.40179
-3.40104
-3.40013
-3.40044
-3.40074
-3.40134
-3.40134
-3.40089
-3.40119
-3.40104
-3.40058
-3.40104
-3.40014
-3.40029
-3.39999
-3.40014
-3.40089
-3.4027
-3.4036
-3.4033
-3.40391
-3.403
-3.40316
-3.40437
-3.40301
-3.40316
-3.40422
-3.40376
-3.40421
-3.40482
-3.40421
-3.40436
-3.40331
-3.40421
-3.40346
-3.40391
-3.40451
-3.40451
-3.40527
-3.40527
-3.40436
-3.40436
-3.40285
-3.40239
-3.40239
-3.40255
-3.40315
-3.40285
-3.40165
-3.40225
-3.4021
-3.40195
-3.4015
-3.4024
-3.40179
-3.40163
-3.40284
-3.40209
-3.40149
-3.40089
-3.40089
-3.40014
-3.40074
-3.4012
-3.4012
-3.4015
-3.40089
-3.40135
-3.40104
-3.40119
-3.40164
-3.40179
-3.40134
-3.40149
-3.40194
-3.40194
-3.40164
-3.40149
-3.40134
-3.40285
-3.40391
-3.40512
-3.40558
-3.40603
-3.40603
-3.40512
-3.40497
-3.40572
-3.40678
-3.40738
-3.40768
-3.40799
-3.40784
-3.40829
-3.40859
-3.4089
-3.4092
-3.40889
-3.40859
-3.40859
-3.4086
-3.40905
-3.4092
-3.4101
-3.41025
-3.40995
-3.40934
-3.40858
-3.40874
-3.40874
-3.4095
-3.4089
-3.40784
-3.40754
-3.40739
-3.40678
-3.40603
-3.40708
-3.40542
-3.40557
-3.40451
-3.40481
-3.40436
-3.40542
-3.40511
-3.40481
-3.40466
-3.40452
-3.40406
-3.40482
-3.40452
-3.40452
-3.40451
-3.40451
-3.40436
-3.40436
-3.40436
-3.40437
-3.40361
-3.40331
-3.4024
-3.40241
-3.40226
-3.40211
-3.4012
-3.40014
-3.40089
-3.40119
-3.40209
-3.4024
-3.40225
-3.40316
-3.40346
-3.40286
-3.40255
-3.40255
-3.40134
-3.40119
-3.4021
-3.4024
-3.40256
-3.40392
-3.40437
-3.40452
-3.40467
-3.40452
-3.40436
-3.40391
-3.40436
-3.40542
-3.40482
-3.40497
-3.40512
-3.40391
-3.40452
-3.40437
-3.40361
-3.40301
-3.40376
-3.40376
-3.4036
-3.4036
-3.4036
-3.40331
-3.40391
-3.40361
-3.40285
-3.40195
-3.40149
-3.40255
-3.40285
-3.40119
-3.40179
-3.40103
-3.40058
-3.40013
-3.40058
-3.39968
-3.39953
-3.40013
-3.40059
-3.40149
-3.40089
-3.40058
-3.40089
-3.40043
-3.39998
-3.39983
-3.39923
-3.39878
-3.39878
-3.39893
-3.39757
-3.39817
-3.39787
-3.39772
-3.39726
-3.39666
-3.39726
-3.39696
-3.39696
-3.39591
-3.39515
-3.3953
-3.39455
-3.39349
-3.39379
-3.39348
-3.39273
-3.39349
-3.39273
-3.39274
-3.39289
-3.3941
-3.39425
-3.39425
-3.3941
-3.3944
-3.39485
-3.39409
-3.39319
-3.39243
-3.39319
-3.39244
-3.39319
-3.39379
-3.39455
-3.3944
-3.39485
-3.3947
-3.3947
-3.39394
-3.395
-3.3947
-3.39485
-3.39606
-3.39818
-3.39773
-3.39893
-3.39878
-3.39848
-3.39863
-3.40014
-3.40059
-3.40104
-3.40059
-3.40029
-3.39998
-3.39999
-3.40044
-3.39983
-3.39999
-3.39953
-3.39938
-3.40029
-3.40089
-3.40044
-3.39984
-3.40044
-3.40165
-3.4018
-3.40165
-3.4015
-3.4024
-3.4021
-3.40195
-3.4033
-3.40406
-3.4033
-3.40376
-3.40421
-3.40482
-3.40482
-3.40437
-3.40301
-3.40346
-3.40392
-3.40226
-3.4015
-3.40135
-3.40074
-3.40074
-3.39908
-3.39999
-3.39818
-3.39847
-3.39802
-3.39756
-3.39832
-3.39862
-3.39817
-3.39757
-3.39802
-3.39893
-3.39939
-3.39984
-3.39969
-3.39938
-3.39969
-3.40074
-3.39999
-3.39939
-3.39954
-3.39999
-3.40044
-3.39969
-3.40089
-3.40119
-3.40119
-3.40179
-3.40074
-3.40149
-3.40149
-3.4027
-3.40225
-3.40316
-3.40331
-3.40225
-3.4021
-3.4021
-3.4021
-3.40225
-3.4021
-3.40271
-3.40241
-3.40286
-3.40316
-3.4027
-3.40195
-3.403
-3.40376
-3.40361
-3.4027
-3.40195
-3.40255
-3.40285
-3.40195
-3.40195
-3.40179
-3.40285
-3.4027
-3.4024
-3.4021
-3.40194
-3.4024
-3.40194
-3.40195
-3.4021
-3.4024
-3.40134
-3.40074
-3.39999
-3.40029
-3.40014
-3.40165
-3.40195
-3.40149
-3.4021
-3.40195
-3.40195
-3.40255
-3.40195
-3.40225
-3.40255
-3.4027
-3.4024
-3.40301
-3.4021
-3.4024
-3.4021
-3.4021
-3.40225
-3.4021
-3.40164
-3.40179
-3.40179
-3.40104
-3.39938
-3.39892
-3.39862
-3.39742
-3.39772
-3.39802
-3.39833
-3.39832
-3.39817
-3.39877
-3.39801
-3.39786
-3.39787
-3.39772
-3.39666
-3.39682
-3.39712
-3.39757
-3.39757
-3.39832
-3.39862
-3.39922
-3.39877
-3.39757
-3.39893
-3.39863
-3.39878
-3.39938
-3.39953
-3.39847
-3.39756
-3.39771
-3.39711
-3.39802
-3.39817
-3.39832
-3.39802
-3.39893
-3.39787
-3.39741
-3.39802
-3.39907
-3.39847
-3.39952
-3.39952
-3.39967
-3.40013
-3.40073
-3.40073
-3.40043
-3.40104
-3.40059
-3.40043
-3.39998
-3.39922
-3.40058
-3.40043
-3.40134
-3.40194
-3.40164
-3.40149
-3.40133
-3.40224
-3.40178
-3.40118
-3.40164
-3.403
-3.40316
-3.40346
-3.4024
-3.4027
-3.40209
-3.40163
-3.40148
-3.40178
-3.40118
-3.40149
-3.40179
-3.40119
-3.40164
-3.40149
-3.40164
-3.40119
-3.40058
-3.40119
-3.40194
-3.40179
-3.40285
-3.40269
-3.40315
-3.4036
-3.40209
-3.403
-3.40285
-3.403
-3.40315
-3.4033
-3.40345
-3.40269
-3.40405
-3.40375
-3.40451
-3.40466
-3.40451
-3.40451
-3.40436
-3.40496
-3.40662
-3.40753
-3.40783
-3.40813
-3.40738
-3.40693
-3.40632
-3.40587
-3.40572
-3.40587
-3.40541
-3.40466
-3.4033
-3.40315
-3.40239
-3.403
-3.40315
-3.40209
-3.40209
-3.40194
-3.40164
-3.40194
-3.40285
-3.4027
-3.40194
-3.40194
-3.40239
-3.40285
-3.4033
-3.403
-3.40421
-3.40436
-3.40496
-3.40451
-3.40405
-3.40359
-3.40299
-3.40194
-3.40134
-3.40104
-3.40043
-3.39953
-3.39953
-3.39937
-3.39968
-3.40119
-3.40118
-3.40073
-3.40042
-3.39967
-3.39876
-3.39952
-3.39982
-3.40043
-3.40058
-3.39968
-3.39983
-3.39998
-3.40103
-3.40164
-3.4033
-3.40255
-3.40255
-3.4021
-3.40134
-3.40119
-3.40088
-3.40027
-3.40057
-3.40057
-3.40012
-3.40012
-3.39967
-3.39998
-3.39907
-3.39983
-3.39968
-3.40088
-3.40028
-3.40043
-3.39937
-3.39967
-3.39967
-3.40042
-3.40012
-3.40012
-3.39952
-3.39907
-3.39876
-3.39771
-3.39785
-3.3974
-3.3971
-3.39589
-3.39755
-3.39952
-3.40072
-3.40042
-3.40072
-3.40163
-3.40133
-3.40057
-3.40057
-3.40027
-3.40027
-3.40088
-3.40133
-3.40118
-3.40239
-3.40299
-3.40329
-3.40329
-3.4042
-3.4039
-3.4033
-3.40254
-3.40254
-3.40194
-3.40194
-3.40103
-3.40088
-3.40073
-3.40118
-3.40012
-3.39952
-3.39922
-3.39921
-3.39936
-3.40012
-3.39967
-3.39982
-3.39982
-3.40013
-3.40164
-3.40148
-3.40103
-3.40057
-3.40163
-3.40118
-3.40057
-3.39982
-3.39937
-3.40012
-3.39982
-3.39997
-3.39982
-3.39982
-3.40088
-3.40193
-3.40102
-3.40147
-3.40193
-3.40148
-3.40073
-3.40073
-3.40088
-3.40133
-3.40073
-3.40194
-3.40133
-3.40179
-3.40179
-3.40178
-3.40088
-3.40088
-3.40012
-3.39982
-3.40043
-3.40058
-3.40043
-3.40148
-3.40148
-3.40148
-3.40073
-3.40012
-3.40012
-3.39997
-3.39892
-3.40027
-3.39967
-3.39967
-3.39967
-3.39937
-3.39952
-3.39922
-3.39922
-3.39983
-3.39952
-3.40057
-3.40042
-3.39967
-3.40028
-3.39983
-3.40059
-3.40089
-3.40164
-3.40088
-3.40103
-3.40072
-3.40148
-3.40088
-3.40133
-3.40134
-3.40179
-3.40194
-3.40149
-3.40209
-3.40239
-3.40239
-3.40178
-3.40193
-3.40193
-3.40284
-3.40209
-3.40225
-3.40164
-3.40119
-3.40088
-3.40133
-3.40133
-3.40102
-3.40103
-3.40058
-3.40103
-3.40088
-3.40043
-3.40089
-3.40058
-3.39922
-3.40028
-3.40073
-3.40118
-3.40209
-3.40178
-3.40269
-3.40164
-3.40104
-3.40104
-3.40255
-3.40285
-3.40239
-3.40209
-3.40285
-3.40269
-3.4033
-3.40284
-3.4033
-3.4036
-3.40315
-3.4036
-3.40285
-3.4033
-3.403
-3.40315
-3.4033
-3.4036
-3.403
-3.40284
-3.403
-3.40269
-3.40194
-3.40088
-3.40028
-3.39922
-3.39907
-3.39922
-3.40028
-3.39998
-3.39953
-3.40028
-3.39968
-3.40028
-3.39877
-3.39877
-3.39832
-3.39893
-3.39847
-3.39832
-3.39832
-3.39771
-3.3968
-3.3968
-3.3962
-3.3965
-3.39696
-3.39681
-3.39666
-3.3962
-3.39696
-3.39817
-3.39862
-3.39832
-3.39876
-3.39876
-3.39876
-3.39831
-3.39862
-3.39847
-3.39847
-3.39847
-3.39847
-3.39832
-3.39786
-3.39726
-3.39741
-3.3962
-3.39726
-3.3965
-3.39696
-3.39605
-3.39484
-3.39545
-3.39544
-3.3959
-3.39574
-3.39544
-3.39604
-3.39483
-3.39453
-3.3959
-3.3962
-3.3956
-3.395
-3.3956
-3.39651
-3.39651
-3.39726
-3.39741
-3.3974
-3.3974
-3.3968
-3.39725
-3.39589
-3.3962
-3.3962
-3.39726
-3.39741
-3.39696
-3.39786
-3.39847
-3.39877
-3.40058
-3.40133
-3.40239
-3.40269
-3.40344
-3.40344
-3.40254
-3.40269
-3.40284
-3.403
-3.40164
-3.40134
-3.40179
-3.40164
-3.40254
-3.40209
-3.40269
-3.40345
-3.40345
-3.4039
-3.40466
-3.40466
-3.40405
-3.40314
-3.40299
-3.40375
-3.40435
-3.40481
-3.40511
-3.4042
-3.4036
-3.40194
-3.40209
-3.40209
-3.40179
-3.40224
-3.40239
-3.40179
-3.40179
-3.40224
-3.403
-3.40209
-3.40284
-3.403
-3.40315
-3.40103
-3.40073
-3.40119
-3.40119
-3.39922
-3.39907
-3.39982
-3.40013
-3.40073
-3.40164
-3.40164
-3.40088
-3.39997
-3.40058
-3.40118
-3.40073
-3.40179
-3.40209
-3.40194
-3.40164
-3.40134
-3.40028
-3.39983
-3.40074
-3.39953
-3.39923
-3.39892
-3.39876
-3.39891
-3.39846
-3.39786
-3.39816
-3.39967
-3.40043
-3.40058
-3.40073
-3.39952
-3.40028
-3.40058
-3.39967
-3.39937
-3.40012
-3.39922
-3.39831
-3.39967
-3.39967
-3.40012
-3.40012
-3.40057
-3.39966
-3.39951
-3.40042
-3.39997
-3.39876
-3.39922
-3.39982
-3.40073
-3.40042
-3.40042
-3.39967
-3.39906
-3.39921
-3.39967
-3.39952
-3.40042
-3.39906
-3.39831
-3.39831
-3.39876
-3.39967
-3.39966
-3.40012
-3.40042
-3.40012
-3.40072
-3.40072
-3.40057
-3.40118
-3.40027
-3.40088
-3.40148
-3.40163
-3.40224
-3.40299
-3.4036
-3.4045
-3.40344
-3.40359
-3.40404
-3.40374
-3.40405
-3.40435
-3.4033
-3.40209
-3.40239
-3.40253
-3.40178
-3.40193
-3.40087
-3.40163
-3.40163
-3.40103
-3.40058
-3.39967
-3.39952
-3.39937
-3.39815
-3.3974
-3.39754
-3.39754
-3.39709
-3.39725
-3.39816
-3.39892
-3.39967
-3.40028
-3.40043
-3.40027
-3.39981
-3.40027
-3.40057
-3.40072
-3.40057
-3.40012
-3.39997
-3.40057
-3.40042
-3.40073
-3.40088
-3.40058
-3.39998
-3.40012
-3.40027
-3.40057
-3.40072
-3.40042
-3.39997
-3.40118
-3.40072
-3.40057
-3.40073
-3.40073
-3.40088
-3.40133
-3.40209
-3.40163
-3.40057
-3.40042
-3.39966
-3.39967
-3.39936
-3.39891
-3.39936
-3.3983
-3.3974
-3.3977
-3.39906
-3.39936
-3.39936
-3.39891
-3.39996
-3.40042
-3.40027
-3.40072
-3.40072
-3.40088
-3.40042
-3.40027
-3.40194
-3.40133
-3.40042
-3.40012
-3.39981
-3.39921
-3.39997
-3.39982
-3.39982
-3.39861
-3.39906
-3.39936
-3.40178
-3.40163
-3.40178
-3.40284
-3.40269
-3.40209
-3.40148
-3.40118
-3.40072
-3.40223
-3.40238
-3.40253
-3.40223
-3.40223
-3.40163
-3.40254
-3.40224
-3.40209
-3.40269
-3.40405
-3.40329
-3.40223
-3.40057
-3.39982
-3.39937
-3.39952
-3.39922
-3.39785
-3.3974
-3.39695
-3.39679
-3.39695
-3.39816
-3.39891
-3.39891
-3.39921
-3.39845
-3.39921
-3.39876
-3.39891
-3.39906
-3.39876
-3.39831
-3.39756
-3.39786
-3.39922
-3.39801
-3.39892
-3.39968
-3.39937
-3.39937
-3.39952
-3.39937
-3.39936
-3.39876
-3.3986
-3.39891
-3.398
-3.3971
-3.39665
-3.39711
-3.39801
-3.39756
-3.39786
-3.39786
-3.39726
-3.39711
-3.39695
-3.39786
-3.39756
-3.39786
-3.39801
-3.3971
-3.39877
-3.39892
-3.39952
-3.40134
-3.40118
-3.40103
-3.40073
-3.40118
-3.40149
-3.40149
-3.40088
-3.40058
-3.40179
-3.40164
-3.40149
-3.40134
-3.40073
-3.39982
-3.40133
-3.40043
-3.40028
-3.40058
-3.40088
-3.40164
-3.40118
-3.40134
-3.40315
-3.40315
-3.4039
-3.4039
-3.40345
-3.40435
-3.40451
-3.40556
-3.40511
-3.40436
-3.40406
-3.40481
-3.40406
-3.40466
-3.40375
-3.4033
-3.40299
-3.40345
-3.40375
-3.40315
-3.40239
-3.40179
-3.40164
-3.40118
-3.40269
-3.4027
-3.403
-3.4036
-3.40391
-3.403
-3.40164
-3.40149
-3.40224
-3.40239
-3.40285
-3.40345
-3.40406
-3.40542
-3.40587
-3.40662
-3.40632
-3.40526
-3.40481
-3.40496
-3.40451
-3.40285
-3.40224
-3.40179
-3.40239
-3.40224
-3.40088
-3.39983
-3.39953
-3.40179
-3.40074
-3.40013
-3.40013
-3.40118
-3.39997
-3.40013
-3.40043
-3.39997
-3.40043
-3.40043
-3.40194
-3.40103
-3.40149
-3.40134
-3.40194
-3.40225
-3.40209
-3.40255
-3.40194
-3.40178
-3.40208
-3.40208
-3.40254
-3.40224
-3.40179
-3.40013
-3.39998
-3.39968
-3.39998
-3.39907
-3.39862
-3.39816
-3.39816
-3.39695
-3.39589
-3.3968
-3.39544
-3.39665
-3.3962
-3.39514
-3.39423
-3.39454
-3.39559
-3.3971
-3.3974
-3.39755
-3.39755
-3.39816
-3.3977
-3.39725
-3.3971
-3.39816
-3.39786
-3.39877
-3.39937
-3.39952
-3.39997
-3.40103
-3.40118
-3.40163
-3.40088
-3.40012
-3.40088
-3.40209
-3.40164
-3.40119
-3.40058
-3.40148
-3.40148
-3.40133
-3.40209
-3.40193
-3.40239
-3.40239
-3.40148
-3.40179
-3.40118
-3.40163
-3.40224
-3.40194
-3.40254
-3.40314
-3.40269
-3.40254
-3.40178
-3.40163
-3.40148
-3.40254
-3.40194
-3.40299
-3.40405
-3.40375
-3.40375
-3.40239
-3.40178
-3.40299
-3.40284
-3.40315
-3.40299
-3.40314
-3.40224
-3.40239
-3.40284
-3.40299
-3.40239
-3.40133
-3.40118
-3.40118
-3.40118
-3.40118
-3.40058
-3.40073
-3.40073
-3.40073
-3.40012
-3.40103
-3.40073
-3.40072
-3.39982
-3.39937
-3.39891
-3.39846
-3.39831
-3.39982
-3.39877
-3.39907
-3.39907
-3.39862
-3.39846
-3.39907
-3.39907
-3.40028
-3.40088
-3.40209
-3.40119
-3.40058
-3.40118
-3.40179
-3.40194
-3.40209
-3.40284
-3.40149
-3.40224
-3.40209
-3.403
-3.40254
-3.40254
-3.40163
-3.40193
-3.40163
-3.40148
-3.40179
-3.40239
-3.40209
-3.40194
-3.40239
-3.40224
-3.40315
-3.403
-3.40315
-3.4027
-3.40285
-3.40209
-3.40148
-3.40148
-3.40148
-3.40118
-3.40118
-3.40149
-3.40104
-3.40209
-3.40209
-3.40224
-3.40376
-3.40391
-3.4039
-3.40345
-3.40254
-3.40269
-3.40269
-3.40194
-3.40149
-3.40134
-3.40224
-3.40119
-3.40164
-3.40254
-3.40179
-3.40103
-3.40209
-3.40209
-3.40285
-3.4024
-3.40331
-3.4027
-3.40315
-3.40285
-3.40391
-3.40315
-3.403
-3.40224
-3.40209
-3.40194
-3.40164
-3.40194
-3.40209
-3.40255
-3.40315
-3.40345
-3.4033
-3.4039
-3.40405
-3.40345
-3.4042
-3.40345
-3.4036
-3.40345
-3.40285
-3.40209
-3.4033
-3.40194
-3.4027
-3.40209
-3.40133
-3.40058
-3.40027
-3.40028
-3.39998
-3.39982
-3.39982
-3.39907
-3.39937
-3.39861
-3.39816
-3.39967
-3.40103
-3.40058
-3.39998
-3.40043
-3.40028
-3.39937
-3.39892
-3.39907
-3.39832
-3.39847
-3.39877
-3.39892
-3.39892
-3.39938
-3.39756
-3.39787
-3.39726
-3.39666
-3.39711
-3.3965
-3.3962
-3.39575
-3.39575
-3.39606
-3.3953
-3.39545
-3.39499
-3.39529
-3.39393
-3.39393
-3.39393
-3.39453
-3.39544
-3.3965
-3.3968
-3.39665
-3.3965
-3.39741
-3.39771
-3.39771
-3.39726
-3.39711
-3.39651
-3.39666
-3.39757
-3.39756
-3.39817
-3.39846
-3.39831
-3.39892
-3.39861
-3.39771
-3.39801
-3.39846
-3.39862
-3.39922
-3.39968
-3.40043
-3.40058
-3.40088
-3.40073
-3.40058
-3.40043
-3.39937
-3.39952
-3.39892
-3.39907
-3.40028
-3.39997
-3.39997
-3.39982
-3.40028
-3.39967
-3.39967
-3.39937
-3.40013
-3.39907
-3.39922
-3.39952
-3.39983
-3.39967
-3.39952
-3.40013
-3.40043
-3.40028
-3.40058
-3.40013
-3.39968
-3.39892
-3.39922
-3.39831
-3.39755
-3.39785
-3.39891
-3.39891
-3.39862
-3.39847
-3.39907
-3.39862
-3.39847
-3.39847
-3.39832
-3.39892
-3.39938
-3.39968
-3.40043
-3.40058
-3.40043
-3.40028
-3.40013
-3.39998
-3.39998
-3.40058
-3.40118
-3.40073
-3.40043
-3.40028
-3.40028
-3.39952
-3.40043
-3.40028
-3.40103
-3.40088
-3.40119
-3.40028
-3.40073
-3.40119
-3.40134
-3.40119
-3.39998
-3.39952
-3.40043
-3.40088
-3.40088
-3.40088
-3.40103
-3.40104
-3.39983
-3.39923
-3.39878
-3.39923
-3.39817
-3.39968
-3.39937
-3.39862
-3.39862
-3.39937
-3.39937
-3.39817
-3.39802
-3.39802
-3.39756
-3.39741
-3.39756
-3.39771
-3.39681
-3.3962
-3.3965
-3.39786
-3.39787
-3.39847
-3.39681
-3.39696
-3.39756
-3.39696
-3.39666
-3.3962
-3.39651
-3.3959
-3.39605
-3.39605
-3.39666
-3.39621
-3.39636
-3.39681
-3.39696
-3.39635
-3.39651
-3.39697
-3.39606
-3.39576
-3.39576
-3.3956
-3.3959
-3.3956
-3.39454
-3.39545
-3.39514
-3.39575
-3.3959
-3.39635
-3.39666
-3.39696
-3.39711
-3.39741
-3.39756
-3.39756
-3.39771
-3.3965
-3.39545
-3.39666
-3.39621
-3.395
-3.39469
-3.39515
-3.39545
-3.39545
-3.39575
-3.3956
-3.39635
-3.39771
-3.39786
-3.39846
-3.39891
-3.39907
-3.39937
-3.39953
-3.39923
-3.39817
-3.39878
-3.39878
-3.39817
-3.39772
-3.39726
-3.39651
-3.39681
-3.39741
-3.39771
-3.39862
-3.39817
-3.39711
-3.39817
-3.39711
-3.39636
-3.39635
-3.39665
-3.3965
-3.39771
-3.39983
-3.39908
-3.39788
-3.39878
-3.39893
-3.39803
-3.39697
-3.39681
-3.39681
-3.39651
-3.39711
-3.39711
-3.39665
-3.39696
-3.39847
-3.39832
-3.39817
-3.39771
-3.39847
-3.39847
-3.39878
-3.39984
-3.39848
-3.39848
-3.39817
-3.39907
-3.39892
-3.39907
-3.39862
-3.39817
-3.39953
-3.39968
-3.39817
-3.39832
-3.39802
-3.39878
-3.39893
-3.39893
-3.39893
-3.39832
-3.39817
-3.39817
-3.39756
-3.39741
-3.39756
-3.39771
-3.39817
-3.39741
-3.39726
-3.39741
-3.39801
-3.39756
-3.39832
-3.39862
-3.39847
-3.39848
-3.39878
-3.39923
-3.39999
-3.39908
-3.39847
-3.39786
-3.39771
-3.39726
-3.39726
-3.39696
-3.39711
-3.39711
-3.39651
-3.39575
-3.39635
-3.39666
-3.39635
-3.39696
-3.39726
-3.39711
-3.39666
-3.39681
-3.39681
-3.39817
-3.39832
-3.39711
-3.39756
-3.39802
-3.39817
-3.39787
-3.39727
-3.39727
-3.39787
-3.39832
-3.39817
-3.39786
-3.39756
-3.39771
-3.39786
-3.39771
-3.39787
-3.39817
-3.39832
-3.39817
-3.39938
-3.40103
-3.40028
-3.40012
-3.40058
-3.40073
-3.40089
-3.40195
-3.40331
-3.40195
-3.40225
-3.40058
-3.40043
-3.39922
-3.39937
-3.39907
-3.39892
-3.39877
-3.39817
-3.39862
-3.39877
-3.39847
-3.39878
-3.39923
-3.39983
-3.40044
-3.40013
-3.39998
-3.39757
-3.39651
-3.39681
-3.39711
-3.39711
-3.39741
-3.39696
-3.39741
-3.39786
-3.39831
-3.39877
-3.39998
-3.40059
-3.40029
-3.39953
-3.39938
-3.39832
-3.39787
-3.39711
-3.39726
-3.39666
-3.39606
-3.3956
-3.3962
-3.39649
-3.39634
-3.3974
-3.39801
-3.39832
-3.39727
-3.39727
-3.39802
-3.39802
-3.39938
-3.39953
-3.39968
-3.39892
-3.39877
-3.39922
-3.39982
-3.39907
-3.39907
-3.39891
-3.39891
-3.39891
-3.39876
-3.39831
-3.39892
-3.39983
-3.40013
-3.39983
-3.40074
-3.40043
-3.40073
-3.40133
-3.40042
-3.40012
-3.40027
-3.40057
-3.40088
-3.40103
-3.40088
-3.40149
-3.40225
-3.40194
-3.40119
-3.40103
-3.40133
-3.40224
-3.40209
-3.40314
-3.40284
-3.40239
-3.40254
-3.40254
-3.40284
-3.40239
-3.40314
-3.40239
-3.40239
-3.40285
-3.4036
-3.403
-3.4033
-3.40345
-3.40299
-3.40284
-3.40224
-3.40239
-3.40179
-3.40103
-3.40103
-3.40073
-3.40027
-3.40027
-3.40012
-3.40057
-3.40027
-3.39982
-3.39967
-3.39937
-3.39937
-3.40088
-3.40104
-3.40058
-3.40043
-3.40148
-3.40103
-3.40042
-3.39967
-3.39997
-3.40012
-3.39952
-3.39922
-3.39967
-3.40073
-3.40118
-3.40087
-3.40117
-3.40072
-3.40072
-3.40193
-3.40118
-3.40088
-3.40028
-3.39998
-3.39907
-3.39877
-3.39831
-3.39831
-3.39755
-3.39755
-3.39786
-3.3971
-3.39649
-3.39725
-3.39619
-3.39649
-3.39725
-3.3971
-3.39816
-3.39831
-3.39816
-3.39801
-3.39816
-3.39831
-3.39997
-3.39952
-3.39937
-3.39876
-3.39846
-3.39846
-3.39846
-3.39952
-3.39922
-3.39967
-3.39982
-3.39982
-3.39952
-3.39922
-3.39937
-3.39936
-3.39921
-3.39967
-3.39951
-3.39936
-3.39967
-3.40012
-3.39982
-3.39982
-3.39906
-3.39997
-3.39952
-3.40088
-3.40058
-3.40178
-3.40163
-3.40209
-3.40299
-3.40284
-3.40193
-3.40208
-3.40208
-3.40193
-3.40148
-3.40209
-3.40163
-3.40073
-3.40118
-3.40118
-3.40254
-3.40299
-3.40269
-3.40178
-3.40118
-3.40103
-3.40057
-3.40072
-3.40057
-3.40027
-3.40073
-3.40103
-3.40149
-3.40103
-3.39967
-3.39997
-3.39952
-3.39921
-3.39891
-3.39906
-3.39906
-3.39981
-3.40087
-3.40057
-3.40087
-3.40148
-3.40208
-3.40269
-3.40314
-3.4033
-3.40254
-3.40284
-3.40284
-3.40209
-3.40178
-3.40133
-3.40148
-3.40118
-3.40133
-3.40193
-3.40163
-3.40164
-3.40224
-3.40299
-3.40238
-3.40208
-3.40298
-3.40238
-3.40208
-3.40163
-3.40178
-3.40254
-3.40118
-3.40058
-3.40042
-3.40103
-3.40118
-3.40148
-3.40194
-3.40103
-3.40072
-3.40072
-3.40057
-3.40012
-3.39876
-3.39861
-3.3977
-3.3974
-3.39709
-3.39724
-3.39755
-3.3983
-3.3983
-3.3983
-3.39725
-3.39785
-3.39816
-3.39982
-3.40073
-3.40133
-3.40163
-3.4036
-3.40314
-3.40268
-3.40329
-3.40328
-3.40223
-3.40178
-3.40148
-3.40148
-3.40073
-3.40012
-3.39937
-3.39907
-3.39952
-3.39922
-3.39997
-3.39967
-3.39951
-3.39891
-3.39951
-3.39891
-3.39997
-3.40057
-3.40073
-3.40012
-3.40028
-3.39997
-3.39937
-3.39922
-3.39891
-3.39891
-3.39876
-3.398
-3.39816
-3.39831
-3.39785
-3.39695
-3.39785
-3.39801
-3.3974
-3.39816
-3.39877
-3.39741
-3.39741
-3.3968
-3.39665
-3.3971
-3.3971
-3.39665
-3.39649
-3.39725
-3.3974
-3.3971
-3.39801
-3.39892
-3.39892
-3.39997
-3.39997
-3.40088
-3.40118
-3.40057
-3.40012
-3.40118
-3.40103
-3.40118
-3.40027
-3.40012
-3.40088
-3.39937
-3.39921
-3.39951
-3.40012
-3.40012
-3.40087
-3.40073
-3.39997
-3.39906
-3.40042
-3.39981
-3.39906
-3.39876
-3.39937
-3.39997
-3.39907
-3.39891
-3.39952
-3.39936
-3.39906
-3.39815
-3.3986
-3.3983
-3.3983
-3.39875
-3.39876
-3.39891
-3.39997
-3.40027
-3.39997
-3.40073
-3.40042
-3.40012
-3.40057
-3.40042
-3.40148
-3.40133
-3.40117
-3.40223
-3.40102
-3.40087
-3.40193
-3.40163
-3.40102
-3.40011
-3.39936
-3.39936
-3.40042
-3.40102
-3.40133
-3.40148
-3.40088
-3.40103
-3.40133
-3.40208
-3.40193
-3.40193
-3.40087
-3.40102
-3.40102
-3.40011
-3.39966
-3.3989
-3.39875
-3.3983
-3.3974
-3.3974
-3.3977
-3.39906
-3.39921
-3.39906
-3.3977
-3.3965
-3.39755
-3.39664
-3.39619
-3.39543
-3.39558
-3.39679
-3.39754
-3.3977
-3.39694
-3.39679
-3.398
-3.398
-3.39785
-3.39785
-3.3977
-3.39724
-3.39649
-3.3974
-3.39665
-3.39665
-3.39665
-3.3968
-3.39634
-3.39634
-3.39589
-3.39679
-3.39724
-3.398
-3.39785
-3.39725
-3.3974
-3.39755
-3.39861
-3.39816
-3.39891
-3.3977
-3.3977
-3.39815
-3.39754
-3.39739
-3.39754
-3.39694
-3.39755
-3.39694
-3.39664
-3.39664
-3.39649
-3.39604
-3.39559
-3.39514
-3.39453
-3.39499
-3.39514
-3.39529
-3.39498
-3.39377
-3.39453
-3.39407
-3.39407
-3.39377
-3.39483
-3.39498
-3.39543
-3.39604
-3.39574
-3.39498
-3.39529
-3.39635
-3.39755
-3.39725
-3.3968
-3.3968
-3.39695
-3.3971
-3.39665
-3.3968
-3.3965
-3.39529
-3.39574
-3.39544
-3.39756
-3.39801
-3.39817
-3.39832
-3.39998
-3.40012
-3.39997
-3.40012
-3.39981
-3.40027
-3.40027
-3.40042
-3.40028
-3.39997
-3.40073
-3.39997
-3.40058
-3.40013
-3.40103
-3.40149
-3.40179
-3.40149
-3.403
-3.40405
-3.40345
-3.40299
-3.40314
-3.40435
-3.40435
-3.40481
-3.40391
-3.40436
-3.40391
-3.40376
-3.40315
-3.403
-3.40164
-3.4027
-3.4024
-3.40089
-3.40134
-3.40194
-3.40104
-3.40088
-3.40073
-3.40148
-3.40179
-3.40058
-3.40043
-3.40043
-3.39892
-3.39907
-3.39922
-3.39892
-3.39953
-3.39877
-3.39892
-3.39862
-3.39846
-3.39862
-3.39907
-3.39756
-3.39711
-3.39757
-3.39726
-3.39696
-3.39711
-3.39665
-3.39635
-3.39634
-3.39634
-3.39634
-3.3962
-3.39695
-3.39786
-3.3968
-3.3971
-3.39725
-3.39831
-3.39756
-3.39771
-3.39756
-3.39741
-3.39816
-3.39846
-3.39801
-3.3977
-3.39649
-3.39665
-3.3968
-3.39665
-3.3971
-3.39695
-3.3971
-3.39921
-3.39952
-3.39846
-3.39846
-3.39831
-3.39786
-3.39831
-3.39817
-3.39877
-3.39923
-3.40044
-3.39968
-3.40058
-3.39983
-3.39937
-3.39876
-3.39892
-3.39937
-3.39832
-3.39862
-3.39802
-3.39817
-3.39817
-3.39831
-3.39877
-3.39861
-3.39892
-3.39952
-3.39967
-3.39877
-3.39922
-3.39847
-3.39771
-3.39741
-3.39847
-3.39846
-3.39741
-3.39726
-3.39696
-3.39696
-3.39741
-3.39772
-3.39802
-3.39817
-3.39862
-3.39862
-3.39922
-3.39952
-3.39906
-3.39861
-3.39847
-3.39787
-3.39817
-3.39772
-3.39802
-3.39802
-3.39832
-3.39816
-3.39831
-3.39861
-3.39801
-3.39861
-3.39816
-3.39922
-3.39907
-3.39862
-3.39983
-3.39968
-3.39952
-3.39952
-3.40028
-3.40073
-3.40103
-3.40073
-3.40103
-3.40269
-3.4039
-3.40406
-3.40497
-3.40391
-3.40391
-3.40331
-3.4033
-3.40361
-3.40375
-3.40375
-3.40254
-3.40254
-3.40254
-3.403
-3.4033
-3.40376
-3.40421
-3.40361
-3.4027
-3.40285
-3.40285
-3.40375
-3.40375
-3.40284
-3.40254
-3.403
-3.4036
-3.40315
-3.40164
-3.40043
-3.40088
-3.40134
-3.40269
-3.40194
-3.40285
-3.4024
-3.40255
-3.4024
-3.40225
-3.40179
-3.40103
-3.40179
-3.40179
-3.40224
-3.40194
-3.40209
-3.40209
-3.4024
-3.40194
-3.40164
-3.40149
-3.40028
-3.40118
-3.40088
-3.40088
-3.40269
-3.40315
-3.40406
-3.4033
-3.40391
-3.4027
-3.403
-3.40436
-3.40421
-3.40376
-3.4036
-3.40391
-3.4033
-3.40255
-3.40179
-3.40285
-3.40224
-3.40179
-3.40164
-3.40194
-3.40179
-3.40209
-3.40134
-3.39998
-3.39952
-3.39952
-3.39967
-3.39997
-3.40058
-3.40134
-3.40088
-3.40058
-3.40103
-3.40058
-3.40013
-3.40059
-3.40029
-3.40089
-3.40044
-3.39983
-3.40104
-3.40058
-3.39967
-3.40073
-3.40058
-3.40013
-3.40089
-3.40134
-3.40074
-3.40104
-3.40104
-3.40209
-3.40103
-3.40028
-3.39937
-3.39862
-3.39937
-3.39923
-3.39938
-3.39983
-3.39998
-3.39922
-3.39922
-3.39892
-3.39953
-3.39862
-3.39771
-3.39907
-3.39892
-3.39862
-3.39877
-3.39801
-3.39711
-3.39771
-3.39847
-3.39862
-3.39787
-3.39741
-3.39772
-3.39742
-3.39772
-3.39787
-3.39802
-3.39817
-3.39817
-3.39877
-3.39832
-3.39862
-3.39862
-3.39907
-3.39892
-3.39892
-3.40013
-3.40028
-3.39908
-3.39757
-3.39711
-3.39711
-3.39757
-3.39772
-3.39727
-3.39727
-3.39847
-3.39787
-3.39817
-3.39786
-3.39756
-3.39771
-3.39817
-3.39907
-3.39953
-3.39892
-3.39832
-3.39908
-3.40013
-3.39983
-3.39938
-3.39938
-3.39907
-3.40058
-3.40013
-3.40043
-3.40059
-3.39923
-3.39878
-3.39908
-3.39938
-3.39953
-3.39953
-3.39923
-3.39908
-3.39863
-3.39938
-3.39938
-3.39984
-3.40029
-3.40089
-3.40089
-3.40089
-3.40149
-3.40149
-3.40104
-3.40044
-3.40119
-3.40089
-3.40059
-3.39984
-3.39938
-3.39999
-3.39953
-3.39908
-3.39968
-3.39923
-3.39878
-3.39802
-3.39666
-3.39621
-3.39606
-3.39485
-3.39591
-3.39621
-3.39575
-3.3959
-3.39606
-3.39591
-3.395
-3.3953
-3.39531
-3.39501
-3.3941
-3.39531
-3.39501
-3.39546
-3.39471
-3.39607
-3.39621
-3.39606
-3.39455
-3.39485
-3.3947
-3.39621
-3.39561
-3.39546
-3.39561
-3.39576
-3.3947
-3.39485
-3.395
-3.3953
-3.39485
-3.39455
-3.3947
-3.3941
-3.3938
-3.3941
-3.3944
-3.39501
-3.39425
-3.39471
-3.39561
-3.39516
-3.39577
-3.39607
-3.39622
-3.39591
-3.39621
-3.39666
-3.39712
-3.39667
-3.39682
-3.39622
-3.39712
-3.39697
-3.39622
-3.39667
-3.39667
-3.39697
-3.39787
-3.39833
-3.39878
-3.39969
-3.39954
-3.39938
-3.39953
-3.39969
-3.40014
-3.40074
-3.39984
-3.39984
-3.39969
-3.40074
-3.40014
-3.39984
-3.39954
-3.39969
-3.39954
-3.39969
-3.39969
-3.40014
-3.39984
-3.39969
-3.39894
-3.39879
-3.39864
-3.39879
-3.39909
-3.39939
-3.39984
-3.39923
-3.39908
-3.39923
-3.39893
-3.39893
-3.39833
-3.39803
-3.39833
-3.39863
-3.39893
-3.39969
-3.39984
-3.40044
-3.40045
-3.4006
-3.39924
-3.40044
-3.40105
-3.4015
-3.40195
-3.40105
-3.40105
-3.40105
-3.40181
-3.40166
-3.4015
-3.40211
-3.40165
-3.40271
-3.40286
-3.40331
-3.40316
-3.40346
-3.40361
-3.40437
-3.40422
-3.40316
-3.40316
-3.40271
-3.40226
-3.40105
-3.40045
-3.40105
-3.4015
-3.4018
-3.40241
-3.40316
-3.40256
-3.40211
-3.40165
-3.40075
-3.39999
-3.39999
-3.39968
-3.39938
-3.39938
-3.39954
-3.39954
-3.39938
-3.40029
-3.39969
-3.39984
-3.39999
-3.40029
-3.39984
-3.39969
-3.39953
-3.40044
-3.39998
-3.40014
-3.39999
-3.39938
-3.39848
-3.39908
-3.39924
-3.39863
-3.39833
-3.39803
-3.39863
-3.39954
-3.39878
-3.39817
-3.39893
-3.39938
-3.40014
-3.39984
-3.39924
-3.4012
-3.40074
-3.40089
-3.40044
-3.40225
-3.40195
-3.4021
-3.4021
-3.40105
-3.40029
-3.39999
-3.39969
-3.40029
-3.39954
-3.39969
-3.40165
-3.4015
-3.40271
-3.40211
-3.40165
-3.4009
-3.40059
-3.4015
-3.40105
-3.40075
-3.40015
-3.4006
-3.4012
-3.40256
-3.4021
-3.40271
-3.40226
-3.40241
-3.40196
-3.4015
-3.4009
-3.40135
-3.4015
-3.40256
-3.40271
-3.4024
-3.40241
-3.40271
-3.40165
-3.40302
-3.40332
-3.40362
-3.40393
-3.40332
-3.40196
-3.40166
-3.40014
-3.40075
-3.40075
-3.40105
-3.40105
-3.40135
-3.40165
-3.4015
-3.4018
-3.40211
-3.40135
-3.40135
-3.40165
-3.40195
-3.40104
-3.40135
-3.4018
-3.40165
-3.40166
-3.40196
-3.40181
-3.40165
-3.40105
-3.4012
-3.40226
-3.4018
-3.40165
-3.40195
-3.40271
-3.40195
-3.4018
-3.40044
-3.39984
-3.39924
-3.39924
-3.39848
-3.39939
-3.39818
-3.39772
-3.39697
-3.39757
-3.39712
-3.39727
-3.39742
-3.39757
-3.39773
-3.39727
-3.39742
-3.39772
-3.39667
-3.39636
-3.39726
-3.39651
-3.39726
-3.39802
-3.39923
-3.39969
-3.39803
-3.39848
-3.39848
-3.39803
-3.39743
-3.39788
-3.39788
-3.39773
-3.39712
-3.39773
-3.39803
-3.39742
-3.39591
-3.39531
-3.3947
-3.39516
-3.39591
-3.39576
-3.39606
-3.39561
-3.39561
-3.39607
-3.39637
-3.39713
-3.39773
-3.39622
-3.39622
-3.39667
-3.39591
-3.39637
-3.39773
-3.39743
-3.39788
-3.39712
-3.39697
-3.39652
-3.39682
-3.39757
-3.39863
-3.39954
-3.39984
-3.39985
-3.3994
-3.39819
-3.39773
-3.39728
-3.39848
-3.39802
-3.39817
-3.39908
-3.39968
-3.39863
-3.39772
-3.39727
-3.39727
-3.39682
-3.39848
-3.39939
-3.39909
-3.39833
-3.39803
-3.39697
-3.39697
-3.39757
-3.39712
-3.39818
-3.39893
-3.39938
-3.39953
-3.39969
-3.39999
-3.40059
-3.4018
-3.40135
-3.40075
-3.40075
-3.4006
-3.4012
-3.40151
-3.40151
-3.40166
-3.40165
-3.40226
-3.4018
-3.4015
-3.40059
-3.39999
-3.40014
-3.39999
-3.40014
-3.39939
-3.4009
-3.40181
-3.40151
-3.40181
-3.40181
-3.40347
-3.40317
-3.40332
-3.40347
-3.40332
-3.40317
-3.40286
-3.40165
-3.4015
-3.40256
-3.40301
-3.40241
-3.40105
-3.40029
-3.39939
-3.39924
-3.39939
-3.39939
-3.39939
-3.39954
-3.39969
-3.40029
-3.4009
-3.40195
-3.40301
-3.40241
-3.40347
-3.40332
-3.40317
-3.40256
-3.40392
-3.40302
-3.40287
-3.40181
-3.40135
-3.40135
-3.40165
-3.40195
-3.4021
-3.40286
-3.40301
-3.40286
-3.40211
-3.4018
-3.40165
-3.40135
-3.4012
-3.4012
-3.40151
-3.40211
-3.40105
-3.40105
-3.40059
-3.40059
-3.39954
-3.39999
-3.39999
-3.39984
-3.39999
-3.40045
-3.39909
-3.39863
-3.39803
-3.39802
-3.39833
-3.39893
-3.39938
-3.39908
-3.39894
-3.39758
-3.39834
-3.39879
-3.39954
-3.39908
-3.39968
-3.40044
-3.40014
-3.40044
-3.4006
-3.40196
-3.4015
-3.4006
-3.40029
-3.4006
-3.4018
-3.40226
-3.40165
-3.4012
-3.40166
-3.40241
-3.40166
-3.4012
-3.40105
-3.40075
-3.40075
-3.4006
-3.4006
-3.39924
-3.39894
-3.39863
-3.39773
-3.39742
-3.39667
-3.39637
-3.39591
-3.39697
-3.39818
-3.39712
-3.39863
-3.39908
-3.39848
-3.39969
-3.39908
-3.39802
-3.39757
-3.39788
-3.39727
-3.39728
-3.39698
-3.39803
-3.39803
-3.39834
-3.39925
-3.40045
-3.40015
-3.4009
-3.40136
-3.4006
-3.39939
-3.40059
-3.39969
-3.39938
-3.39969
-3.39984
-3.4003
-3.40105
-3.4003
-3.40015
-3.40045
-3.39985
-3.39864
-3.39788
-3.39833
-3.39863
-3.39894
-3.39924
-3.39894
-3.39818
-3.39879
-3.39864
-3.39939
-3.39954
-3.39999
-3.39923
-3.40029
-3.4006
-3.40075
-3.40135
-3.40075
-3.4009
-3.40075
-3.40135
-3.4006
-3.4006
-3.4015
-3.4003
-3.4006
-3.4009
-3.4
-3.39924
-3.39833
-3.39773
-3.39697
-3.39576
-3.39682
-3.39757
-3.39697
-3.39682
-3.39682
-3.39682
-3.39743
-3.39743
-3.39773
-3.39849
-3.39819
-3.39758
-3.39743
-3.39743
-3.39773
-3.39833
-3.39773
-3.39788
-3.39727
-3.39697
-3.39697
-3.39698
-3.39653
-3.39789
-3.39789
-3.39924
-3.39879
-3.39924
-3.39833
-3.39788
-3.39894
-3.39864
-3.39924
-3.39924
-3.39984
-3.39999
-3.39984
-3.39909
-3.39848
-3.39864
-3.39879
-3.39758
-3.39758
-3.39698
-3.39622
-3.39698
-3.39834
-3.39834
-3.39864
-3.39879
-3.39803
-3.39863
-3.39788
-3.39833
-3.39848
-3.39999
-3.39909
-3.39864
-3.39743
-3.39713
-3.39683
-3.39713
-3.39773
-3.39713
-3.39803
-3.39758
-3.39683
-3.39637
-3.39683
-3.39728
-3.39743
-3.39667
-3.39833
-3.39742
-3.39712
-3.39758
-3.39743
-3.39924
-3.39985
-3.3997
-3.39924
-3.39924
-3.39833
-3.39849
-3.39894
-3.39909
-3.39894
-3.39924
-3.39879
-3.39985
-3.40015
-3.4003
-3.4009
-3.4009
-3.40044
-3.40059
-3.40135
-3.40059
-3.40105
-3.40105
-3.4003
-3.4006
-3.40151
-3.40121
-3.40121
-3.40136
-3.40317
-3.40271
-3.40241
-3.40346
-3.40286
-3.40331
-3.40195
-3.4015
-3.4006
-3.4006
-3.4003
-3.39999
-3.39954
-3.4009
-3.40044
-3.40029
-3.40105
-3.40059
-3.40089
-3.40059
-3.40089
-3.40134
-3.4021
-3.40149
-3.4024
-3.4021
-3.40195
-3.40165
-3.40135
-3.40029
-3.39939
-3.39923
-3.39984
-3.40165
-3.40105
-3.40105
-3.40211
-3.40181
-3.40165
-3.40241
-3.4009
-3.40089
-3.39968
-3.39982
-3.40013
-3.40028
-3.40089
-3.40059
-3.4015
-3.40135
-3.40105
-3.40045
-3.39969
-3.39999
-3.4012
-3.4012
-3.40165
-3.40165
-3.40165
-3.40135
-3.4018
-3.40134
-3.4018
-3.4018
-3.40089
-3.40014
-3.40014
-3.39863
-3.39908
-3.39833
-3.39938
-3.39893
-3.39968
-3.39998
-3.40013
-3.40044
-3.40029
-3.40014
-3.39893
-3.39803
-3.39863
-3.39788
-3.39606
-3.39757
-3.39727
-3.39742
-3.39757
-3.39818
-3.39712
-3.39666
-3.39681
-3.39682
-3.39666
-3.39591
-3.39576
-3.39667
-3.39682
-3.39757
-3.39803
-3.39758
-3.39758
-3.39788
-3.39818
-3.39742
-3.39802
-3.39893
-3.39908
-3.39909
-3.39894
-3.39984
-3.39939
-3.39924
-3.40029
-3.39984
-3.40074
-3.40044
-3.40119
-3.40149
-3.40013
-3.40014
-3.39953
-3.39969
-3.39909
-3.39924
-3.39985
-3.39969
-3.39924
-3.39924
-3.39893
-3.39893
-3.39893
-3.39923
-3.39968
-3.39938
-3.39923
-3.39968
-3.40014
-3.39908
-3.39938
-3.39924
-3.39848
-3.39863
-3.39788
-3.39787
-3.39757
-3.39787
-3.39726
-3.39772
-3.39696
-3.39681
-3.39697
-3.39817
-3.39787
-3.39878
-3.39878
-3.39863
-3.39848
-3.39833
-3.39893
-3.39893
-3.39787
-3.39893
-3.39984
-3.40105
-3.40029
-3.39938
-3.39787
-3.39742
-3.39787
-3.39802
-3.39848
-3.39953
-3.39984
-3.40029
-3.4009
-3.40014
-3.40105
-3.40044
-3.40089
-3.40119
-3.40029
-3.39983
-3.40044
-3.40074
-3.39968
-3.39908
-3.39772
-3.39818
-3.39818
-3.39697
-3.39802
-3.39878
-3.39893
-3.39908
-3.39923
-3.39877
-3.39878
-3.39788
-3.39788
-3.39849
-3.39909
-3.40014
-3.40029
-3.40014
-3.40014
-3.39999
-3.4012
-3.4018
-3.40165
-3.40135
-3.40166
-3.40332
-3.40272
-3.40271
-3.40135
-3.40196
-3.40196
-3.40256
-3.40226
-3.40196
-3.4015
-3.40135
-3.40225
-3.40346
-3.403
-3.4027
-3.40225
-3.40301
-3.40332
-3.40241
-3.40181
-3.40181
-3.40226
-3.40165
-3.40165
-3.4018
-3.4021
-3.40105
-3.40105
-3.39984
-3.40044
-3.39999
-3.39939
-3.39954
-3.40029
-3.40029
-3.39954
-3.39893
-3.39969
-3.39954
-3.39954
-3.39939
-3.39939
-3.39969
-3.39802
-3.39742
-3.39803
-3.39909
-3.39894
-3.39893
-3.39954
-3.40014
-3.40014
-3.39954
-3.40044
-3.4012
-3.40211
-3.39984
-3.39969
-3.39924
-3.39908
-3.39818
-3.39848
-3.39863
-3.39939
-3.39999
-3.39954
-3.39984
-3.39999
-3.40029
-3.40195
-3.40059
-3.40029
-3.4009
-3.40029
-3.39939
-3.39878
-3.39758
-3.39697
-3.39652
-3.39712
-3.39697
-3.39712
-3.39848
-3.39848
-3.39773
-3.39712
-3.39682
-3.39637
-3.39591
-3.39561
-3.39621
-3.39742
-3.39742
-3.39727
-3.39758
-3.39758
-3.39728
-3.39667
-3.39712
-3.39667
-3.39666
-3.39681
-3.39606
-3.39636
-3.39561
-3.39562
-3.39517
-3.39562
-3.39547
-3.39561
-3.39455
-3.39515
-3.39636
-3.39576
-3.39636
-3.39606
-3.39531
-3.39546
-3.39501
-3.39425
-3.39621
-3.39621
-3.39727
-3.39742
-3.39667
-3.39773
-3.39773
-3.39622
-3.39637
-3.39667
-3.39621
-3.39651
-3.39667
-3.39682
-3.39666
-3.39772
-3.39802
-3.39848
-3.39908
-3.39878
-3.39878
-3.39939
-3.39848
-3.39832
-3.39817
-3.39878
-3.39923
-3.39923
-3.39969
-3.40014
-3.39984
-3.39999
-3.39969
-3.39954
-3.39939
-3.39908
-3.39999
-3.39999
-3.39984
-3.39908
-3.39939
-3.39803
-3.39742
-3.39787
-3.39772
-3.39863
-3.39803
-3.39833
-3.39848
-3.39909
-3.39939
-3.39893
-3.39757
-3.39697
-3.39712
-3.39651
-3.39637
-3.39652
-3.39561
-3.39576
-3.39591
-3.39727
-3.39788
-3.39757
-3.39682
-3.39667
-3.39621
-3.39667
-3.39606
-3.39501
-3.3941
-3.39546
-3.39622
-3.39561
-3.39591
-3.39606
-3.3959
-3.39575
-3.39591
-3.39667
-3.39712
-3.39728
-3.39652
-3.39758
-3.39954
-3.39908
-3.39833
-3.39908
-3.39984
-3.39969
-3.39893
-3.39984
-3.39999
-3.40059
-3.39999
-3.39984
-3.39923
-3.39893
-3.39863
-3.39848
-3.39848
-3.39772
-3.39757
-3.39878
-3.39923
-3.39848
-3.40104
-3.40104
-3.40195
-3.40135
-3.4012
-3.40135
-3.4021
-3.4018
-3.40165
-3.40135
-3.40135
-3.40165
-3.40225
-3.4018
-3.40301
-3.40105
-3.40045
-3.40045
-3.4006
-3.39984
-3.40029
-3.40029
-3.39953
-3.39953
-3.39969
-3.39848
-3.39863
-3.39999
-3.40014
-3.40059
-3.40059
-3.40029
-3.40044
-3.40014
-3.40059
-3.4009
-3.4015
-3.40105
-3.40135
-3.40045
-3.40136
-3.4012
-3.4009
-3.4012
-3.4012
-3.4015
-3.40104
-3.40195
-3.4027
-3.40195
-3.4018
-3.40165
-3.40059
-3.39969
-3.39999
-3.4015
-3.40105
-3.40211
-3.40166
-3.40075
-3.40121
-3.40166
-3.4006
-3.40044
-3.40014
-3.40014
-3.39953
-3.39938
-3.39938
-3.39878
-3.39803
-3.39818
-3.39742
-3.39727
-3.39727
-3.39893
-3.39878
-3.39939
-3.40029
-3.40014
-3.39999
-3.4006
-3.39999
-3.39999
-3.40014
-3.40014
-3.4015
-3.40074
-3.40089
-3.40089
-3.40135
-3.4012
-3.4015
-3.40256
-3.40211
-3.40241
-3.40166
-3.40135
-3.4009
-3.40135
-3.40195
-3.40135
-3.40165
-3.4006
-3.40045
-3.39999
-3.39924
-3.39864
-3.39894
-3.39848
-3.39848
-3.39969
-3.39893
-3.39863
-3.39727
-3.39727
-3.39848
-3.39909
-3.39909
-3.39924
-3.39954
-3.39833
-3.39848
-3.39954
-3.39969
-3.39969
-3.40014
-3.40074
-3.40165
-3.40105
-3.40105
-3.40136
-3.40106
-3.40121
-3.39955
-3.39955
-3.39864
-3.39864
-3.39833
-3.39894
-3.39924
-3.39878
-3.39818
-3.39818
-3.39788
-3.39833
-3.39939
-3.39833
-3.39848
-3.39803
-3.39803
-3.39773
-3.39939
-3.39863
-3.39878
-3.39939
-3.39999
-3.39999
-3.39999
-3.40075
-3.39999
-3.39939
-3.39924
-3.40029
-3.4006
-3.4012
-3.40196
-3.4015
-3.40211
-3.4015
-3.4006
-3.4012
-3.4012
-3.40196
-3.40316
-3.40256
-3.40346
-3.40271
-3.40256
-3.40226
-3.40316
-3.40422
-3.40347
-3.40407
-3.40347
-3.40211
-3.40165
-3.40241
-3.40241
-3.40271
-3.4018
-3.40226
-3.40211
-3.40075
-3.4006
-3.4009
-3.40166
-3.40136
-3.40227
-3.40211
-3.40256
-3.4018
-3.40225
-3.4021
-3.40211
-3.40105
-3.40151
-3.40257
-3.40181
-3.40242
-3.40257
-3.40272
-3.40363
-3.40362
-3.40241
-3.4021
-3.40225
-3.40271
-3.40316
-3.40377
-3.40302
-3.40408
-3.40332
-3.40242
-3.40181
-3.40196
-3.40211
-3.4012
-3.40105
-3.4015
-3.40181
-3.40241
-3.40256
-3.40286
-3.40241
-3.40362
-3.40347
-3.40407
-3.40347
-3.40467
-3.40452
-3.40422
-3.40362
-3.40407
-3.40347
-3.40271
-3.40256
-3.40286
-3.40347
-3.40392
-3.40347
-3.40317
-3.40287
-3.40272
-3.40257
-3.40378
-3.40347
-3.40287
-3.40211
-3.40286
-3.40241
-3.4018
-3.4012
-3.40165
-3.4012
-3.40075
-3.40241
-3.40181
-3.40181
-3.40226
-3.40241
-3.40241
-3.40362
-3.40362
-3.40316
-3.40377
-3.40271
-3.40316
-3.40286
-3.40241
-3.40181
-3.4012
-3.40271
-3.40302
-3.40332
-3.40393
-3.40468
-3.40377
-3.40453
-3.40467
-3.40482
-3.40452
-3.40361
-3.40301
-3.40226
-3.40181
-3.40241
-3.40241
-3.40105
-3.4
-3.4
-3.39879
-3.39833
-3.39909
-3.39848
-3.39909
-3.39954
-3.39924
-3.4003
-3.40045
-3.40165
-3.4015
-3.4015
-3.4015
-3.40271
-3.40226
-3.40211
-3.40211
-3.40256
-3.40302
-3.40407
-3.40453
-3.40453
-3.40513
-3.40543
-3.40528
-3.40634
-3.40664
-3.40679
-3.4074
-3.40815
-3.4083
-3.4077
-3.408
-3.40755
-3.40891
-3.4086
-3.40861
-3.40845
-3.4083
-3.40906
-3.40936
-3.40982
-3.40936
-3.40951
-3.41087
-3.40997
-3.40997
-3.40966
-3.40906
-3.40891
-3.408
-3.40815
-3.408
-3.408
-3.40679
-3.40664
-3.40573
-3.40695
-3.40574
-3.40543
-3.40498
-3.40513
-3.40498
-3.40468
-3.40513
-3.40438
-3.40377
-3.40347
-3.40347
-3.40377
-3.40453
-3.40407
-3.40453
-3.40422
-3.40498
-3.40483
-3.40423
-3.40513
-3.40453
-3.40422
-3.40453
-3.40347
-3.40211
-3.4012
-3.40241
-3.4012
-3.40045
-3.40045
-3.39924
-3.39878
-3.39954
-3.39954
-3.39939
-3.39969
-3.39999
-3.39999
-3.40075
-3.40045
-3.40045
-3.4006
-3.40106
-3.40106
-3.40136
-3.40106
-3.4003
-3.4003
-3.4006
-3.40075
-3.40075
-3.40166
-3.4006
-3.4003
-3.40076
-3.40091
-3.3991
-3.4003
-3.39894
-3.4
-3.39955
-3.3991
-3.39895
-3.39894
-3.39879
-3.39909
-3.3994
-3.3997
-3.39894
-3.3991
-3.39925
-3.3994
-3.3997
-3.39954
-3.40045
-3.39969
-3.39879
-3.39879
-3.39788
-3.39743
-3.39683
-3.39637
-3.39562
-3.39562
-3.39532
-3.39592
-3.39652
-3.39516
-3.39577
-3.39547
-3.39547
-3.39547
-3.39577
-3.39637
-3.39803
-3.39894
-3.39985
-3.39955
-3.39924
-3.39879
-3.39864
-3.39894
-3.39909
-3.39879
-3.39849
-3.39924
-3.39803
-3.39698
-3.39698
-3.39683
-3.39698
-3.39698
-3.39744
-3.39623
-3.39592
-3.39637
-3.39562
-3.39562
-3.39713
-3.39683
-3.39622
-3.39577
-3.39683
-3.39682
-3.39682
-3.39622
-3.39682
-3.39667
-3.39561
-3.39622
-3.39637
-3.39622
-3.39834
-3.39789
-3.39728
-3.39864
-3.39864
-3.39834
-3.39834
-3.39834
-3.39879
-3.39894
-3.3994
-3.39879
-3.39894
-3.39924
-3.39939
-3.39894
-3.39954
-3.39969
-3.40045
-3.39954
-3.39924
-3.39924
-3.39743
-3.39607
-3.39773
-3.39728
-3.39743
-3.39803
-3.39773
-3.39683
-3.39622
-3.39652
-3.39652
-3.39667
-3.39682
-3.39712
-3.39864
-3.39864
-3.39879
-3.39773
-3.39743
-3.39682
-3.39682
-3.39667
-3.39697
-3.39606
-3.39637
-3.39592
-3.39667
-3.39592
-3.39501
-3.39411
-3.39441
-3.39486
-3.39531
-3.39501
-3.39531
-3.39606
-3.39606
-3.39637
-3.39576
-3.39531
-3.39486
-3.39486
-3.39471
-3.39426
-3.39486
-3.39576
-3.39455
-3.395
-3.39561
-3.39576
-3.39546
-3.39501
-3.39622
-3.39682
-3.39652
-3.39622
-3.39682
-3.39788
-3.39818
-3.39864
-3.39954
-3.39924
-3.39969
-3.39818
-3.39969
-3.39954
-3.39878
-3.39818
-3.39879
-3.39894
-3.39849
-3.39788
-3.39788
-3.39909
-3.39863
-3.39893
-3.39893
-3.39833
-3.39954
-3.39939
-3.39833
-3.39773
-3.39742
-3.39757
-3.39697
-3.39697
-3.39727
-3.39832
-3.39847
-3.39802
-3.39787
-3.39802
-3.39803
-3.39833
-3.39924
-3.39894
-3.39939
-3.3997
-3.4
-3.40151
-3.40105
-3.4012
-3.40165
-3.40074
-3.40013
-3.39998
-3.40029
-3.4
-3.39939
-3.39924
-3.39999
-3.39939
-3.39878
-3.39862
-3.39817
-3.39892
-3.39847
-3.39938
-3.39908
-3.39998
-3.39983
-3.40044
-3.40074
-3.39939
-3.39939
-3.4009
-3.40225
-3.4018
-3.4015
-3.40104
-3.40149
-3.40089
-3.40134
-3.40029
-3.40029
-3.40044
-3.40014
-3.40014
-3.40014
-3.39923
-3.40029
-3.40075
-3.40135
-3.4009
-3.40165
-3.4024
-3.40316
-3.40315
-3.4021
-3.40149
-3.4024
-3.40195
-3.40241
-3.40195
-3.40195
-3.4021
-3.40316
-3.4024
-3.40225
-3.40286
-3.40074
-3.40089
-3.40059
-3.40014
-3.40013
-3.39953
-3.40074
-3.40149
-3.4021
-3.40134
-3.4024
-3.4024
-3.40285
-3.40286
-3.40225
-3.40165
-3.4018
-3.4018
