1.09468
1.09674
1.09847
1.0997
1.10074
1.10255
1.10672
1.11512
1.12898
1.148
1.17021
1.19264
1.21206
1.22564
1.23148
1.22914
1.2198
1.20611
1.19128
1.17803
1.16752
1.15943
1.15251
1.14565
1.1384
1.13085
1.12333
1.11626
1.10997
1.10455
1.09963
1.09442
1.08819
1.0808
1.07285
1.06537
1.0593
1.05518
1.05316
1.05339
1.05615
1.06134
1.06794
1.07417
1.07864
1.08148
1.08439
1.0894
1.09742
1.10768
1.11849
1.12812
1.13538
1.13965
1.14083
1.13925
1.13552
1.13036
1.1243
1.11756
1.11013
1.10202
1.09361
1.08589
1.08027
1.0781
1.07998
1.08532
1.09245
1.09927
1.10394
1.10536
1.10342
1.09901
1.0938
1.08979
1.08866
1.09103
1.09626
1.10267
1.10827
1.11134
1.11069
1.10578
1.09664
1.08405
1.06948
1.05491
1.04259
1.03504
1.03481
1.04301
1.05771
1.07462
1.08975
1.1013
1.10941
1.11463
1.11677
1.11509
1.10926
1.10001
1.08885
1.0775
1.06735
1.0594
1.05436
1.05285
1.05525
1.06148
1.07083
1.08203
1.09347
1.10355
1.11086
1.11415
1.11242
1.10507
1.09238
1.07577
1.05727
1.03861
1.02044
1.00243
0.984178
0.966002
0.949163
0.9355
0.927106
0.926218
0.934937
0.954088
0.982112
1.01527
1.04899
1.07932
1.10355
1.12029
1.12944
1.13193
1.12961
1.12485
1.11997
1.11665
1.11566
1.11667
1.11851
1.11959
1.11844
1.1142
1.10685
1.09728
1.08698
1.07748
1.06999
1.06509
1.06286
1.06297
1.06488
1.06785
1.07093
1.07308
1.07328
1.07099
1.06666
1.062
1.0596
1.0618
1.06933
1.08083
1.09342
1.1041
1.11078
1.11289
1.11135
1.10814
1.10555
1.10525
1.10782
1.11268
1.11845
1.12348
1.12655
1.12741
1.1269
1.12671
1.12858
1.13345
1.14077
1.14869
1.15501
1.15822
1.15813
1.15571
1.1527
1.15085
1.15162
1.15604
1.16482
1.1782
1.19559
1.21537
1.23509
1.25196
1.26338
1.26736
1.26275
1.2493
1.22788
1.20057
1.17057
1.14181
1.11799
1.10145
1.09254
1.08975
1.09083
1.09409
1.09903
1.10598
1.11492
1.12448
1.13199
1.13465
1.13075
1.12047
1.10573
1.08975
1.07617
1.06804
1.06705
1.07308
1.0842
1.09729
1.10907
1.11707
1.12031
1.11944
1.11651
1.11448
1.11644
1.12443
1.13825
1.15516
1.17105
1.18221
1.18645
1.18337
1.17393
1.15983
1.14274
1.124
1.10467
1.08625
1.07136
1.06296
1.06224
1.06727
1.07446
1.08102
1.08605
1.09018
1.09446
1.09941
1.10438
1.10758
1.10683
1.10049
1.08817
1.07102
1.05147
1.03261
1.01748
1.00854
1.00735
1.01411
1.02715
1.04286
1.05681
1.06538
1.06681
1.06148
1.05157
1.0403
1.03086
1.02553
1.02544
1.03079
1.04112
1.05541
1.07197
1.08866
1.10329
1.11409
1.1199
1.1201
1.11467
1.10422
1.08998
1.07369
1.0575
1.04377
1.03463
1.03129
1.0335
1.03958
1.0471
1.05388
1.05902
1.06319
1.06814
1.07562
1.08627
1.09929
1.11285
1.12486
1.13366
1.13812
1.13769
1.13222
1.12195
1.10729
1.08889
1.06754
1.04428
1.02042
0.997485
0.977014
0.960251
0.948048
0.940868
0.938917
0.942232
0.950811
0.964734
0.984146
1.009
1.03864
1.07169
1.10618
1.13986
1.17051
1.19614
1.21516
1.22658
1.23012
1.22626
1.21622
1.2018
1.1852
1.16873
1.15454
1.14437
1.13937
1.13992
1.14544
1.15452
1.16517
1.17527
1.18299
1.18692
1.18611
1.18007
1.16894
1.15392
1.13743
1.12287
1.11329
1.10975
1.11077
1.11334
1.1145
1.11246
1.10677
1.09806
1.08763
1.07705
1.06768
1.0603
1.05496
1.05136
1.04965
1.05102
1.05693
1.06751
1.0809
1.09416
1.10471
1.11103
1.11243
1.10891
1.10102
1.08987
1.07697
1.06404
1.05264
1.04401
1.03897
1.03802
1.04127
1.04852
1.0593
1.07286
1.08809
1.10345
1.11722
1.12786
1.13437
1.13615
1.1329
1.12451
1.11123
1.09397
1.07442
1.05482
1.03746
1.02416
1.01603
1.01353
1.01676
1.02566
1.04001
1.05897
1.08074
1.10268
1.1218
1.13561
1.14264
1.14272
1.13677
1.12638
1.11338
1.09952
1.08632
1.07506
1.06678
1.06219
1.06143
1.06409
1.06931
1.07611
1.08375
1.09187
1.10027
1.10854
1.11603
1.12187
1.12534
1.12619
1.12477
1.12204
1.11918
1.11713
1.11616
1.11573
1.11482
1.11248
1.10819
1.10203
1.0944
1.08576
1.07653
1.06708
1.05786
1.04939
1.04239
1.03789
1.03725
1.04192
1.05249
1.06814
1.08679
1.10576
1.1226
1.13553
1.14366
1.14682
1.14533
1.14005
1.13244
1.12468
1.11923
1.11792
1.12106
1.12729
1.13431
1.13996
1.14302
1.14335
1.14153
1.1382
1.13358
1.12736
1.11907
1.10854
1.09621
1.08308
1.07051
1.05998
1.05277
1.04951
1.04999
1.05368
1.06046
1.07083
1.08539
1.10388
1.12473
1.14522
1.16243
1.17419
1.17963
1.17919
1.17419
1.16622
1.15676
1.14706
1.13813
1.13086
1.12597
1.12366
1.12343
1.12397
1.12371
1.12146
1.11693
1.11053
1.10302
1.09474
1.08566
1.07627
1.06841
1.06488
1.0677
1.07648
1.08823
1.09879
1.10471
1.10457
1.0992
1.09118
1.08377
1.07973
1.0804
1.08566
1.09457
1.10584
1.11771
1.12807
1.13499
1.13733
1.13464
1.12679
1.11379
1.09624
1.07628
1.0581
1.04687
1.04615
1.05586
1.07271
1.09187
1.10858
1.11968
1.12469
1.1255
1.12465
1.12355
1.12206
1.11951
1.11556
1.11033
1.10413
1.0972
1.0897
1.08208
1.07529
1.07069
1.06956
1.07253
1.07938
1.08937
1.10188
1.11682
1.13402
1.15204
1.16756
1.17666
1.17668
1.16731
1.15033
1.12878
1.10598
1.08479
1.06707
1.05347
1.04363
1.03658
1.03119
1.02659
1.02241
1.01885
1.01634
1.01523
1.01567
1.01787
1.02232
1.02947
1.03927
1.05083
1.06274
1.0736
1.08253
1.08936
1.09441
1.09792
1.09979
1.09982
1.09808
1.09492
1.09066
1.08538
1.07893
1.07128
1.06282
1.05441
1.0472
1.04224
1.04019
1.04113
1.04468
1.05008
1.05644
1.06273
1.06803
1.07165
1.07351
1.07439
1.07604
1.08081
1.09071
1.10631
1.12618
1.1474
1.16688
1.18241
1.19312
1.19919
1.20122
1.19963
1.19444
1.18545
1.17248
1.15556
1.13503
1.11156
1.08635
1.06123
1.03849
1.02016
1.00704
0.998671
0.994213
0.993336
0.99615
1.00268
1.01247
1.02456
1.03768
1.05057
1.06227
1.07232
1.08087
1.08852
1.09614
1.10453
1.11412
1.1246
1.13486
1.14322
1.14788
1.14749
1.14165
1.13124
1.11842
1.1064
1.09863
1.09786
1.10511
1.1194
1.13803
1.15743
1.17411
1.1853
1.1892
1.18519
1.17409
1.15839
1.14188
1.12811
1.11865
1.11292
1.10949
1.10723
1.10566
1.10486
1.10515
1.10649
1.10796
1.10792
1.10474
1.09792
1.08845
1.07815
1.06837
1.0592
1.04988
1.03968
1.02833
1.01624
1.00444
0.994448
0.987803
0.985779
0.989179
0.998108
1.01181
1.02871
1.04679
1.06419
1.07954
1.09214
1.10191
1.10916
1.11425
1.11718
1.11744
1.11414
1.10638
1.09378
1.07655
1.05558
1.03233
1.00893
0.988179
0.973291
0.966991
0.970429
0.982755
1.0017
1.02455
1.04887
1.07274
1.09496
1.115
1.13289
1.14888
1.16298
1.17488
1.18408
1.19024
1.1932
1.1931
1.19023
1.18512
1.17851
1.17143
1.16496
1.15996
1.15671
1.1547
1.15285
1.14976
1.14415
1.1353
1.12331
1.10913
1.09443
1.08134
1.07224
1.06932
1.07399
1.08641
1.10514
1.12732
1.14933
1.16776
1.1805
1.18738
1.19005
1.19104
1.19238
1.19464
1.19704
1.19825
1.19733
1.19403
1.18883
1.18251
1.17596
1.17
1.16527
1.16203
1.16003
1.1584
1.15592
1.15135
1.14404
1.13408
1.12234
1.11004
1.09847
1.08879
1.08224
1.08009
1.08343
1.09258
1.10668
1.12375
1.14141
1.1575
1.17047
1.17928
1.18339
1.18271
1.17762
1.16888
1.15751
1.14448
1.13034
1.11521
1.09903
1.08217
1.06584
1.05199
1.04273
1.0393
1.04131
1.04692
1.05391
1.06086
1.0676
1.07474
1.08293
1.09227
1.10206
1.111
1.1175
1.11998
1.11723
1.10874
1.09502
1.0776
1.05858
1.0401
1.02415
1.01239
1.00545
1.00258
1.00231
1.00368
1.0067
1.0118
1.01882
1.02666
1.03385
1.03932
1.04279
1.04465
1.04558
1.04631
1.04752
1.04993
1.05427
1.06102
1.07024
1.08154
1.09416
1.10709
1.11917
1.12916
1.13575
1.13777
1.13431
1.12495
1.11007
1.09132
1.07177
1.05518
1.04455
1.04085
1.04326
1.0503
1.06073
1.07353
1.08745
1.10104
1.11319
1.12357
1.13248
1.14028
1.1468
1.15109
1.15175
1.14737
1.13699
1.12049
1.09857
1.07287
1.04588
1.02063
1.00017
0.986661
0.980726
0.98151
0.987398
0.996765
1.00817
1.02015
1.03115
1.03986
1.04581
1.04983
1.05377
1.05954
1.0681
1.07911
1.0912
1.10258
1.11145
1.11619
1.11553
1.10875
1.09598
1.07845
1.05869
1.04035
1.02759
1.024
1.03141
1.04919
1.07435
1.10253
1.12939
1.15172
1.16783
1.17735
1.18081
1.17908
1.17307
1.16353
1.15101
1.13615
1.11996
1.10397
1.0902
1.08079
1.07746
1.08088
1.09039
1.10395
1.11867
1.13158
1.1404
1.14392
1.14199
1.13522
1.12475
1.11187
1.09794
1.08416
1.0715
1.06068
1.05229
1.04701
1.04565
1.04862
1.05543
1.06451
1.07384
1.08198
1.08878
1.09514
1.10182
1.10846
1.11347
1.11514
1.11293
1.10778
1.10151
1.09572
1.091
1.08712
1.08367
1.08059
1.07812
1.07644
1.0754
1.07467
1.07407
1.07366
1.07375
1.0745
1.07565
1.07652
1.07634
1.07463
1.07131
1.06662
1.06074
1.05366
1.04521
1.03538
1.02468
1.01434
1.00611
1.00191
1.00328
1.01091
1.02441
1.04221
1.0619
1.08105
1.09788
1.11154
1.12192
1.1293
1.13415
1.13689
1.13792
1.13764
1.13665
1.13558
1.13497
1.13474
1.13373
1.13003
1.12188
1.10855
1.09101
1.07177
1.05428
1.0418
1.03637
1.03822
1.04586
1.05699
1.06934
1.08125
1.09147
1.09898
1.10324
1.10459
1.10404
1.10246
1.09977
1.09514
1.088
1.07879
1.06901
1.06067
1.05549
1.05426
1.05668
1.06152
1.06724
1.0726
1.07701
1.08058
1.08374
1.0868
1.08973
1.09201
1.09283
1.09166
1.08885
1.08582
1.08434
1.08524
1.08769
1.08996
1.09086
1.0906
1.09044
1.09134
1.09283
1.09326
1.0909
1.08508
1.07663
1.06757
1.0603
1.0564
1.05585
1.05722
1.05882
1.05972
1.0601
1.06079
1.06244
1.06485
1.06685
1.06676
1.06311
1.05548
1.04475
1.03299
1.02291
1.01753
1.0195
1.02974
1.04626
1.06501
1.08233
1.09628
1.10639
1.11277
1.11557
1.11479
1.11039
1.10253
1.09175
1.079
1.06571
1.05365
1.04485
1.04116
1.04368
1.05216
1.06499
1.07989
1.09479
1.10837
1.12005
1.12983
1.13807
1.14519
1.15152
1.1571
1.16169
1.165
1.16694
1.16765
1.16744
1.16663
1.16539
1.16358
1.16056
1.15503
1.14531
1.12979
1.10792
1.08136
1.05444
1.03269
1.01986
1.01641
1.02082
1.03114
1.04548
1.06183
1.07771
1.09017
1.09607
1.09333
1.08257
1.06821
1.05658
1.05146
1.05193
1.05505
1.05878
1.06236
1.06534
1.0673
1.06798
1.06757
1.06681
1.06664
1.06772
1.0702
1.0737
1.07743
1.08038
1.08167
1.08102
1.07903
1.07719
1.07749
1.08149
1.08935
1.09959
1.10968
1.11697
1.11945
1.11623
1.10775
1.09572
1.0829
1.07237
1.06666
1.06704
1.07344
1.08476
1.09934
1.11526
1.13069
1.14405
1.15421
1.16042
1.16233
1.1599
1.15364
1.14464
1.13428
1.12376
1.1137
1.10418
1.09489
1.08537
1.07518
1.06403
1.05188
1.03897
1.02583
1.0133
1.00233
0.99391
0.988812
0.987428
0.989916
0.996528
1.00749
1.02258
1.04053
1.05926
1.07657
1.09093
1.10164
1.10851
1.11153
1.11066
1.10594
1.09754
1.08584
1.07142
1.05528
1.03915
1.02587
1.01901
1.02157
1.03433
1.05523
1.08029
1.10537
1.12734
1.14427
1.1553
1.16023
1.15933
1.15333
1.14331
1.13073
1.1173
1.10483
1.09492
1.08869
1.08654
1.08806
1.09208
1.09691
1.10074
1.10214
1.10038
1.09559
1.0885
1.08015
1.07165
1.06406
1.05826
1.05474
1.05359
1.05465
1.0577
1.06257
1.06893
1.0763
1.08413
1.09197
1.09952
1.10658
1.11289
1.11811
1.12187
1.12386
1.12421
1.1238
1.12403
1.126
1.12992
1.13539
1.14216
1.15049
1.16052
1.17159
1.18209
1.19006
1.19401
1.19343
1.18863
1.18031
1.16905
1.15513
1.1388
1.12051
1.10123
1.08243
1.06574
1.05243
1.04287
1.03628
1.03143
1.02767
1.02581
1.02758
1.03371
1.04249
1.05071
1.05582
1.05725
1.05603
1.05379
1.05186
1.05085
1.05078
1.05145
1.05262
1.05425
1.05669
1.0605
1.06602
1.07311
1.08126
1.08983
1.09815
1.10547
1.1111
1.11461
1.11587
1.11491
1.11174
1.10637
1.09871
1.08871
1.07657
1.06283
1.04842
1.03463
1.02293
1.01481
1.01163
1.01427
1.02288
1.03649
1.05296
1.06945
1.08309
1.09167
1.09412
1.09072
1.08299
1.07339
1.06466
1.05923
1.05866
1.06341
1.07272
1.08475
1.09698
1.10701
1.11319
1.11503
1.11325
1.10928
1.10471
1.10079
1.09813
1.0967
1.09588
1.09467
1.09201
1.08716
1.08023
1.07245
1.0662
1.06425
1.06861
1.07935
1.09446
1.11111
1.12733
1.14258
1.15697
1.17034
1.18182
1.19017
1.19425
1.19355
1.18836
1.17975
1.16942
1.15931
1.15105
1.14561
1.1431
1.1429
1.14395
1.14506
1.14527
1.14409
1.14132
1.13678
1.13015
1.12141
1.11139
1.10187
1.09433
1.08888
1.08433
1.0793
1.07314
1.06616
1.05942
1.05448
1.05288
1.05541
1.06188
1.07131
1.08242
1.09398
1.105
1.11472
1.12269
1.12865
1.13249
1.13422
1.13405
1.13248
1.13036
1.12875
1.12868
1.13055
1.13376
1.13683
1.13796
1.13589
1.13041
1.12257
1.11428
1.10756
1.10373
1.10284
1.10384
1.10519
1.10572
1.105
1.10311
1.1004
1.09724
1.09403
1.09119
1.08902
1.08731
1.08512
1.0811
1.07431
1.06504
1.055
1.04698
1.04371
1.04636
1.05376
1.06292
1.07045
1.07386
1.07201
1.06503
1.05393
1.0402
1.02547
1.01129
0.999044
0.989904
0.984736
0.98394
0.987233
0.993676
1.00179
1.00985
1.01634
1.02042
1.02223
1.02309
1.02515
1.03089
1.04237
1.06049
1.08466
1.11284
1.14208
1.16939
1.19246
1.21016
1.22247
1.23
1.23336
1.23288
1.22863
1.22063
1.20894
1.1939
1.17621
1.15704
1.13785
1.12009
1.10488
1.09304
1.08518
1.08141
1.08082
1.0813
1.08053
1.07722
1.07167
1.06537
1.06009
1.05714
1.05708
1.05987
1.06518
1.07254
1.0815
1.09152
1.10197
1.11207
1.12107
1.12857
1.13486
1.1409
1.1478
1.15599
1.16486
1.173
1.17881
1.18109
1.17954
1.17476
1.16815
1.16118
1.15471
1.14862
1.14209
1.13426
1.12463
1.11331
1.10105
1.08912
1.07889
1.07136
1.06681
1.06486
1.06471
1.06558
1.06689
1.06837
1.06995
1.07164
1.07357
1.0763
1.081
1.08888
1.10039
1.1146
1.12945
1.14274
1.15273
1.15866
1.16072
1.15981
1.15685
1.15244
1.14676
1.13984
1.13158
1.12172
1.10978
1.0952
1.07751
1.05691
1.03452
1.01267
0.994539
0.9834
0.981412
0.988669
1.0032
1.02203
1.04228
1.06175
1.07907
1.09363
1.10549
1.11508
1.12284
1.12885
1.13269
1.13351
1.13025
1.12197
1.10846
1.09076
1.07149
1.05456
1.04397
1.04207
1.04836
1.05983
1.07259
1.08373
1.09214
1.09816
1.10247
1.10521
1.10597
1.10449
1.10162
1.09943
1.10029
1.10527
1.1131
1.12065
1.12472
1.12381
1.11852
1.11091
1.10333
1.09758
1.09428
1.09276
1.09134
1.08803
1.08132
1.07059
1.05625
1.03961
1.02252
1.00683
0.993839
0.984115
0.977939
0.975684
0.977737
0.984097
0.994106
1.00639
1.01915
1.0306
1.03937
1.04468
1.04636
1.04489
1.04144
1.03785
1.03625
1.03861
1.0462
1.05937
1.0776
1.0997
1.12416
1.1493
1.17355
1.19544
1.21365
1.22711
1.23515
1.23773
1.23561
1.2301
1.22259
1.21412
1.205
1.19496
1.18353
1.17052
1.15631
1.14212
1.1298
1.12133
1.11796
1.11942
1.12387
1.12894
1.13312
1.13647
1.14018
1.14515
1.1507
1.15481
1.15572
1.15313
1.14825
1.14281
1.13819
1.13491
1.1327
1.13081
1.12835
1.12454
1.11905
1.11213
1.10458
1.09746
1.09166
1.08753
1.08494
1.08354
1.08297
1.08301
1.08345
1.08407
1.08467
1.08528
1.08617
1.08779
1.09049
1.09435
1.09902
1.10377
1.10775
1.11014
1.11016
1.10695
1.09967
1.08789
1.07208
1.05351
1.03394
1.01517
0.998956
0.987112
0.981182
0.982081
0.989839
1.00374
1.0224
1.04379
1.06538
1.08454
1.09921
1.1083
1.11182
1.11085
1.10734
1.10363
1.1017
1.10259
1.10621
1.11178
1.11819
1.12444
1.12983
1.13395
1.13669
1.138
1.13773
1.1355
1.13104
1.12454
1.11678
1.1088
1.10144
1.095
1.0893
1.08411
1.07988
1.07776
1.07881
1.08306
1.08926
1.09529
1.0992
1.09992
1.09754
1.09307
1.08788
1.08299
1.07887
1.07548
1.07257
1.06994
1.06769
1.06626
1.06631
1.06826
1.07195
1.07644
1.08042
1.08297
1.08401
1.08424
1.08466
1.08609
1.08908
1.09392
1.10063
1.10885
1.11776
1.12618
1.13293
1.13716
1.13866
1.13786
1.13555
1.13261
1.12961
1.12673
1.12389
1.12096
1.11809
1.1158
1.11492
1.11616
1.11949
1.12376
1.12709
1.12765
1.12443
1.11748
1.10762
1.09582
1.08271
1.06866
1.05415
1.04004
1.02748
1.01758
1.01129
1.0095
1.01314
1.02308
1.0396
1.06179
1.08732
1.11296
1.13552
1.15257
1.16278
1.16606
1.16358
1.15762
1.15085
1.14521
1.1412
1.13828
1.13601
1.13453
1.13404
1.13393
1.13251
1.12769
1.11802
1.10337
1.08532
1.06655
1.04988
1.03718
1.02901
1.02481
1.02314
1.02205
1.01984
1.01598
1.01155
1.00856
1.00889
1.01334
1.02139
1.03146
1.04152
1.0497
1.0547
1.05595
1.05389
1.05027
1.048
1.04975
1.05626
1.06621
1.07793
1.09042
1.10276
1.11306
1.11847
1.11662
1.10684
1.09049
1.07035
1.04957
1.03071
1.01506
1.00272
0.993081
0.98559
0.980276
0.977921
0.979817
0.986995
0.999474
1.01605
1.03468
1.0532
1.0698
1.08329
1.09313
1.09942
1.1029
1.10469
1.1061
1.10834
1.11223
1.11821
1.12621
1.13578
1.14612
1.15616
1.16472
1.17068
1.173
1.17087
1.16385
1.15195
1.13578
1.11668
1.09658
1.07762
1.06166
1.04987
1.04269
1.03999
1.04137
1.04629
1.05422
1.06482
1.07796
1.09338
1.11022
1.12695
1.14177
1.15334
1.16103
1.16488
1.16521
1.16247
1.15704
1.14937
1.14027
1.13109
1.12361
1.11949
1.11945
1.12286
1.12807
1.1332
1.13706
1.13963
1.14168
1.14391
1.14614
1.14719
1.14567
1.141
1.13414
1.12721
1.1221
1.119
1.1164
1.11249
1.1065
1.099
1.09119
1.08414
1.07851
1.07462
1.07273
1.07315
1.07639
1.08301
1.09328
1.10689
1.12261
1.1383
1.15133
1.15936
1.16119
1.15713
1.14873
1.13813
1.12712
1.11653
1.10627
1.09616
1.08701
1.08089
1.08014
1.0859
1.09728
1.11216
1.12837
1.14447
1.15973
1.17378
1.18631
1.19694
1.20491
1.20884
1.20694
1.19768
1.18091
1.15858
1.13464
1.11367
1.09917
1.09239
1.0924
1.09709
1.10418
1.11182
1.11867
1.12378
1.12647
1.12641
1.12369
1.11904
1.11377
1.10952
1.10749
1.10774
1.10872
1.10776
1.10233
1.09151
1.07671
1.06111
1.04794
1.03891
1.03432
1.03413
1.03838
1.04654
1.05689
1.06712
1.07552
1.08142
1.08484
1.08564
1.08319
1.07668
1.06574
1.05099
1.03426
1.01842
1.0067
1.00188
1.00525
1.01596
1.03152
1.0489
1.06553
1.07971
1.09043
1.09731
1.10047
1.10028
1.09709
1.09114
1.08254
1.0717
1.05949
1.04727
1.03659
1.02913
1.02649
1.02977
1.03877
1.05177
1.06614
1.07928
1.08945
1.09598
1.09894
1.09887
1.09668
1.09365
1.09148
1.09205
1.09681
1.10626
1.11985
1.13639
1.15444
1.17248
1.18892
1.20216
1.21077
1.21379
1.21098
1.20301
1.19141
1.17842
1.16647
1.1574
1.15182
1.149
1.1473
1.14485
1.14031
1.13333
1.12472
1.1163
1.11049
1.10953
1.11449
1.12458
1.13725
1.14911
1.15725
1.16008
1.15759
1.1511
1.14266
1.13442
1.12795
1.12389
1.12215
1.12219
1.12334
1.12486
1.12594
1.1258
1.12385
1.11992
1.11433
1.10789
1.10168
1.09679
1.09395
1.09324
1.09401
1.09485
1.09411
1.09044
1.0834
1.07395
1.06419
1.05607
1.04994
1.04489
1.04086
1.03976
1.04386
1.05304
1.06404
1.07249
1.07527
1.07153
1.06257
1.05122
1.04102
1.03526
1.03598
1.04331
1.0556
1.07052
1.08632
1.1026
1.11985
1.13815
1.15612
1.17119
1.18059
1.18239
1.17597
1.16228
1.14388
1.12447
1.10789
1.09698
1.09305
1.09577
1.10333
1.11297
1.12204
1.12884
1.13298
1.13494
1.13536
1.13436
1.13143
1.12596
1.11766
1.10674
1.09389
1.08014
1.0667
1.05479
1.04541
1.03936
1.03727
1.0396
1.04621
1.05589
1.0664
1.0752
1.08027
1.08074
1.07698
1.0705
1.06342
1.05792
1.0558
1.05832
1.066
1.07838
1.09412
1.11148
1.12871
1.14423
1.15668
1.165
1.16877
1.16852
1.1658
1.16275
1.16102
1.16107
1.16226
1.16359
1.16427
1.16378
1.16159
1.15693
1.14895
1.13713
1.1217
1.1039
1.08576
1.06951
1.05699
1.04912
1.04595
1.04677
1.05039
1.05538
1.06032
1.06396
1.06529
1.0635
1.05805
1.04879
1.03616
1.02127
1.00588
0.992492
0.984147
0.98353
0.991625
1.00713
1.0273
1.04926
1.07069
1.08994
1.10585
1.11756
1.12458
1.12683
1.12481
1.11955
1.11232
1.10419
1.09553
1.0862
1.07604
1.0654
1.05531
1.04715
1.04215
1.04103
1.04411
1.05133
1.06197
1.0745
1.08668
1.09628
1.10199
1.10438
1.10643
1.11242
1.1252
1.1435
1.16266
1.17803
1.18723
1.19016
1.18788
1.18154
1.17173
1.15843
1.14141
1.12119
1.09978
1.08076
1.06804
1.06404
1.06852
1.07905
1.09247
1.10599
1.11743
1.12516
1.12811
1.12601
1.11941
1.10975
1.09918
1.0899
1.08366
1.08144
1.0836
1.08989
1.09943
1.11059
1.1213
1.12978
1.13522
1.13783
1.13828
1.13707
1.1341
1.12892
1.12107
1.11044
1.09735
1.08261
1.06731
1.05272
1.04008
1.03043
1.02463
1.02321
1.02641
1.03385
1.04417
1.05471
1.06219
1.06407
1.05966
1.05043
1.03931
1.02944
1.02304
1.02084
1.02254
1.02746
1.03505
1.0448
1.05598
1.06754
1.07827
1.08708
1.09321
1.09642
1.09695
1.09545
1.09273
1.08963
1.08672
1.08425
1.08218
1.0805
1.07946
1.07958
1.08141
1.08506
1.08992
1.09462
1.09726
1.09597
1.08945
1.07742
1.06062
1.04074
1.02013
1.00148
0.987455
0.980032
0.979975
0.98674
0.998974
1.01517
1.03407
1.05459
1.0757
1.09644
1.11598
1.13367
1.14905
1.16158
1.17051
1.17484
1.17366
1.16649
1.15343
1.13539
1.11416
1.09231
1.07293
1.05891
1.05191
1.0517
1.05635
1.0633
1.07042
1.07657
1.08157
1.08577
1.08965
1.09348
1.09724
1.10065
1.10354
1.10633
1.10998
1.11503
1.12069
1.12512
1.12689
1.1258
1.12285
1.11968
1.11787
1.11831
1.12065
1.12318
1.12346
1.11957
1.11124
1.10031
1.08985
1.08243
1.079
1.07937
1.08379
1.0934
1.10849
1.12651
1.14257
1.15215
1.15347
1.14779
1.13835
1.12906
1.12354
1.12429
1.13211
1.14595
1.16341
1.18169
1.19819
1.21081
1.21799
1.21889
1.21356
1.20324
1.19017
1.17685
1.16505
1.15512
1.14612
1.13683
1.12676
1.11659
1.10774
1.10165
1.09882
1.09844
1.0987
1.09744
1.09302
1.08471
1.07265
1.05756
1.04055
1.02307
1.0069
0.994057
0.98646
0.985517
0.991621
1.00385
1.02008
1.03761
1.0539
1.06709
1.07617
1.08093
1.08179
1.07962
1.07539
1.06986
1.06348
1.05631
1.04828
1.03938
1.02985
1.02002
1.01023
1.00071
0.991785
0.983896
0.977694
0.973995
0.973804
0.978256
0.988141
1.00306
1.02119
1.04006
1.05779
1.07399
1.08952
1.10526
1.12086
1.13464
1.14455
1.14908
1.14775
1.14121
1.13114
1.12009
1.11094
1.10624
1.10764
1.11546
1.12833
1.14362
1.15873
1.17206
1.18299
1.19134
1.19697
1.19962
1.19911
1.19553
1.18917
1.18044
1.16953
1.15641
1.14117
1.12435
1.10705
1.09052
1.07569
1.06286
1.05192
1.04276
1.03572
1.03162
1.03142
1.03558
1.04372
1.05454
1.0662
1.07697
1.08558
1.09147
1.09456
1.09503
1.09305
1.08886
1.08289
1.07581
1.06838
1.06109
1.0539
1.0465
1.03883
1.03172
1.02667
1.02523
1.02824
1.03542
1.04559
1.05726
1.06926
1.08088
1.09156
1.10043
1.10614
1.10713
1.10223
1.09143
1.07641
1.06054
1.04774
1.04113
1.0423
1.05143
1.06708
1.08624
1.10497
1.11962
1.1277
1.12842
1.12285
1.11378
1.10494
1.09963
1.09912
1.10232
1.10663
1.10947
1.10925
1.1057
1.09963
1.09239
1.08527
1.0791
1.07403
1.06975
1.06594
1.06281
1.06136
1.06319
1.06957
1.08041
1.09411
1.10823
1.12052
1.12941
1.13415
1.13458
1.13084
1.12316
1.11191
1.0976
1.081
1.06329
1.04606
1.03124
1.02079
1.01632
1.01857
1.02698
1.03965
1.0538
1.06669
1.07649
1.08285
1.08693
1.09068
1.09584
1.103
1.11137
1.1192
1.12457
1.12612
1.12338
1.11696
1.10846
1.10013
1.09435
1.09286
1.09601
1.10256
1.11007
1.11582
1.11752
1.11398
1.10517
1.09207
1.07629
1.05973
1.04434
1.03208
1.02461
1.02284
1.02631
1.03326
1.04127
1.04826
1.05323
1.05646
1.059
1.06195
1.06607
1.0716
1.07849
1.08627
1.09411
1.10098
1.10615
1.1095
1.11172
1.11392
1.11713
1.12188
1.12799
1.1347
1.14086
1.14539
1.14793
1.1492
1.15042
1.15225
1.1543
1.15571
1.15597
1.15516
1.15353
1.1511
1.14767
1.14297
1.13698
1.12982
1.12166
1.11255
1.10243
1.0913
1.07958
1.06824
1.05876
1.0526
1.05065
1.05288
1.05852
1.06665
1.07677
1.08885
1.10279
1.11759
1.131
1.14025
1.14328
1.13971
1.13087
1.11892
1.10582
1.09271
1.08024
1.06914
1.06026
1.05406
1.0501
1.04715
1.04376
1.03913
1.0336
1.02858
1.02604
1.02767
1.03429
1.04558
1.06035
1.07696
1.09386
1.10985
1.12419
1.1363
1.14566
1.15164
1.15361
1.15111
1.14401
1.13265
1.11791
1.10127
1.08474
1.07051
1.06052
1.05636
1.05929
1.0701
1.0885
1.11241
1.13829
1.16232
1.18162
1.19476
1.20168
1.20322
1.20066
1.19536
1.18851
1.18086
1.17269
1.16403
1.15516
1.1471
1.14145
1.13961
1.14181
1.14701
1.15357
1.16027
1.16663
1.1727
1.17861
1.18432
1.18943
1.1933
1.19524
1.19476
1.19177
1.18669
1.1804
1.17388
1.16779
1.16215
1.15639
1.14966
1.14099
1.12958
1.11497
1.0974
1.07808
1.05948
1.04508
1.03819
1.0399
1.04797
1.05811
1.06641
1.07078
1.07106
1.06853
1.06507
1.06242
1.06172
1.06367
1.06886
1.0778
1.09059
1.10653
1.12406
1.14121
1.15624
1.16801
1.17605
1.18031
1.18101
1.17867
1.17422
1.16892
1.16407
1.16042
1.15765
1.15426
1.14816
1.13755
1.12176
1.10151
1.07873
1.0561
1.03634
1.02154
1.01242
1.00814
1.00689
1.00687
1.00694
1.00684
1.00721
1.00919
1.01423
1.02373
1.03855
1.05857
1.08253
1.10822
1.1329
1.15379
1.16872
1.17633
1.17614
1.16836
1.15371
1.13336
1.10885
1.08205
1.05495
1.02956
1.00763
0.990537
0.979277
0.974563
0.976563
0.98419
0.99486
1.00521
1.01242
1.01515
1.01371
1.0093
1.00304
0.995104
0.984933
0.972682
0.961011
0.955021
0.958569
0.97001
0.983277
0.993302
0.999432
1.00453
1.01217
1.02431
1.04043
1.05821
1.07492
1.08857
1.09834
1.10422
1.10651
1.10549
1.10155
1.09525
1.08751
1.07929
1.07132
1.06394
1.05724
1.05145
1.04703
1.04458
1.04442
1.04615
1.04848
1.04934
1.04653
1.03869
1.02624
1.0118
0.999627
0.994028
0.997784
1.01137
1.03307
1.05979
1.0881
1.11513
1.13893
1.15849
1.1735
1.18412
1.19071
1.19383
1.19423
1.19292
1.19096
1.18906
1.1872
1.18465
1.18061
1.17496
1.16811
1.16048
1.15218
1.14324
1.13399
1.12505
1.11712
1.11065
1.10559
1.10161
1.09871
1.09772
1.0999
1.10579
1.11412
1.12214
1.12724
1.12812
1.12488
1.11831
1.10939
1.09911
1.08882
1.08034
1.07553
1.07544
1.07971
1.08663
1.09383
1.09918
1.10118
1.09916
1.09326
1.08438
1.07392
1.06349
1.05446
1.04784
1.04424
1.04396
1.04699
1.05293
1.06094
1.06987
1.07841
1.08545
1.09016
1.09216
1.09163
1.08942
1.08703
1.08615
1.08781
1.09178
1.09695
1.10199
1.10586
1.10777
1.10708
1.10364
1.09817
1.09251
1.08913
1.09023
1.09659
1.1071
1.11926
1.13021
1.13767
1.14033
1.13787
1.13084
1.12045
1.10852
1.09732
1.08931
1.08653
1.08989
1.09873
1.11097
1.12373
1.13411
1.13977
1.13925
1.13227
1.11974
1.10367
1.08704
1.07326
1.06546
1.06555
1.07353
1.08759
1.10472
1.12199
1.13742
1.15005
1.15951
1.1656
1.16822
1.16755
1.16406
1.15843
1.15152
1.14415
1.13695
1.13017
1.12356
1.11653
1.10819
1.09762
1.08396
1.06677
1.04635
1.02387
1.00105
0.980153
0.963917
0.955432
0.957219
0.969819
0.990965
1.01612
1.04013
1.05905
1.0713
1.07765
1.08044
1.08243
1.08566
1.09066
1.09645
1.10135
1.10402
1.10412
1.10237
1.10014
1.09886
1.0995
1.10243
1.10754
1.11462
1.12356
1.13438
1.1471
1.16137
1.17635
1.19065
1.20261
1.21059
1.21336
1.21026
1.20124
1.18682
1.16796
1.14578
1.12141
1.09602
1.07103
1.04825
1.02952
1.01614
1.00845
1.00602
1.00806
1.01383
1.02269
1.03392
1.04664
1.05964
1.07155
1.08104
1.08723
1.09004
1.09014
1.08882
1.08747
1.08731
1.08923
1.09376
1.10086
1.10982
1.11932
1.12803
1.13519
1.14084
1.14563
1.15049
1.15642
1.16427
1.17461
1.18752
1.20245
1.21823
1.23323
1.24534
1.25234
1.25244
1.24475
1.22943
1.20758
1.18118
1.15297
1.12626
1.10416
1.08872
1.08028
1.07746
1.07772
1.0782
1.07648
1.07128
1.0629
1.05315
1.04464
1.0397
1.03954
1.04391
1.05136
1.05958
1.06633
1.07056
1.07307
1.07612
1.08174
1.09015
1.09998
1.10941
1.11705
1.12207
1.12387
1.122
1.11643
1.10788
1.09778
1.08815
1.08119
1.07885
1.08233
1.09187
1.10664
1.1249
1.14423
1.16185
1.17531
1.18319
1.18528
1.18232
1.17536
1.16531
1.1529
1.13898
1.12474
1.11155
1.10038
1.09128
1.08358
1.07661
1.07034
1.06522
1.06156
1.0591
1.05698
1.05413
1.04953
1.04246
1.03275
1.02104
1.00902
0.999326
0.994974
0.998222
1.0095
1.02714
1.04819
1.06969
1.08939
1.10593
1.1185
1.12652
1.12958
1.12747
1.12024
1.10832
1.09273
1.07529
1.05852
1.04533
1.03823
1.03839
1.04499
1.05543
1.06629
1.07453
1.07822
1.07691
1.07182
1.06547
1.06083
1.0602
1.06446
1.07307
1.08467
1.09794
1.11225
1.1279
1.14533
1.16393
1.18151
1.19522
1.20297
1.20412
1.19936
1.19027
1.17866
1.1662
1.15398
1.14258
1.13204
1.12219
1.11292
1.10448
1.0975
1.09283
1.09113
1.09246
1.09619
1.10115
1.1059
1.1091
1.10972
1.10711
1.10082
1.09055
1.0762
1.05812
1.03755
1.01672
0.998383
0.985169
0.978824
0.979794
0.987285
0.9997
1.01535
1.03299
1.05179
1.07099
1.08957
1.10618
1.11938
1.12791
1.13084
1.12765
1.11817
1.1026
1.0816
1.05644
1.02932
1.00347
0.982846
0.971188
0.970766
0.9813
0.999936
1.02223
1.0435
1.05992
1.06922
1.07075
1.06522
1.05402
1.03864
1.02056
1.00159
0.984354
0.972065
0.967964
0.974327
0.991479
1.01723
1.04733
1.0769
1.10197
1.12041
1.13188
1.1375
1.13954
1.14093
1.14437
1.15108
1.16012
1.16913
1.17572
1.17856
1.1775
1.17306
1.16604
1.15712
1.14666
1.13467
1.12113
1.10615
1.09014
1.07383
1.05828
1.04479
1.03468
1.02875
1.02691
1.028
1.03017
1.03158
1.03119
1.02913
1.02645
1.02457
1.02467
1.02717
1.03156
1.03657
1.04058
1.04225
1.04112
1.0382
1.036
1.03788
1.04664
1.06306
1.08555
1.1111
1.13662
1.15975
1.17895
1.19315
1.20156
1.20362
1.19913
1.18849
1.17265
1.15299
1.13081
1.10706
1.08235
1.05739
1.03343
1.01232
0.996108
0.986303
0.983257
0.986034
0.992897
1.00198
1.01177
1.02133
1.03033
1.03888
1.04739
1.05634
1.06608
1.07654
1.08726
1.09749
1.10665
1.11467
1.12198
1.12899
1.13578
1.14197
1.14728
1.1519
1.15636
1.16089
1.16494
1.16739
1.1675
1.16546
1.16251
1.16012
1.15913
1.15908
1.1584
1.15539
1.14906
1.1395
1.12779
1.11538
1.10351
1.09278
1.08324
1.07484
1.06794
1.0636
1.06334
1.06839
1.07866
1.09255
1.10752
1.12071
1.12962
1.13298
1.13136
1.12658
1.12013
1.11231
1.1027
1.09153
1.08029
1.07092
1.06419
1.05889
1.0527
1.04363
1.03083
1.01459
0.996171
0.977629
0.961591
0.95094
0.948376
0.95568
0.972848
0.997577
1.02607
1.05474
1.08144
1.10526
1.12562
1.14146
1.15142
1.15469
1.15168
1.14425
1.13493
1.12579
1.11776
1.11076
1.10423
1.09767
1.0909
1.08424
1.07831
1.07371
1.07048
1.06813
1.0661
1.06423
1.06283
1.06231
1.06286
1.06421
1.06566
1.06627
1.0651
1.06144
1.05511
1.04664
1.03736
1.02897
1.02292
1.01992
1.01996
1.02271
1.02768
1.03412
1.04114
1.04797
1.05417
1.05959
1.06425
1.06833
1.07214
1.07599
1.07986
1.08324
1.08525
1.08501
1.08193
1.07596
1.06769
1.05835
1.04952
1.04266
1.03868
1.03796
1.04047
1.04582
1.05322
1.06163
1.06991
1.07726
1.08329
1.08807
1.09196
1.09536
1.09844
1.10116
1.10336
1.10491
1.10581
1.10605
1.10545
1.10373
1.10045
1.09523
1.0879
1.07871
1.06836
1.05791
1.04855
1.04127
1.03667
1.03491
1.03579
1.0388
1.04339
1.04914
1.05591
1.06391
1.07343
1.08452
1.09679
1.10925
1.12052
1.12912
1.13388
1.13416
1.12991
1.1216
1.11007
1.09654
1.08277
1.071
1.06337
1.06093
1.063
1.06777
1.07312
1.0776
1.08065
1.08243
1.08314
1.08247
1.07944
1.07284
1.0619
1.0466
1.02776
1.00686
0.985974
0.967624
0.954499
0.948935
0.952208
0.964043
0.982631
1.00516
1.02873
1.05109
1.0711
1.08855
1.10378
1.11723
1.12918
1.1395
1.14763
1.15272
1.15409
1.15155
1.14562
1.13727
1.12747
1.11659
1.10431
1.09004
1.07382
1.05661
1.0399
1.02514
1.01348
1.00591
1.00329
1.00581
1.01277
1.02277
1.03445
1.04706
1.06043
1.07443
1.0885
1.10151
1.11238
1.12053
1.1261
1.12974
1.13228
1.13435
1.13612
1.13728
1.13728
1.13562
1.13218
1.12719
1.12093
1.11353
1.10502
1.09558
1.08582
1.07679
1.0696
1.06498
1.06307
1.06335
1.06452
1.0645
1.06115
1.05301
1.03996
1.02334
1.00591
0.991243
0.982585
0.981564
0.987637
0.998821
1.01298
1.02875
1.04568
1.06364
1.08218
1.10009
1.11553
1.12666
1.13243
1.13312
1.13016
1.12545
1.12047
1.11602
1.11242
1.11005
1.10951
1.11148
1.11616
1.12263
1.12883
1.13264
1.13283
1.12933
1.12284
1.11425
1.10444
1.09448
1.08573
1.07969
1.07745
1.07933
1.08481
1.09319
1.10404
1.11726
1.13265
1.14946
1.16627
1.18134
1.19315
1.20074
1.20412
1.20417
1.20234
1.20004
1.19781
1.19507
1.19036
1.18203
1.16906
1.15137
1.12988
1.10642
1.08344
1.06391
1.051
1.04764
1.05528
1.07281
1.09657
1.12201
1.14555
1.16514
1.17999
1.18991
1.19498
1.19549
1.19183
1.18454
1.1742
1.16136
1.14658
1.13043
1.11351
1.09645
1.08005
1.06548
1.0545
1.0494
1.05228
1.06372
1.08159
1.10132
1.11759
1.12615
1.12474
1.11307
1.0927
1.06665
1.03881
1.01313
0.992724
0.979512
0.974247
0.976735
0.985823
0.999327
1.01428
1.02767
1.03718
1.04178
1.04171
1.0383
1.03361
1.03028
1.03127
1.0392
1.05506
1.07735
1.10253
1.12664
1.14661
1.16068
1.16818
1.16923
1.16446
1.15492
1.14193
1.12708
1.11213
1.09877
1.0882
1.08087
1.07652
1.0747
1.07525
1.07837
1.08416
1.09224
1.10167
1.11121
1.11974
1.12634
1.13041
1.13151
1.1293
1.12355
1.11429
1.10197
1.0874
1.07162
1.05561
1.04003
1.02522
1.01143
0.999237
0.989713
0.984048
0.982949
0.986426
0.994037
1.00499
1.01802
1.03132
1.04308
1.05221
1.05867
1.06318
1.06658
1.06926
1.07102
1.07124
1.06946
1.0659
1.06147
1.05741
1.05472
1.05413
1.05642
1.06261
1.07338
1.0882
1.10498
1.12049
1.13119
1.13432
1.1291
1.11724
1.10235
1.0881
1.07647
1.06744
1.0599
1.05282
1.0459
1.03963
1.03482
1.03204
1.03105
1.03096
1.03077
1.02999
1.02893
1.02854
1.02993
1.03402
1.0412
1.05123
1.06323
1.0761
1.08893
1.10131
1.11316
1.12434
1.13435
1.14239
1.14775
1.15
1.14916
1.1456
1.1401
1.13391
1.12861
1.12559
1.1256
1.12843
1.13295
1.13746
1.14014
1.13949
1.1347
1.12587
1.11412
1.10141
1.09015
1.0824
1.07915
1.07995
1.08321
1.08718
1.09058
1.09302
1.09471
1.096
1.09702
1.09751
1.09704
1.09515
1.0916
1.0865
1.08042
1.07454
1.07042
1.06943
1.07228
1.07899
1.08898
1.10086
1.11263
1.12226
1.12853
1.13134
1.13153
1.1304
1.12917
1.12856
1.12852
1.12824
1.12655
1.12243
1.11549
1.10608
1.09498
1.08312
1.07139
1.06081
1.05242
1.04726
1.04636
1.05102
1.06233
1.07958
1.09927
1.11651
1.12755
1.13121
1.12871
1.12275
1.11625
1.1109
1.10658
1.10206
1.09661
1.09107
1.08725
1.08631
1.08805
1.09173
1.09683
1.10299
1.10927
1.11433
1.1172
1.11794
1.1174
1.11633
1.11514
1.11407
1.11333
1.11276
1.11165
1.10897
1.1041
1.09733
1.08971
1.08236
1.07594
1.07054
1.06602
1.06235
1.05966
1.05803
1.0575
1.05816
1.06039
1.06469
1.07129
1.0796
1.08835
1.09623
1.10277
1.10852
1.11439
1.12064
1.1263
1.12948
1.1283
1.12181
1.11047
1.09601
1.08101
1.06808
1.05912
1.05477
1.05447
1.05685
1.06025
1.06304
1.06387
1.06178
1.05651
1.04863
1.03961
1.03138
1.02577
1.02384
1.02559
1.03012
1.03613
1.04259
1.04938
1.05767
1.06947
1.08623
1.10727
1.12954
1.14927
1.16391
1.17294
1.17743
1.17914
1.1797
1.18022
1.1811
1.1822
1.18312
1.18354
1.18341
1.18289
1.18195
1.18044
1.17846
1.17686
1.17724
1.18103
1.18828
1.1974
1.20593
1.21157
1.21276
1.20877
1.19977
1.1869
1.17214
1.15808
1.14737
1.1419
1.14208
1.14672
1.15354
1.16013
1.16472
1.16643
1.1651
1.16083
1.1537
1.14368
1.1309
1.11573
1.09892
1.0815
1.06447
1.04861
1.03449
1.02242
1.01258
1.00517
1.00055
0.999293
1.00206
1.00924
1.02072
1.03579
1.05328
1.0718
1.08997
1.10663
1.12102
1.13285
1.14214
1.14907
1.15378
1.15639
1.15698
1.15558
1.1519
1.14529
1.13509
1.12149
1.1063
1.09321
1.0863
1.0881
1.0987
1.11637
1.13848
1.16203
1.18405
1.20211
1.2147
1.22114
1.22138
1.21579
1.20483
1.18878
1.16787
1.14258
1.11426
1.08526
1.05851
1.03647
1.02025
1.00952
1.00317
0.999997
0.99931
1.00122
1.0064
1.01547
1.02802
1.04208
1.05458
1.06238
1.06333
1.0572
1.04616
1.03459
1.02738
1.02763
1.03581
1.05053
1.06968
1.09095
1.11211
1.1311
1.14624
1.15625
1.16035
1.15841
1.15103
1.13948
1.12541
1.11052
1.09631
1.0839
1.07389
1.06626
1.06039
1.05537
1.05053
1.0458
1.04176
1.03926
1.03908
1.04189
1.04822
1.05825
1.07156
1.08713
1.10357
1.11939
1.13316
1.14359
1.14975
1.15119
1.14795
1.14047
1.12969
1.11703
1.10442
1.0939
1.08706
1.08459
1.08617
1.09081
1.09732
1.10452
1.11124
1.11646
1.11944
1.1197
1.11684
1.11045
1.10036
1.08707
1.07193
1.05696
1.04423
1.03525
1.0306
1.02986
1.03177
1.0345
1.03605
1.03491
1.03054
1.0236
1.01577
1.00929
1.00638
1.0087
1.01677
1.02995
1.04672
1.06531
1.08421
1.10218
1.1181
1.13076
1.139
1.14201
1.13958
1.13228
1.12145
1.10895
1.09657
1.08528
1.07495
1.06466
1.05331
1.04017
1.02512
1.00887
0.993154
0.980616
0.974097
0.975534
0.985279
1.00205
1.02335
1.04602
1.06695
1.08368
1.09484
1.10023
1.10089
1.09896
1.09737
1.09896
1.10527
1.11557
1.12718
1.13682
1.14192
1.14136
1.13557
1.12637
1.11631
1.10761
1.1012
1.0966
1.09282
1.08926
1.08569
1.08153
1.07548
1.06589
1.05168
1.03294
1.01135
0.99012
0.973291
0.964399
0.96528
0.975848
0.994356
1.01792
1.04339
1.06834
1.09144
1.11253
1.13215
1.151
1.16926
1.18627
1.20054
1.21037
1.21478
1.21415
1.2102
1.20476
1.19868
1.19167
1.18318
1.17302
1.16143
1.14887
1.13572
1.1221
1.10775
1.0922
1.07535
1.05815
1.0426
1.03101
1.02487
1.02384
1.02581
1.02805
1.02852
1.02663
1.02311
1.01945
1.01729
1.01787
1.02189
1.02951
1.04049
1.05421
1.06975
1.08601
1.10202
1.11718
1.13143
1.14479
1.15668
1.16548
1.16915
1.16645
1.15776
1.14498
1.13079
1.11775
1.10756
1.10077
1.09675
1.09412
1.09134
1.08719
1.08131
1.07426
1.06746
1.06252
1.06037
1.06078
1.06276
1.06524
1.06763
1.0698
1.07192
1.07411
1.07622
1.07753
1.07711
1.07438
1.06972
1.06446
1.06021
1.05805
1.05811
1.05971
1.06207
1.06505
1.06954
1.0771
1.08897
1.10516
1.12412
1.1433
1.15997
1.17185
1.17749
1.1764
1.16897
1.15657
1.14124
1.12519
1.11036
1.09778
1.08751
1.07893
1.07143
1.06502
1.06049
1.05888
1.06094
1.06669
1.07539
1.08596
1.09743
1.10919
1.12082
1.13212
1.14286
1.15262
1.16081
1.1669
1.17062
1.17203
1.17137
1.16886
1.16439
1.15749
1.14774
1.13531
1.12114
1.10676
1.09357
1.08228
1.0726
1.06348
1.05358
1.04175
1.02747
1.01121
0.994566
0.980063
0.970529
0.968161
0.973972
0.987645
1.00781
1.0324
1.05894
1.0849
1.10808
1.12691
1.14053
1.14876
1.15193
1.15081
1.14649
1.14033
1.13382
1.12844
1.12538
1.12518
1.12739
1.13066
1.13315
1.13331
1.13035
1.12438
1.11606
1.10618
1.09529
1.08351
1.07064
1.05647
1.0414
1.02693
1.01548
1.00947
1.0102
1.01741
1.02941
1.04375
1.05789
1.06995
1.07929
1.08654
1.0931
1.10019
1.10809
1.11606
1.12282
1.12723
1.12861
1.12673
1.12182
1.11486
1.10752
1.10173
1.09871
1.09833
1.09937
1.10018
1.0995
1.09681
1.09219
1.08621
1.07968
1.07361
1.06911
1.06732
1.06904
1.07428
1.08208
1.09072
1.09815
1.10224
1.10108
1.09376
1.0817
1.06964
1.06368
1.06607
1.07316
1.0794
1.08182
1.08055
1.07746
1.07474
1.07413
1.07639
1.08131
1.08776
1.09405
1.09813
1.09804
1.09237
1.08073
1.06397
1.04415
1.0241
1.00665
0.994095
0.987966
0.989277
0.998582
1.01588
1.04047
1.07083
1.10434
1.13736
1.16591
1.18685
1.19853
1.20065
1.19402
1.18039
1.16231
1.14287
1.12484
1.10986
1.09783
1.08733
1.07665
1.06511
1.05338
1.04288
1.03449
1.02813
1.02313
1.0189
1.0154
1.0141
1.01826
1.03158
1.05515
1.08579
1.11745
1.14408
1.16148
1.16761
1.16227
1.14694
1.12479
1.1005
1.07975
1.06789
1.06819
1.0806
1.10188
1.12687
1.15021
1.16749
1.17576
1.17373
1.16181
1.14212
1.11813
1.09355
1.07119
1.05251
1.0382
1.02874
1.02404
1.02283
1.02284
1.02175
1.01807
1.01148
1.00279
0.993649
0.986314
0.983264
0.9866
0.997481
1.01584
1.04051
1.06959
1.10081
1.13171
1.16
1.18389
1.20223
1.21446
1.22036
1.22
1.21362
1.2019
1.18618
1.16859
1.15187
1.13857
1.13005
1.1258
1.12371
1.12103
1.11554
1.10625
1.09369
1.07971
1.0664
1.05477
1.04423
1.03359
1.02281
1.01379
1.00959
1.01256
1.02297
1.0391
1.0584
1.07867
1.09867
1.11791
1.136
1.15221
1.16541
1.17463
1.17935
1.17964
1.17591
1.16864
1.15832
1.14545
1.13064
1.11486
1.09981
1.08793
1.08215
1.08479
1.09615
1.11327
1.13054
1.14246
1.14597
1.14097
1.129
1.11168
1.09057
1.06791
1.047
1.03157
1.0247
1.02811
1.04172
1.06364
1.09051
1.11878
1.14584
1.17031
1.19158
1.20913
1.22212
1.22935
1.22975
1.22288
1.2093
1.19059
1.16906
1.14738
1.12817
1.11372
1.10548
1.10368
1.10712
1.11363
1.12094
1.12736
1.13194
1.13418
1.13387
1.13097
1.12545
1.11706
1.10557
1.09132
1.07581
1.06185
1.05324
1.05377
1.06548
1.08721
1.11459
1.1417
1.16307
1.17511
1.17691
1.17053
1.16001
1.14911
1.13896
1.12794
1.11395
1.09652
1.07729
1.05876
1.0427
1.02958
1.01912
1.01143
1.0076
1.00931
1.01772
1.03256
1.05202
1.07349
1.09426
1.112
1.12497
1.13236
1.13446
1.13268
1.12916
1.12608
1.12483
1.12555
1.12713
1.12766
1.1252
1.11838
1.10682
1.09122
1.07334
1.05587
1.04222
1.03558
1.03705
1.04478
1.05513
1.06482
1.07191
1.07567
1.07609
1.07377
1.06977
1.06533
1.06153
1.05903
1.05828
1.06009
1.06567
1.07575
1.08921
1.10316
1.11444
1.12109
1.1228
1.12046
1.11559
1.11007
1.10578
1.10423
1.10606
1.11073
1.11674
1.12241
1.12659
1.12903
1.13005
1.12981
1.12791
1.12354
1.11613
1.10568
1.09276
1.07837
1.06395
1.05155
1.04387
1.04359
1.052
1.06808
1.08877
1.11014
1.12862
1.14198
1.14964
1.15244
1.15185
1.14923
1.14544
1.14105
1.13658
1.13263
1.12949
1.12702
1.12473
1.12219
1.11952
1.11743
1.11673
1.1176
1.11923
1.12032
1.11993
1.11804
1.11562
1.11388
1.11355
1.1147
1.11715
1.12095
1.12636
1.13358
1.14244
1.15229
1.1623
1.17156
1.17935
1.18531
1.18961
1.19295
1.19615
1.19969
1.20329
1.20618
1.20752
1.20654
1.2025
1.19465
1.18244
1.16585
1.14562
1.12321
1.10052
1.07927
1.0605
1.04453
1.03149
1.02183
1.01649
1.01648
1.02245
1.03438
1.05133
1.07145
1.09236
1.11189
1.1285
1.14124
1.14952
1.153
1.15164
1.14578
1.13626
1.12416
1.11055
1.0963
1.08232
1.07019
1.06242
1.06142
1.06759
1.0786
1.0909
1.10156
1.10912
1.11394
1.11799
1.12413
1.13423
1.1474
1.16019
1.16858
1.16995
1.16367
1.15067
1.13273
1.11162
1.08854
1.0642
1.03975
1.0182
1.00503
1.00567
1.02126
1.04763
1.07874
1.10977
1.1378
1.16113
1.17886
1.1906
1.19643
1.19668
1.19184
1.18244
1.1691
1.15249
1.13356
1.11367
1.09469
1.07875
1.06763
1.06201
1.06122
1.06356
1.0671
1.07036
1.07266
1.07391
1.07427
1.07375
1.07219
1.06937
1.06521
1.05986
1.05369
1.04727
1.04141
1.03708
1.03518
1.03625
1.04039
1.04722
1.05616
1.06643
1.07714
1.08711
1.09496
1.09931
1.09919
1.09464
1.08698
1.0787
1.07232
1.06908
1.06867
1.0702
1.07326
1.07807
1.08506
1.09455
1.1064
1.11981
1.13331
1.14485
1.15239
1.15453
1.15095
1.14239
1.13022
1.11595
1.10133
1.08851
1.08
1.07788
1.08291
1.09421
1.10947
1.12585
1.1408
1.15256
1.16035
1.16447
1.16602
1.16627
1.16553
1.16279
1.15643
1.14536
1.12977
1.11114
1.09204
1.07555
1.06465
1.06153
1.06709
1.0806
1.0999
1.12196
1.14365
1.16236
1.17614
1.18358
1.18383
1.17672
1.16306
1.14458
1.12344
1.10164
1.08073
1.06198
1.04653
1.03527
1.02864
1.02662
1.02915
1.03657
1.04944
1.0674
1.08843
1.10938
1.12706
1.13915
1.14429
1.14207
1.1328
1.11771
1.09895
1.07949
1.06247
1.05054
1.04517
1.04648
1.05347
1.06444
1.07736
1.0903
1.10158
1.10998
1.11482
1.11601
1.11405
1.10991
1.10483
1.09994
1.09595
1.09286
1.08998
1.08613
1.08016
1.0714
1.06001
1.04706
1.03409
1.02259
1.01347
1.00698
1.00278
1.00025
0.998712
0.997441
0.995609
0.992405
0.987241
0.98021
0.972465
0.966227
0.96421
0.968249
0.978126
0.992123
1.00876
1.02747
1.04779
1.06863
1.08842
1.10568
1.11919
1.12822
1.13252
1.13243
1.12867
1.12223
1.11406
1.10504
1.09593
1.08746
1.08019
1.07441
1.07007
1.0669
1.06469
1.06333
1.06275
1.06281
1.0632
1.06351
1.06343
1.06292
1.06243
1.06282
1.06495
1.0692
1.07513
1.08159
1.08713
1.09068
1.09209
1.09232
1.09309
1.0962
1.10269
1.1122
1.12307
1.13292
1.13968
1.14223
1.14032
1.13425
1.12464
1.11285
1.10147
1.09381
1.09227
1.09686
1.10543
1.11523
1.12426
1.13143
1.13641
1.13952
1.14167
1.14388
1.14665
1.14968
1.15214
1.15293
1.15092
1.14529
1.13592
1.12378
1.11075
1.09893
1.08954
1.08212
1.07512
1.0672
1.05836
1.05003
1.04431
1.04294
1.04648
1.05423
1.06477
1.07653
1.08817
1.0988
1.10804
1.11611
1.12344
1.13038
1.13687
1.14254
1.1469
1.14969
1.15091
1.15086
1.14987
1.14819
1.14584
1.14259
1.13816
1.13259
1.12637
1.12045
1.11581
1.11316
1.11266
1.11399
1.11631
1.11838
1.11858
1.11503
1.106
1.09043
1.06849
1.0419
1.01403
0.989375
0.972471
0.966391
0.971596
0.985883
1.00557
1.02688
1.04693
1.06411
1.07793
1.0887
1.09707
1.10367
1.1087
1.11181
1.11218
1.109
1.10196
1.09161
1.07927
1.06647
1.05438
1.04361
1.03453
1.02768
1.02396
1.02443
1.03012
1.04188
1.06002
1.08382
1.11108
1.13865
1.16322
1.18228
1.19437
1.19901
1.19635
1.18689
1.17143
1.15125
1.12836
1.10576
1.08701
1.07524
1.07189
1.07599
1.08454
1.09382
1.10106
1.10538
1.10787
1.11047
1.11467
1.12067
1.1276
1.13413
1.13893
1.14079
1.13874
1.13243
1.12282
1.11245
1.10438
1.10008
1.09873
1.09861
1.09865
1.0986
1.09834
1.09749
1.09544
1.09161
1.08584
1.07852
1.07068
1.06377
1.05917
1.05783
1.06006
1.06562
1.07369
1.08297
1.09183
1.09881
1.10319
1.10529
1.10644
1.10827
1.11186
1.11712
1.1229
1.12765
1.13024
1.13026
1.12784
1.1233
1.11667
1.10768
1.09597
1.08153
1.0652
1.04866
1.03403
1.02331
1.01793
1.01847
1.02472
1.03612
1.05223
1.07264
1.09639
1.12173
1.14628
1.16751
1.18312
1.19134
1.19105
1.18235
1.16752
1.15159
1.14063
1.13755
1.14006
1.14351
1.1445
1.14163
1.13473
1.12421
1.11129
1.09809
1.08739
1.08143
1.08075
1.08374
1.08754
1.08932
1.08699
1.07922
1.06546
1.04629
1.02371
1.00101
0.981967
0.969831
0.966341
0.97121
0.982533
0.997799
1.01502
1.03323
1.05219
1.07185
1.09179
1.11121
1.12914
1.14472
1.15721
1.16595
1.17035
1.17013
1.16553
1.15753
1.14765
1.13753
1.12837
1.12051
1.1135
1.10637
1.09805
1.08768
1.07507
1.06088
1.04657
1.03404
1.02497
1.02031
1.02002
1.0231
1.02794
1.03277
1.03613
1.03731
1.03627
1.03341
1.02918
1.02372
1.01683
1.00819
0.997865
0.986643
0.975967
0.967473
0.962553
0.962115
0.966641
0.976135
0.989918
1.00647
1.0236
1.03902
1.05102
1.05893
1.06293
1.06363
1.06142
1.05636
1.04866
1.03918
1.02959
1.0221
1.01876
1.02084
1.02843
1.04048
1.05531
1.07122
1.08682
1.10108
1.11329
1.12292
1.12974
1.13373
1.13498
1.13371
1.13038
1.12587
1.12134
1.11762
1.11439
1.10984
1.10141
1.08801
1.07218
1.06006
1.05689
1.06192
1.06981
1.0763
1.08092
1.08571
1.09272
1.1021
1.11217
1.1209
1.1272
1.13095
1.13218
1.13051
1.12549
1.11722
1.10667
1.09546
1.0852
1.07665
1.06962
1.06331
1.05694
1.05028
1.04374
1.03865
1.03698
1.04081
1.05112
1.06702
1.0857
1.10319
1.11569
1.12058
1.11714
1.10676
1.0926
1.07872
1.06853
1.06344
1.06261
1.06415
1.0664
1.06846
1.06995
1.07075
1.07089
1.07055
1.07003
1.06953
1.06889
1.06738
1.06388
1.05747
1.04801
1.03643
1.02441
1.01362
1.00545
1.00111
1.00205
1.00959
1.02411
1.04431
1.0673
1.08933
1.10682
1.11732
1.12011
1.11625
1.10831
1.09929
1.09123
1.08457
1.07872
1.07302
1.06734
1.06228
1.05891
1.05829
1.06089
1.06623
1.07283
1.07866
1.0817
1.08065
1.07541
1.06745
1.05964
1.05557
1.05819
1.06831
1.08393
1.10119
1.11599
1.12535
1.12783
1.12353
1.11381
1.10091
1.08717
1.07415
1.06234
1.05148
1.04124
1.0317
1.02351
1.01746
1.01396
1.01258
1.01223
1.01201
1.01205
1.01363
1.01858
1.02826
1.04273
1.06031
1.07799
1.09242
1.10086
1.10164
1.09441
1.08027
1.06202
1.04427
1.03288
1.03311
1.04719
1.07283
1.10428
1.13502
1.16022
1.17732
1.18549
1.18476
1.17539
1.1578
1.13298
1.10292
1.07092
1.04097
1.01653
0.999478
0.99003
0.987628
0.99187
1.00264
1.01948
1.04093
1.0646
1.08779
1.10824
1.12442
1.13544
1.14097
1.14127
1.13731
1.13092
1.12468
1.1211
1.12156
1.12564
1.13174
1.13821
1.14408
1.14898
1.15292
1.15599
1.15795
1.15784
1.15428
1.14615
1.13341
1.11743
1.10049
1.08509
1.07358
1.06799
1.06952
1.07771
1.09001
1.10264
1.11205
1.11597
1.11366
1.10552
1.09269
1.07671
1.05925
1.04179
1.02552
1.01125
0.999565
0.991266
0.987468
0.98897
0.995335
1.00461
1.01416
1.02207
1.02794
1.03278
1.03825
1.04559
1.05514
1.0664
1.07861
1.09133
1.1045
1.11819
1.13208
1.14495
1.15455
1.15805
1.15328
1.14039
1.12338
1.10913
1.10272
1.10347
1.10672
1.10839
1.10705
1.1034
1.09942
1.09761
1.1
1.10707
1.1174
1.12829
1.13685
1.14065
1.13804
1.12842
1.1128
1.09389
1.07561
1.06161
1.05397
1.05284
1.05687
1.06411
1.07267
1.08109
1.08825
1.09312
1.09467
1.09224
1.08613
1.07797
1.07056
1.06665
1.06714
1.07035
1.07319
1.073
1.06846
1.0594
1.04643
1.03078
1.0141
0.99832
0.985234
0.97614
0.971599
0.971462
0.974972
0.981093
0.988811
0.997391
1.00652
1.01621
1.02656
1.03771
1.04974
1.06265
1.07609
1.08929
1.10108
1.11014
1.11523
1.11549
1.11056
1.10073
1.08701
1.07099
1.05462
1.03976
1.02779
1.01943
1.01459
1.01228
1.01083
1.00871
1.00549
1.0023
1.00151
1.00575
1.01667
1.03417
1.05624
1.07963
1.10074
1.11664
1.12566
1.12759
1.12346
1.11533
1.10611
1.09897
1.09595
1.09659
1.0986
1.09998
1.1003
1.10022
1.10027
1.10011
1.09857
1.09443
1.0873
1.07833
1.07019
1.06579
1.06632
1.07033
1.07494
1.0778
1.07807
1.07618
1.07315
1.06996
1.06727
1.06559
1.06536
1.06705
1.07106
1.07743
1.08587
1.09587
1.10688
1.11847
1.13041
1.14262
1.15495
1.16705
1.1781
1.18698
1.19266
1.19439
1.19182
1.18487
1.1737
1.15885
1.14156
1.12375
1.10779
1.09581
1.08917
1.0882
1.09229
1.10006
1.10986
1.1201
1.12943
1.13681
1.14141
1.14261
1.14014
1.13415
1.12522
1.11393
1.1005
1.08487
1.06739
1.04949
1.03375
1.02292
1.01882
1.02193
1.03183
1.04739
1.0668
1.08764
1.1074
1.12418
1.13713
1.14644
1.15297
1.15752
1.16016
1.16005
1.15592
1.14682
1.13276
1.11486
1.09537
1.077
1.06218
1.05249
1.04829
1.04897
1.05333
1.0599
1.06728
1.07439
1.08083
1.08719
1.09484
1.10507
1.11796
1.132
1.14478
1.15411
1.15868
1.15831
1.15386
1.14704
1.14004
1.13489
1.13264
1.13291
1.13405
1.13397
1.13113
1.12521
1.11726
1.10918
1.10281
1.09935
1.09923
1.10224
1.10789
1.11565
1.12519
1.13629
1.1484
1.16042
1.17082
1.17815
1.18143
1.18017
1.1743
1.16412
1.15049
1.13503
1.1199
1.10695
1.097
1.08978
1.08459
1.0813
1.08075
1.0841
1.09159
1.10185
1.11253
1.12154
1.1278
1.13117
1.13208
1.13115
1.12906
1.12645
1.12405
1.12275
1.12349
1.12689
1.13278
1.13985
1.14581
1.14799
1.1442
1.13364
1.11777
1.1007
1.0881
1.08384
1.08756
1.09551
1.10327
1.10708
1.10399
1.09232
1.07257
1.04826
1.0252
1.0091
1.00298
1.0062
1.01525
1.02568
1.03413
1.03931
1.04181
1.04345
1.04633
1.05192
1.06066
1.07206
1.08483
1.09716
1.10694
1.11228
1.11194
1.10556
1.09376
1.07813
1.061
1.0451
1.03298
1.02666
1.02723
1.03468
1.04778
1.06436
1.08199
1.09862
1.11292
1.1242
1.13221
1.13697
1.13881
1.1382
1.13558
1.13116
1.12509
1.11776
1.11031
1.10445
1.1019
1.10317
1.10694
1.1101
1.10876
1.09971
1.08177
1.05661
1.02874
1.00432
0.989156
0.986515
0.995836
1.01321
1.03348
1.05251
1.0682
1.08017
1.08871
1.09421
1.09699
1.09758
1.09686
1.09605
1.09652
1.09946
1.10549
1.11439
1.12491
1.13509
1.14291
1.14699
1.14698
1.14352
1.13776
1.13095
1.12401
1.11759
1.11206
1.10759
1.10405
1.10098
1.09775
1.09401
1.09038
1.08853
1.09035
1.09647
1.10536
1.1142
1.12074
1.12434
1.12577
1.12632
1.12703
1.12815
1.12928
1.1296
1.12837
1.12517
1.11997
1.11311
1.10532
1.09771
1.09153
1.08759
1.08581
1.08544
1.08589
1.08706
1.08901
1.09124
1.09279
1.09272
1.09058
1.08648
1.08108
1.07609
1.07455
1.07967
1.09241
1.11049
1.12984
1.14667
1.15843
1.16376
1.16218
1.1538
1.13921
1.11946
1.09631
1.07242
1.05121
1.03597
1.02869
1.02933
1.0361
1.04636
1.05741
1.0671
1.07437
1.07978
1.08521
1.09248
1.10162
1.11028
1.115
1.11299
1.10341
1.08778
1.06984
1.05459
1.04668
1.04856
1.05965
1.0769
1.09625
1.11391
1.12717
1.1346
1.13598
1.13207
1.12428
1.11429
1.10363
1.09346
1.08492
1.07933
1.07791
1.08089
1.08695
1.09377
1.09937
1.103
1.10502
1.10638
1.10796
1.11021
1.11302
1.11589
1.11819
1.11944
1.11963
1.11923
1.11908
1.12001
1.12253
1.12657
1.13147
1.13626
1.14007
1.14254
1.14385
1.14458
1.1453
1.1462
1.14693
1.1467
1.14446
1.13927
1.13067
1.11909
1.10587
1.09283
1.08146
1.07231
1.06499
1.05874
1.053
1.04804
1.04516
1.04639
1.05345
1.06661
1.08406
1.10261
1.1191
1.13178
1.1407
1.14716
1.15284
1.15886
1.16537
1.17167
1.17663
1.17913
1.17827
1.17365
1.16547
1.15454
1.1421
1.1297
1.11915
1.11243
1.11143
1.11691
1.12773
1.14107
1.15381
1.16382
1.17033
1.17369
1.17456
1.17346
1.17037
1.16513
1.15782
1.14895
1.13914
1.12867
1.11719
1.10411
1.08924
1.07328
1.05788
1.04515
1.03695
1.03391
1.03522
1.03907
1.04372
1.04835
1.05322
1.05901
1.0661
1.07408
1.08187
1.08823
1.092
1.09226
1.08885
1.08336
1.07967
1.08239
1.09318
1.10861
1.12256
1.13035
1.13049
1.12432
1.11479
1.10537
1.09928
1.09876
1.10432
1.1143
1.12545
1.13402
1.13709
1.1333
1.12304
1.10813
1.09129
1.07568
1.06428
1.05892
1.05941
1.06327
1.0667
1.06642
1.06117
1.05235
1.0435
1.03883
1.04139
1.05176
1.06803
1.08684
1.1047
1.11894
1.12812
1.13196
1.13108
1.12673
1.1207
1.11499
1.11152
1.1115
1.11474
1.11943
1.12279
1.12216
1.1161
1.10487
1.09005
1.07366
1.05745
1.04253
1.02971
1.01969
1.01283
1.00867
1.006
1.00363
1.00109
0.998762
0.997422
0.997611
0.999304
1.00205
1.00541
1.00924
1.01375
1.01929
1.02618
1.03466
1.04496
1.05708
1.0706
1.08461
1.09779
1.10885
1.11706
1.12257
1.12622
1.12883
1.13038
1.12981
1.12569
1.11719
1.10475
1.09011
1.07554
1.06309
1.05419
1.04948
1.04869
1.05057
1.05344
1.05578
1.0565
1.05482
1.05019
1.04243
1.03212
1.021
1.0122
1.00937
1.01501
1.02904
1.04894
1.07106
1.09208
1.10979
1.12316
1.13204
1.13675
1.13743
1.13405
1.12663
1.11555
1.10146
1.08482
1.06562
1.04366
1.01922
0.993743
0.969831
0.950659
0.93901
0.93661
0.943762
0.959338
0.980889
1.005
1.02792
1.04629
1.05776
1.06133
1.0574
1.04754
1.03425
1.02093
1.01139
1.00883
1.01449
1.02718
1.04398
1.06156
1.07732
1.08964
1.09747
1.10001
1.09678
1.08816
1.07567
1.06179
1.04938
1.04101
1.03826
1.04151
1.04983
1.06143
1.07429
1.08666
1.09729
1.10523
1.10985
1.11092
1.10879
1.10432
1.09855
1.09238
1.08625
1.08024
1.07415
1.06785
1.0613
1.05471
1.04843
1.043
1.03903
1.0372
1.03817
1.04223
1.04915
1.05829
1.06889
1.0802
1.09151
1.10226
1.11232
1.12186
1.1312
1.1406
1.15019
1.15996
1.16981
1.17929
1.18768
1.19418
1.19811
1.19901
1.19673
1.19164
1.18473
1.17715
1.16967
1.16218
1.15392
1.14399
1.13211
1.11891
1.10577
1.09412
1.08494
1.07877
1.07581
1.07549
1.0763
1.07703
1.07814
1.08045
1.0825
1.08064
1.07249
1.05917
1.04463
1.03306
1.02702
1.0269
1.03176
1.04033
1.0515
1.06402
1.07632
1.0865
1.09282
1.09432
1.09117
1.08463
1.07662
1.06888
1.06226
1.0568
1.05238
1.04944
1.04899
1.05217
1.05957
1.07079
1.08452
1.09878
1.11149
1.12103
1.12677
1.12909
1.12917
1.12831
1.1274
1.1267
1.1259
1.12428
1.12103
1.11546
1.10725
1.09655
1.08398
1.0706
1.05773
1.04664
1.03828
1.03317
1.03152
1.0335
1.03933
1.04904
1.06214
1.07736
1.09277
1.10614
1.11547
1.11948
1.118
1.11216
1.10419
1.09696
1.09304
1.09379
1.09879
1.10602
1.11262
1.11594
1.11444
1.10836
1.09953
1.09066
1.08453
1.08329
1.08772
1.09674
1.10753
1.11674
1.12189
1.12205
1.11776
1.11065
1.10308
1.09766
1.09654
1.10037
1.10772
1.11541
1.11977
1.1178
1.10813
1.092
1.07313
1.05614
1.044
1.03726
1.03548
1.0384
1.046
1.05798
1.07346
1.09095
1.10828
1.12277
1.13193
1.13435
1.13049
1.12275
1.11454
1.109
1.10778
1.11079
1.11659
1.12324
1.1291
1.13308
1.13438
1.13223
1.12595
1.11547
1.10155
1.08571
1.06971
1.05493
1.04195
1.03079
1.02141
1.01414
1.00943
1.00737
1.00741
1.00874
1.01097
1.01447
1.02009
1.02843
1.03941
1.05239
1.06668
1.08165
1.09646
1.10968
1.11958
1.12488
1.12548
1.12301
1.12048
1.12096
1.12582
1.13407
1.14336
1.15128
1.1564
1.15866
1.15916
1.15919
1.15906
1.15788
1.15432
1.14747
1.13711
1.12369
1.10817
1.09193
1.07666
1.06389
1.05462
1.04918
1.04731
1.04832
1.05086
1.053
1.05316
1.05115
1.04841
1.04699
1.04797
1.05056
1.05281
1.05282
1.04975
1.04396
1.03661
1.02913
1.02266
1.01758
1.01348
1.00963
1.00568
1.00213
1.00035
1.00199
1.00827
1.0196
1.03538
1.05415
1.07385
1.09239
1.108
1.11947
1.12611
1.1274
1.1228
1.11191
1.09472
1.07212
1.04601
1.01921
0.994965
0.976314
0.965512
0.963644
0.97031
0.983607
1.00049
1.01753
1.0318
1.04146
1.04586
1.04553
1.04176
1.03588
1.02874
1.02066
1.01182
1.00271
0.993868
0.985591
0.977665
0.969673
0.961549
0.954012
0.948468
0.946553
0.949445
0.957353
0.969446
0.984102
0.99924
1.01267
1.02265
1.02834
1.02989
1.02813
1.0241
1.01882
1.01308
1.00766
1.00326
1.00038
0.999076
0.998893
0.999098
0.999118
0.998825
0.998559
0.998929
1.00063
1.00424
1.00998
1.01764
1.02668
1.03635
1.0458
1.05393
1.05948
1.06121
1.05847
1.05168
1.04246
1.03321
1.02625
1.02304
1.0237
1.02729
1.03248
1.03827
1.04437
1.05108
1.05862
1.06669
1.0746
1.08176
1.08808
1.09398
1.09999
1.10634
1.11275
1.11858
1.1231
1.1256
1.12548
1.12226
1.11585
1.10691
1.09689
1.08756
1.08012
1.07473
1.07064
1.06708
1.06397
1.06202
1.06207
1.06414
1.06696
1.06847
1.06692
1.06172
1.05379
1.04503
1.03736
1.03177
1.02825
1.02645
1.02631
1.02822
1.03246
1.0387
1.04576
1.05191
1.05547
1.0552
1.05043
1.04112
1.02794
1.01256
0.997813
0.987351
0.98436
0.989849
1.00202
1.01727
1.03195
1.04348
1.05059
1.05322
1.05227
1.04942
1.04663
1.04558
1.04714
1.05115
1.05674
1.06266
1.06787
1.07171
1.07401
1.07476
1.07386
1.07127
1.06733
1.06308
1.06005
1.0598
1.06336
1.07065
1.08043
1.09069
1.09931
1.10461
1.1057
1.10258
1.09613
1.08801
1.08033
1.07503
1.07337
1.07547
1.08024
1.08557
1.08901
1.08864
1.08382
1.07548
1.06582
1.05725
1.05142
1.04882
1.04915
1.05191
1.05672
1.06319
1.07087
1.07913
1.08736
1.09509
1.1022
1.10893
1.11576
1.12304
1.13063
1.13768
1.14291
1.14505
1.14337
1.13778
1.12885
1.11762
1.10547
1.0941
1.085
1.0786
1.07397
1.06933
1.06307
1.05464
1.04478
1.03524
1.02789
1.02383
1.02287
1.02388
1.02572
1.0279
1.03064
1.03433
1.03903
1.04441
1.04991
1.05484
1.05866
1.0614
1.06381
1.06717
1.07262
1.08046
1.09009
1.10039
1.11019
1.11854
1.12471
1.12819
1.12871
1.12622
1.121
1.11371
1.10533
1.09694
1.08917
1.08187
1.07414
1.06487
1.05367
1.04151
1.03076
1.02401
1.02236
1.02466
1.02831
1.03082
1.03069
1.02757
1.02206
1.01547
1.00955
1.00603
1.00607
1.00984
1.01641
1.02424
1.03191
1.03882
1.04531
1.05233
1.0607
1.07054
1.08122
1.09176
1.10148
1.11032
1.11887
1.12801
1.13832
1.14963
1.16114
1.17173
1.18029
1.18593
1.18803
1.18637
1.1813
1.17379
1.16516
1.15658
1.14879
1.14215
1.13693
1.13327
1.13093
1.12918
1.12705
1.12388
1.11979
1.11575
1.11312
1.11293
1.11533
1.11937
1.12327
1.12504
1.12334
1.11829
1.11154
1.10535
1.10129
1.09986
1.10111
1.10522
1.11222
1.12154
1.13206
1.14237
1.15117
1.15736
1.16031
1.15995
1.15695
1.15267
1.14903
1.14816
1.15184
1.16078
1.17413
1.18968
1.20461
1.21636
1.22317
1.22436
1.22031
1.21244
1.20284
1.19343
1.18509
1.17745
1.16963
1.16106
1.15182
1.14245
1.13344
1.12485
1.11616
1.10656
1.09547
1.08303
1.07039
1.05938
1.05163
1.04777
1.04732
1.04918
1.05223
1.05564
1.05887
1.0617
1.06425
1.06679
1.06915
1.07044
1.06968
1.067
1.06405
1.06302
1.0649
1.06858
1.07157
1.07161
1.06783
1.06091
1.05244
1.04428
1.03811
1.03534
1.03704
1.04379
1.05548
1.07139
1.0905
1.11179
1.13428
1.15702
1.17887
1.19838
1.21377
1.22323
1.22532
1.21937
1.20558
1.18514
1.16019
1.13351
1.1079
1.0856
1.06803
1.05584
1.04919
1.04768
1.05011
1.05449
1.05866
1.06113
1.06173
1.06156
1.06221
1.06482
1.06931
1.07444
1.0786
1.08071
1.08088
1.08028
1.08065
1.08334
1.08866
1.09584
1.10349
1.11023
1.1151
1.11772
1.11805
1.11619
1.11222
1.10624
1.09858
1.09005
1.08193
1.07535
1.07041
1.06573
1.05926
1.04934
1.03541
1.01828
1.00007
0.984247
0.97502
0.975383
0.985322
1.00182
1.02079
1.03897
1.05469
1.06745
1.07717
1.08362
1.08653
1.08591
1.08232
1.07681
1.07069
1.06521
1.06109
1.05826
1.05627
1.05505
1.05521
1.05744
1.0618
1.06781
1.07486
1.08251
1.09044
1.09828
1.1055
1.11162
1.11629
1.11944
1.12116
1.12161
1.12092
1.11909
1.11599
1.11148
1.10559
1.0989
1.09279
1.08932
1.09014
1.09524
1.10246
1.10845
1.11022
1.10616
1.09638
1.08254
1.06733
1.05359
1.04346
1.0378
1.03631
1.038
1.04161
1.04583
1.04931
1.05083
1.04964
1.04578
1.04004
1.03353
1.02719
1.02163
1.0171
1.01344
1.01003
1.00616
1.00168
0.997317
0.994388
0.993887
0.995839
0.999544
1.00436
1.01015
1.01682
1.02342
1.02776
1.02765
1.02349
1.01992
1.02271
1.03249
1.04419
1.05281
1.05672
1.0567
1.05406
1.04985
1.04501
1.04053
1.0373
1.03582
1.03592
1.03686
1.03778
1.03826
1.03873
1.0405
1.0455
1.05572
1.07231
1.09476
1.12077
1.14709
1.1707
1.18958
1.20286
1.21058
1.21324
1.21132
1.20502
1.19429
1.17917
1.16027
1.1393
1.11911
1.10327
1.09481
1.09503
1.10287
1.11546
1.12928
1.14116
1.14873
1.15044
1.14554
1.13416
1.11731
1.09695
1.07583
1.05702
1.04287
1.0341
1.02952
1.02683
1.02395
1.02015
1.0165
1.01571
1.02168
1.03831
1.06687
1.10345
1.14081
1.17252
1.19524
1.20815
1.21159
1.20643
1.19387
1.17564
1.15438
1.13385
1.11786
1.10837
1.10459
1.10454
1.10711
1.11253
1.12147
1.13373
1.14752
1.15972
1.16679
1.16587
1.15587
1.13856
1.11878
1.10245
1.09328
1.09153
1.09562
1.1038
1.11431
1.12505
1.13384
1.13902
1.13982
1.13621
1.12864
1.11772
1.1041
1.0885
1.07179
1.05498
1.03907
1.02491
1.01314
1.0044
0.999554
0.999766
1.00621
1.01948
1.03901
1.06285
1.08792
1.11049
1.12685
1.13396
1.13018
1.11594
1.09392
1.0685
1.04406
1.02343
1.00755
0.99632
0.989199
0.98532
0.983433
0.982323
0.981445
0.981193
0.982523
0.986137
0.991815
0.998508
1.00499
1.01055
1.01518
1.01953
1.02454
1.03118
1.04029
1.05242
1.0676
1.08502
1.10294
1.11904
1.13119
1.13819
1.14017
1.13855
1.1357
1.13413
1.13552
1.13982
1.14511
1.14849
1.14727
1.13996
1.12665
1.10897
1.08977
1.07242
1.05997
1.05417
1.05464
1.05887
1.06342
1.06556
1.06436
1.06062
1.05612
1.05277
1.05222
1.05583
1.0646
1.07886
1.09789
1.11986
1.14226
1.16258
1.17895
1.19037
1.19662
1.19791
1.19467
1.18732
1.17623
1.1619
1.14501
1.12631
1.10648
1.08605
1.06591
1.04786
1.03474
1.02919
1.03187
1.0409
1.05295
1.06471
1.07376
1.07878
1.07946
1.07634
1.07038
1.06249
1.0531
1.04204
1.02869
1.01306
0.997421
0.987774
0.991975
1.0139
1.04945
1.08978
1.12713
1.1572
1.17851
1.19107
1.19571
1.19368
1.18642
1.17534
1.16154
1.14572
1.12843
1.11041
1.0929
1.07765
1.06656
1.06102
1.06151
1.06741
1.07702
1.08781
1.09694
1.10191
1.10124
1.09498
1.08476
1.07341
1.06426
1.06035
1.0637
1.0748
1.09238
1.11361
1.13477
1.15233
1.16384
1.16844
1.16686
1.16089
1.15262
1.14373
1.13515
1.12701
1.11901
1.11079
1.10247
1.09492
1.08961
1.08801
1.09084
1.09756
1.10649
1.11548
1.12258
1.12668
1.12758
1.12572
1.12161
1.11553
1.10734
1.0968
1.08383
1.0688
1.05274
1.0374
1.02497
1.01772
1.01743
1.02492
1.03982
1.06035
1.08369
1.10662
1.12648
1.14144
1.15034
1.15275
1.14922
1.14127
1.13109
1.12088
1.11221
1.10558
1.10045
1.0957
1.09043
1.08444
1.07823
1.07283
1.06965
1.07058
1.07769
1.09255
1.11527
1.14393
1.1748
1.20343
1.22597
1.24003
1.24504
1.24204
1.23313
1.22065
1.20638
1.19138
1.1762
1.16126
1.14708
1.1343
1.12342
1.11446
1.1069
1.10016
1.09397
1.08855
1.08424
1.08113
1.07889
1.07697
1.07479
1.0719
1.06816
1.06395
1.06029
1.05822
1.05793
1.05818
1.0568
1.0519
1.04291
1.03081
1.01752
1.00508
0.995075
0.988503
0.986029
0.988152
0.995088
1.00644
1.02109
1.03749
1.05418
1.07002
1.08437
1.09685
1.10734
1.11584
1.12246
1.12739
1.1308
1.13282
1.13364
1.13358
1.13308
1.13242
1.13136
1.1292
1.12513
1.11858
1.10939
1.09774
1.08409
1.06904
1.05325
1.03741
1.0222
1.00839
0.996979
0.989398
0.98734
0.991977
1.00288
1.01767
1.03293
1.04568
1.05429
1.0586
1.05949
1.05834
1.05656
1.05542
1.05596
1.059
1.06493
1.07366
1.08459
1.09684
1.10965
1.12249
1.13486
1.14611
1.15539
1.16192
1.16525
1.16542
1.16275
1.15762
1.15047
1.14196
1.13297
1.12425
1.11587
1.10703
1.09646
1.08342
1.06861
1.05468
1.04558
1.04463
1.05293
1.06928
1.09135
1.11678
1.14362
1.17038
1.19578
1.21864
1.23786
1.25245
1.26169
1.2653
1.26346
1.2568
1.24633
1.23319
1.21846
1.20307
1.1876
1.17239
1.15782
1.14452
1.13349
1.12584
1.12232
1.12308
1.12748
1.13425
1.14175
1.14824
1.15219
1.15249
1.14854
1.14026
1.12818
1.11359
1.09872
1.08665
1.08045
1.08204
1.09106
1.10494
1.11994
1.13268
1.14118
1.14489
1.14426
1.14016
1.13356
1.12564
1.1177
1.11101
1.10653
1.10468
1.10544
1.10858
1.11368
1.12
1.12624
1.13087
1.13254
1.13061
1.1252
1.11699
1.1071
1.09683
1.08759
1.0806
1.0767
1.07626
1.07933
1.0856
1.09419
1.10371
1.11242
1.11862
1.12094
1.1185
1.11112
1.09941
1.08477
1.06917
1.05475
1.04333
1.03604
1.03309
1.03381
1.03666
1.03966
1.04072
1.03846
1.03277
1.02521
1.01867
1.01596
1.01812
1.02383
1.03055
1.03656
1.04173
1.04641
1.05008
1.05203
1.05303
1.05565
1.06227
1.07304
1.08566
1.09701
1.1051
1.10995
1.11332
1.11755
1.12382
1.1312
1.13703
1.13845
1.13349
1.12167
1.10395
1.08253
1.06042
1.04077
1.02629
1.01895
1.01978
1.02842
1.04277
1.05946
1.075
1.0869
1.09416
1.09697
1.09593
1.09155
1.08408
1.0739
1.06194
1.04968
1.03871
1.03031
1.02502
1.0227
1.02285
1.02497
1.02882
1.03449
1.04231
1.05242
1.06447
1.07744
1.08971
1.09952
1.10537
1.10637
1.10245
1.09423
1.08297
1.07028
1.05782
1.04703
1.03885
1.03389
1.03283
1.03669
1.04657
1.06254
1.08296
1.10489
1.12544
1.14268
1.15565
1.16382
1.16665
1.16346
1.15396
1.1387
1.11929
1.09823
1.07835
1.06209
1.0509
1.04495
1.04337
1.04476
1.0478
1.05154
1.05561
1.06028
1.06642
1.07487
1.08545
1.09667
1.10641
1.11307
1.11618
1.11641
1.11503
1.11353
1.11341
1.11604
1.12237
1.13256
1.14565
1.15962
1.17195
1.18018
1.18254
1.17826
1.16777
1.15269
1.13557
1.11937
1.10672
1.09928
1.0974
1.1003
1.10648
1.11434
1.12256
1.13014
1.13619
1.13964
1.13936
1.1346
1.1253
1.11214
1.09619
1.07852
1.06005
1.04164
1.02425
1.00897
0.996933
0.989185
0.986383
0.988677
0.995634
1.00627
1.01923
1.0331
1.04675
1.0594
1.07054
1.07984
1.0871
1.0925
1.09682
1.10149
1.10808
1.11741
1.12909
1.14182
1.15403
1.16425
1.17102
1.17274
1.16792
1.15584
1.13708
1.1138
1.08968
1.06931
1.05703
1.05538
1.06382
1.0791
1.09724
1.11553
1.13295
1.1492
1.16383
1.17622
1.186
1.19309
1.19743
1.19897
1.19777
1.19431
1.18966
1.18552
1.18391
1.18637
1.19304
1.20236
1.21157
1.21776
1.21889
1.21413
1.2039
1.18944
1.17232
1.15385
1.1347
1.11482
1.09371
1.07104
1.04746
1.02496
1.00662
0.995691
0.994157
1.00157
1.01521
1.03158
1.04797
1.06302
1.0764
1.08823
1.09878
1.10839
1.1176
1.12715
1.13778
1.14982
1.16288
1.17551
1.18545
1.19029
1.1883
1.17906
1.16361
1.14433
1.12459
1.10807
1.09784
1.09539
1.10018
1.11001
1.12219
1.13486
1.1474
1.15976
1.17151
1.18119
1.18664
1.186
1.17837
1.16423
1.14528
1.12389
1.10258
1.08339
1.06746
1.05463
1.04392
1.03452
1.02687
1.0227
1.02369
1.03035
1.04197
1.05747
1.0759
1.09618
1.11661
1.13476
1.14803
1.15424
1.15224
1.14223
1.12585
1.10608
1.08664
1.07101
1.06114
1.05668
1.05528
1.05381
1.04996
1.04311
1.03443
1.02611
1.02008
1.01729
1.01774
1.02116
1.02749
1.03654
1.04759
1.05939
1.07057
1.08033
1.08889
1.09738
1.10718
1.11883
1.13127
1.14196
1.14795
1.14696
1.13814
1.12215
1.10108
1.07815
1.05727
1.04238
1.03623
1.03925
1.04919
1.06204
1.07379
1.0817
1.08465
1.08307
1.07838
1.07253
1.06754
1.06525
1.06704
1.07337
1.08327
1.09463
1.10505
1.11272
1.11693
1.11792
1.11672
1.11481
1.11384
1.1152
1.11966
1.12719
1.13706
1.14808
1.15875
1.16741
1.17227
1.17168
1.16449
1.15038
1.13011
1.1056
1.07988
1.05693
1.04119
1.03604
1.04184
1.05532
1.07149
1.08595
1.09575
1.0992
1.0957
1.08581
1.07139
1.05531
1.04089
1.03099
1.02728
1.02985
1.03734
1.04764
1.05865
1.06893
1.07786
1.08574
1.09366
1.10295
1.1141
1.12607
1.13657
1.14332
1.14501
1.14176
1.13508
1.12723
1.12002
1.1139
1.10803
1.10127
1.093
1.08321
1.07235
1.06107
1.05026
1.04121
1.03554
1.03488
1.0403
1.05176
1.06779
1.08602
1.10391
1.11962
1.13238
1.14233
1.15018
1.15678
1.16273
1.16821
1.17303
1.17681
1.17914
1.17978
1.17871
1.17596
1.17163
1.16581
1.15863
1.15036
1.1414
1.13216
1.12307
1.1147
1.10783
1.10333
1.10183
1.10349
1.1081
1.11553
1.12599
1.1397
1.15599
1.1728
1.18722
1.19656
1.19921
1.19495
1.18488
1.17113
1.15648
1.14375
1.13502
1.13088
1.13016
1.13039
1.12875
1.12304
1.11247
1.09784
1.08135
1.06584
1.05397
1.04745
1.0464
1.04929
1.05383
1.05814
1.06156
1.06444
1.0676
1.07178
1.07721
1.08347
1.0898
1.09553
1.10045
1.10474
1.10879
1.11304
1.11785
1.12322
1.12876
1.13404
1.13894
1.14374
1.14848
1.15229
1.15363
1.15128
1.14535
1.13739
1.12948
1.12299
1.11797
1.11381
1.11031
1.1081
1.10821
1.11144
1.11793
1.1272
1.13829
1.15005
1.16139
1.17145
1.17964
1.18547
1.18854
1.18861
1.18582
1.18062
1.17378
1.16625
1.15909
1.1533
1.14954
1.14795
1.1481
1.1491
1.14999
1.1499
1.14814
1.14428
1.13812
1.12993
1.1207
1.11214
1.10622
1.10425
1.10614
1.11054
1.11562
1.11983
1.12226
1.12272
1.12156
1.11946
1.11696
1.11416
1.11056
1.10524
1.0972
1.08581
1.07113
1.05412
1.03647
1.02042
1.00828
1.00185
1.00212
1.00898
1.02127
1.03696
1.05368
1.06931
1.08248
1.09271
1.10023
1.10564
1.10947
1.11195
1.11301
1.11243
1.11025
1.10679
1.10256
1.0981
1.09399
1.0911
1.09068
1.09402
1.10189
1.11421
1.13004
1.1478
1.16565
1.18167
1.19401
1.20092
1.20094
1.1932
1.17778
1.15583
1.12964
1.10229
1.0771
1.0567
1.0422
1.03281
1.02619
1.01952
1.01061
0.998648
0.984354
0.969619
0.957023
0.949143
0.947867
0.953688
0.965561
0.981381
0.998731
1.01547
1.03001
1.04144
1.04959
1.05492
1.05813
1.05967
1.05949
1.05733
1.05378
1.05132
1.0538
1.06413
1.08173
1.1027
1.12249
1.13798
1.14777
1.15157
1.14986
1.14377
1.13496
1.1253
1.11614
1.10785
1.09994
1.09179
1.08334
1.07518
1.06823
1.06312
1.05991
1.05826
1.05779
1.05842
1.06032
1.06377
1.06893
1.07565
1.08345
1.09166
1.09993
1.10861
1.11862
1.1306
1.1439
1.15638
1.16511
1.16767
1.16319
1.15256
1.13775
1.12085
1.10351
1.08704
1.07257
1.06101
1.05283
1.04808
1.04656
1.04799
1.05195
1.05787
1.065
1.07255
1.07966
1.08549
1.08927
1.09065
1.08982
1.0877
1.08577
1.08546
1.08715
1.08967
1.09095
1.08918
1.08356
1.07424
1.06187
1.04723
1.03115
1.01446
0.998192
0.98366
0.972412
0.965973
0.96544
0.971216
0.982806
0.998923
1.01779
1.03752
1.05646
1.07343
1.08775
1.09926
1.10823
1.11516
1.12038
1.12374
1.12463
1.12232
1.11662
1.10832
1.09933
1.09209
1.08863
1.08965
1.0943
1.10064
1.10667
1.11108
1.11358
1.11457
1.11437
1.1128
1.10929
1.10371
1.09698
1.09109
1.08846
1.09081
1.09844
1.11033
1.12479
1.14006
1.15453
1.16663
1.17479
1.17747
1.17358
1.16301
1.14693
1.12772
1.1084
1.09163
1.07879
1.06958
1.06241
1.05531
1.04708
1.038
1.02985
1.02498
1.02487
1.02939
1.03739
1.04789
1.06038
1.07446
1.08939
1.10428
1.11836
1.1309
1.14112
1.14839
1.1525
1.15353
1.1518
1.14777
1.14237
1.13718
1.13367
1.13168
1.12885
1.122
1.10964
1.09327
1.07671
1.0636
1.05518
1.05033
1.04697
1.04339
1.03855
1.03215
1.02465
1.01746
1.01287
1.01345
1.0207
1.03395
1.05103
1.06982
1.0889
1.10684
1.12165
1.13124
1.13461
1.13264
1.12773
1.12254
1.1185
1.11547
1.11253
1.109
1.1048
1.10013
1.09512
1.08977
1.08428
1.07919
1.07542
1.07393
1.07531
1.0795
1.08564
1.09237
1.09829
1.10223
1.10355
1.10209
1.09832
1.09318
1.08779
1.08286
1.07864
1.07531
1.07345
1.07396
1.07755
1.08424
1.09299
1.102
1.10929
1.11361
1.11495
1.11452
1.11417
1.11553
1.11945
1.12579
1.13364
1.14183
1.1491
1.15428
1.15631
1.15432
1.14787
1.13719
1.12344
1.10879
1.09611
1.08843
1.08797
1.09527
1.10882
1.12556
1.14199
1.1552
1.16326
1.16526
1.161
1.15087
1.13566
1.11654
1.09485
1.07187
1.04867
1.02626
1.00577
0.988488
0.975439
0.966945
0.962664
0.962265
0.965993
0.974409
0.987439
1.00349
1.01968
1.03304
1.04179
1.04591
1.04698
1.04744
1.04931
1.05303
1.05723
1.05965
1.05872
1.0544
1.04817
1.04221
1.0386
1.03862
1.04244
1.04889
1.05571
1.0601
1.05954
1.05256
1.03927
1.02145
1.00225
0.985381
0.974317
0.971403
0.977306
0.990982
1.01009
1.03169
1.05299
1.07195
1.08739
1.09894
1.10663
1.11061
1.11097
1.10783
1.10169
1.09359
1.08478
1.07618
1.06809
1.0606
1.05406
1.04922
1.04676
1.04682
1.04875
1.05131
1.05304
1.05278
1.04986
1.04401
1.03505
1.02303
1.00855
0.993275
0.97989
0.971131
0.968586
0.972207
0.980803
0.993108
1.00833
1.02606
1.0459
1.06719
1.08901
1.11033
1.13012
1.14739
1.16115
1.17051
1.17487
1.17404
1.16837
1.15859
1.14576
1.13121
1.11653
1.10348
1.09366
1.08789
1.08586
1.08627
1.0873
1.08721
1.08469
1.07913
1.07052
1.05946
1.04725
1.03611
1.02882
1.02737
1.03146
1.0387
1.04636
1.05278
1.05745
1.06044
1.06191
1.06188
1.06024
1.05687
1.05182
1.04568
1.03982
1.0362
1.03667
1.04223
1.05256
1.06624
1.08142
1.09646
1.11021
1.12197
1.13123
1.13757
1.14069
1.14062
1.13793
1.13377
1.12971
1.12721
1.12706
1.12902
1.13192
1.13433
1.13512
1.13377
1.13049
1.12605
1.12167
1.11875
1.11883
1.12346
1.13351
1.14795
1.16326
1.17445
1.17713
1.16953
1.15311
1.13206
1.11158
1.09567
1.0857
1.0807
1.07869
1.07788
1.0772
1.07635
1.07555
1.07516
1.07548
1.07674
1.07918
1.08282
1.08737
1.09237
1.0975
1.10285
1.1087
1.11526
1.12236
1.12959
1.13647
1.14271
1.14822
1.15303
1.15712
1.16027
1.16207
1.16201
1.15973
1.15497
1.14773
1.13831
1.12744
1.11639
1.10683
1.10066
1.09956
1.10446
1.11529
1.13103
1.15007
1.17056
1.19063
1.20849
1.22238
1.23071
1.23208
1.22569
1.21166
1.1913
1.16701
1.14186
1.11908
1.10141
1.09061
1.08726
1.09073
1.09938
1.11096
1.12319
1.1342
1.1427
1.14789
1.14929
1.14691
1.14143
1.13419
1.12662
1.1196
1.11327
1.10742
1.10183
1.09626
1.0904
1.08409
1.07788
1.07339
1.07276
1.07716
1.08566
1.0958
1.10521
1.11287
1.11919
1.12528
1.13212
1.13995
1.14811
1.15536
1.16044
1.16247
1.16115
1.15666
1.14943
1.14
1.12899
1.11721
1.10581
1.09627
1.09008
1.08867
1.09298
1.10326
1.11863
1.13707
1.15576
1.1718
1.18277
1.18709
1.18412
1.17422
1.15864
1.1393
1.11847
1.09855
1.08173
1.06972
1.06321
1.06151
1.06263
1.0639
1.06296
1.05861
1.05161
1.04463
1.04118
1.04357
1.0515
1.06256
1.07397
1.08399
1.09237
1.09997
1.1078
1.11621
1.12461
1.13215
1.13844
1.14363
1.14811
1.15187
1.15426
1.15407
1.14995
1.1409
1.12652
1.10715
1.08393
1.05874
1.03401
1.01223
0.995477
0.984987
0.981046
0.983202
0.990301
1.00039
1.0111
1.0206
1.02835
1.03485
1.04073
1.04605
1.04997
1.05111
1.04815
1.04046
1.02853
1.01421
1.00049
0.990744
0.987401
0.990961
1.00017
1.01304
1.02773
1.04286
1.05748
1.07107
1.08363
1.09532
1.10636
1.11665
1.12565
1.13243
1.13585
1.13487
1.12875
1.11731
1.10119
1.08221
1.06344
1.04873
1.04141
1.04262
1.05095
1.06361
1.07781
1.09138
1.10261
1.11004
1.11256
1.10964
1.10166
1.08997
1.07677
1.06484
1.05699
1.05521
1.05991
1.06974
1.08215
1.09436
1.10401
1.10942
1.10966
1.10478
1.09591
1.08511
1.07462
1.06605
1.05978
1.05535
1.05213
1.05017
1.05035
1.05387
1.06151
1.07307
1.08734
1.10239
1.11611
1.12675
1.13324
1.13542
1.13402
1.13027
1.12522
1.119
1.11064
1.0985
1.08131
1.05874
1.03172
1.00236
0.973829
0.950357
0.93679
0.937036
0.951746
0.977446
1.00823
1.03832
1.06356
1.08157
1.09175
1.09497
1.09319
1.08871
1.08335
1.07816
1.0735
1.06956
1.06673
1.06584
1.0679
1.07342
1.08184
1.09164
1.10101
1.1084
1.11275
1.1135
1.11079
1.10557
1.09973
1.09572
1.09578
1.10109
1.1114
1.12522
1.14034
1.15443
1.1653
1.17117
1.17092
1.16437
1.15251
1.1372
1.12045
1.10385
1.08852
1.07553
1.06596
1.06029
1.05797
1.05792
1.05934
1.06209
1.06625
1.07163
1.07741
1.08233
1.08514
1.08523
1.08313
1.08079
1.08105
1.08621
1.09634
1.1089
1.12028
1.12786
1.13081
1.12968
1.12543
1.11881
1.11015
1.09976
1.0887
1.07914
1.07392
1.07531
1.08367
1.09697
1.11156
1.12365
1.13042
1.13036
1.1231
1.10898
1.08897
1.06469
1.03839
1.01287
0.991054
0.975486
0.967896
0.968934
0.978117
0.994016
1.01443
1.03662
1.05775
1.07535
1.08784
1.09493
1.09778
1.09889
1.10129
1.10737
1.11782
1.1315
1.14645
1.161
1.17425
1.186
1.19619
1.20452
1.21044
1.21341
1.21315
1.2098
1.20377
1.19557
1.18566
1.17451
1.16256
1.15032
1.1384
1.12777
1.11971
1.11559
1.11626
1.12145
1.12962
1.13845
1.14552
1.14888
1.14746
1.14125
1.13144
1.1202
1.11004
1.10289
1.09948
1.0993
1.10116
1.10382
1.10633
1.1082
1.10921
1.10924
1.10811
1.10552
1.10129
1.09579
1.09067
1.08873
1.09231
1.10084
1.11073
1.11781
1.11976
1.11673
1.11059
1.10395
1.09927
1.09838
1.10224
1.11098
1.12388
1.13931
1.15486
1.16782
1.17608
1.17862
1.17566
1.16815
1.15715
1.14359
1.12825
1.11175
1.0945
1.0767
1.05879
1.04219
1.02948
1.02337
1.02503
1.03318
1.04476
1.05637
1.06549
1.07085
1.07244
1.07111
1.06812
1.06474
1.06198
1.06048
1.06056
1.06226
1.06525
1.0688
1.07201
1.07409
1.07481
1.07452
1.07396
1.07379
1.07427
1.07516
1.07601
1.07638
1.0761
1.07542
1.07509
1.07616
1.07925
1.08369
1.08744
1.08856
1.08666
1.08304
1.07974
1.07828
1.07908
1.08153
1.08466
1.08757
1.08976
1.09121
1.09219
1.09315
1.0945
1.0965
1.09916
1.10216
1.10507
1.10777
1.11051
1.11379
1.11803
1.12343
1.13001
1.13758
1.14564
1.15331
1.1593
1.16214
1.16069
1.1546
1.14461
1.13238
1.12018
1.11035
1.10446
1.10249
1.10279
1.10295
1.10095
1.09578
1.08773
1.07812
1.06876
1.06129
1.05637
1.05326
1.0502
1.0452
1.03692
1.02516
1.01087
0.99615
0.984117
0.978363
0.981395
0.992818
1.009
1.02473
1.03559
1.03938
1.03627
1.02831
1.01868
1.01067
1.00666
1.00747
1.0126
1.02086
1.03103
1.04216
1.05352
1.06473
1.07571
1.08664
1.09786
1.10962
1.12167
1.13283
1.14126
1.14538
1.1446
1.13938
1.13066
1.1195
1.10676
1.09325
1.07994
1.06815
1.05931
1.05422
1.05237
1.05208
1.05141
1.04928
1.04613
1.04386
1.04479
1.05042
1.06068
1.07441
1.09008
1.10629
1.12175
1.13522
1.14562
1.15247
1.15618
1.15787
1.15868
1.15888
1.15769
1.15404
1.14747
1.13842
1.12786
1.11662
1.10521
1.09389
1.08293
1.07266
1.0632
1.05423
1.04551
1.0375
1.03159
1.02944
1.03195
1.03875
1.0485
1.05945
1.0699
1.0785
1.08439
1.08723
1.08725
1.08505
1.08138
1.07692
1.07216
1.06737
1.06259
1.05746
1.05112
1.04247
1.03067
1.01599
1.00051
0.988428
0.984788
0.99263
1.01083
1.03503
1.06039
1.08352
1.10275
1.11779
1.129
1.13693
1.14193
1.14424
1.14407
1.14174
1.13754
1.13178
1.12474
1.11687
1.10895
1.10196
1.09667
1.09328
1.09142
1.09036
1.08928
1.08749
1.0846
1.0806
1.0758
1.07072
1.0659
1.06177
1.05869
1.05693
1.05667
1.05785
1.06006
1.06254
1.06453
1.0657
1.06645
1.06775
1.07064
1.07561
1.08228
1.08957
1.09613
1.1007
1.10237
1.10076
1.09621
1.08968
1.08235
1.07518
1.06866
1.06281
1.05738
1.05221
1.04776
1.04537
1.04714
1.055
1.06971
1.09036
1.11481
1.14047
1.16492
1.18594
1.20149
1.20989
1.21003
1.2017
1.18579
1.16435
1.14025
1.11653
1.09569
1.0792
1.06746
1.06018
1.05682
1.05693
1.06007
1.06569
1.07293
1.08068
1.08773
1.0925
1.09311
1.08775
1.07566
1.05776
1.03651
1.01517
0.997006
0.984681
0.97977
0.982431
0.991544
1.00531
1.02197
1.0401
1.05862
1.07653
1.09304
1.10767
1.12026
1.13086
1.13955
1.14625
1.1506
1.15174
1.14861
1.14059
1.12799
1.112
1.09439
1.07713
1.06228
1.05158
1.04594
1.04492
1.04679
1.04916
1.04992
1.0479
1.04312
1.03654
1.02973
1.02434
1.02167
1.02232
1.02614
1.03246
1.04039
1.049
1.05742
1.06482
1.07064
1.07488
1.07795
1.08036
1.08255
1.08492
1.08791
1.0918
1.0963
1.10046
1.1029
1.10235
1.09803
1.0899
1.07873
1.06602
1.05393
1.0451
1.04233
1.04794
1.06281
1.08567
1.11319
1.14107
1.16536
1.1833
1.19343
1.19542
1.18984
1.17797
1.1616
1.14275
1.12342
1.10519
1.08911
1.0758
1.06557
1.05862
1.05498
1.05448
1.05682
1.06158
1.06834
1.07678
1.08666
1.0976
1.10893
1.11963
1.12857
1.1348
1.13781
1.13762
1.13485
1.13059
1.12622
1.12292
1.12134
1.12143
1.12274
1.12476
1.1272
1.12996
1.13304
1.13644
1.14002
1.14362
1.14708
1.15042
1.15391
1.15795
1.16288
1.16876
1.17522
1.18146
1.18634
1.18859
1.1872
1.1818
1.17305
1.16257
1.15222
1.14327
1.13591
1.12968
1.12396
1.1182
1.11183
1.10422
1.09453
1.08167
1.06481
1.04447
1.02415
1.0103
1.00902
1.0217
1.04473
1.07289
1.10181
1.12837
1.15028
1.166
1.17468
1.17627
1.17183
1.16364
1.15514
1.15008
1.1512
1.15914
1.17258
1.1891
1.20611
1.22125
1.23254
1.23862
1.23897
1.23399
1.22479
1.21284
1.19957
1.18593
1.17218
1.15793
1.1425
1.12539
1.1066
1.0867
1.06673
1.04802
1.03197
1.01974
1.01198
1.00872
1.00952
1.01386
1.02154
1.03266
1.04736
1.06516
1.08487
1.10491
1.12377
1.14021
1.15317
1.16176
1.16535
1.16387
1.158
1.14919
1.1396
1.13165
1.12751
1.1285
1.13464
1.14464
1.15635
1.16746
1.17603
1.18071
1.18087
1.17656
1.16849
1.15782
1.14606
1.13475
1.12517
1.11811
1.11366
1.11123
1.1098
1.10832
1.10608
1.10283
1.09848
1.09272
1.08472
1.07345
1.05826
1.03953
1.01902
0.999608
0.984807
0.977915
0.980849
0.993095
1.01172
1.03278
1.05297
1.07041
1.0844
1.09492
1.10223
1.10675
1.109
1.10973
1.10973
1.10958
1.10932
1.10859
1.10702
1.10463
1.10201
1.10017
1.10028
1.10306
1.10838
1.11508
1.12139
1.12563
1.12681
1.12497
1.1209
1.11572
1.11029
1.1051
1.10037
1.09628
1.09305
1.09096
1.09028
1.09122
1.09366
1.097
1.10041
1.10314
1.10494
1.10611
1.10749
1.11011
1.11465
1.12102
1.12825
1.13472
1.13882
1.13959
1.13697
1.13155
1.12408
1.11521
1.10564
1.09631
1.08805
1.08107
1.0749
1.06914
1.06405
1.06042
1.05889
1.05923
1.06036
1.06112
1.06123
1.06192
1.06525
1.07273
1.08425
1.09823
1.11258
1.12559
1.13637
1.14476
1.15109
1.15599
1.16006
1.16359
1.16641
1.16802
1.16771
1.16498
1.15966
1.15201
1.14257
1.13201
1.12096
1.10993
1.0992
1.08903
1.07973
1.07168
1.06532
1.06099
1.05871
1.05817
1.0587
1.05961
1.06039
1.06089
1.06133
1.06205
1.06314
1.0642
1.06425
1.06189
1.05576
1.04506
1.03025
1.01341
0.997906
0.987232
0.983526
0.986727
0.995004
1.00586
1.01711
1.0273
1.03567
1.04207
1.04683
1.05023
1.05203
1.05131
1.04719
1.03981
1.03073
1.02208
1.01537
1.0108
1.00779
1.00559
1.00362
1.00166
1.00002
0.999783
1.00249
1.00963
1.02194
1.03913
1.05991
1.08235
1.10441
1.12438
1.14113
1.15422
1.16386
1.17066
1.17525
1.17795
1.17853
1.17645
1.17121
1.16274
1.15164
1.13901
1.12618
1.11417
1.10347
1.09383
1.08454
1.07473
1.06375
1.05134
1.0378
1.02405
1.01153
1.00204
0.997385
0.99865
1.00553
1.01618
1.02779
1.03753
1.04335
1.04445
1.04135
1.03567
1.02953
1.02486
1.02271
1.0231
1.02511
1.02756
1.02959
1.03108
1.03273
1.03578
1.0415
1.05069
1.06333
1.07845
1.09445
1.10957
1.12229
1.13156
1.13674
1.13754
1.13414
1.12743
1.11907
1.11103
1.10468
1.10017
1.09662
1.09276
1.08761
1.08077
1.0725
1.06365
1.05534
1.04861
1.04413
1.04212
1.04249
1.04508
1.0497
1.05614
1.06397
1.0725
1.08091
1.0885
1.09482
1.09953
1.10219
1.10258
1.10129
1.09967
1.0992
1.10051
1.10296
1.10496
1.10463
1.10035
1.09111
1.07687
1.05905
1.04066
1.02579
1.01814
1.01947
1.02872
1.04254
1.05684
1.06833
1.07531
1.07761
1.07604
1.07183
1.0663
1.06075
1.05651
1.05488
1.05687
1.06274
1.07158
1.08153
1.09028
1.09583
1.09683
1.09292
1.08492
1.07466
1.06465
1.05732
1.0542
1.05538
1.05962
1.06513
1.0703
1.07425
1.0768
1.07818
1.07877
1.07884
1.07858
1.07811
1.07758
1.07709
1.07684
1.07748
1.08036
1.0868
1.09665
1.10774
1.11695
1.12185
1.12139
1.11578
1.10603
1.09355
1.07984
1.06617
1.05351
1.04243
1.03305
1.02489
1.01699
1.00814
0.997502
0.984946
0.971181
0.95769
0.946445
0.939587
0.939075
0.946404
0.96225
0.985941
1.01499
1.04552
1.07354
1.09598
1.11104
1.11786
1.11633
1.10707
1.09163
1.0728
1.05475
1.04266
1.04152
1.0531
1.07321
1.09344
1.10642
1.10892
1.10145
1.08666
1.06801
1.04894
1.03238
1.02029
1.01358
1.01222
1.01564
1.02293
1.03305
1.04458
1.05572
1.06446
1.06926
1.06956
1.06602
1.06031
1.05456
1.05098
1.05169
1.05808
1.07019
1.08648
1.10446
1.12157
1.13588
1.14629
1.15238
1.1541
1.15153
1.14479
1.13422
1.12061
1.10552
1.09118
1.08003
1.07405
1.07399
1.07928
1.08837
1.09901
1.1086
1.11477
1.11628
1.11358
1.10877
1.10455
1.10251
1.10213
1.10143
1.09879
1.09405
1.08824
1.08268
1.07846
1.07658
1.07804
1.0836
1.09332
1.1063
1.12102
1.13573
1.14892
1.15944
1.16635
1.1686
1.16518
