-4.13168
-4.09932
-4.10391
-4.14024
-4.19755
-4.25872
-4.30872
-4.34031
-4.35115
-4.34844
-4.34572
-4.35521
-4.38706
-4.43177
-4.47275
-4.49236
-4.48595
-4.45453
-4.41342
-4.37789
-4.36284
-4.36864
-4.38956
-4.41407
-4.43399
-4.44607
-4.44663
-4.43373
-4.40639
-4.36892
-4.32911
-4.29398
-4.26576
-4.2388
-4.20667
-4.16609
-4.12459
-4.0967
-4.09264
-4.10875
-4.13828
-4.17675
-4.22759
-4.28432
-4.34477
-4.40464
-4.46025
-4.50405
-4.53365
-4.54824
-4.55451
-4.56038
-4.57068
-4.58081
-4.58724
-4.59052
-4.59311
-4.59966
-4.60903
-4.61917
-4.62661
-4.62918
-4.62836
-4.62624
-4.62526
-4.62848
-4.63212
-4.63187
-4.62424
-4.60417
-4.57204
-4.52883
-4.48745
-4.46179
-4.45922
-4.48095
-4.51565
-4.55126
-4.57508
-4.58441
-4.57591
-4.55384
-4.52132
-4.48463
-4.44365
-4.40046
-4.3579
-4.31654
-4.27698
-4.24193
-4.21134
-4.18685
-4.16769
-4.15768
-4.16044
-4.17228
-4.19064
-4.20831
-4.21932
-4.22032
-4.21643
-4.21948
-4.23889
-4.27389
-4.31588
-4.3519
-4.37508
-4.38138
-4.37122
-4.34853
-4.31713
-4.28251
-4.2523
-4.23369
-4.23423
-4.26173
-4.31398
-4.38341
-4.45597
-4.52098
-4.57222
-4.60604
-4.62331
-4.62155
-4.60465
-4.57141
-4.52611
-4.47629
-4.43138
-4.40083
-4.39931
-4.42676
-4.47083
-4.51073
-4.53326
-4.5313
-4.50658
-4.46678
-4.42459
-4.38538
-4.34798
-4.30701
-4.26896
-4.24706
-4.25887
-4.29924
-4.35292
-4.40678
-4.45073
-4.48636
-4.51284
-4.53284
-4.54401
-4.54758
-4.5439
-4.53327
-4.51615
-4.49667
-4.47913
-4.47023
-4.4718
-4.48884
-4.52067
-4.56057
-4.59997
-4.62801
-4.63861
-4.63224
-4.60274
-4.54937
-4.48517
-4.42708
-4.38263
-4.34958
-4.32508
-4.31468
-4.31717
-4.32849
-4.33849
-4.33658
-4.31829
-4.29076
-4.26329
-4.24217
-4.22648
-4.20864
-4.19124
-4.18297
-4.19858
-4.23372
-4.27822
-4.31578
-4.34201
-4.35682
-4.36256
-4.36809
-4.37427
-4.37796
-4.37642
-4.36656
-4.35264
-4.33395
-4.30776
-4.2754
-4.24276
-4.21583
-4.20325
-4.20323
-4.21105
-4.21863
-4.21736
-4.20754
-4.1962
-4.20702
-4.25579
-4.33216
-4.41366
-4.48443
-4.53717
-4.57057
-4.58148
-4.57129
-4.53993
-4.49422
-4.44802
-4.41756
-4.41021
-4.42521
-4.45079
-4.47283
-4.49006
-4.50189
-4.51245
-4.52654
-4.53668
-4.53598
-4.52166
-4.49133
-4.44866
-4.40007
-4.35224
-4.30986
-4.27647
-4.25951
-4.26185
-4.28436
-4.31939
-4.35094
-4.36468
-4.35362
-4.3203
-4.27588
-4.23218
-4.19933
-4.18126
-4.17572
-4.18377
-4.20487
-4.23459
-4.27567
-4.32479
-4.3759
-4.41644
-4.43215
-4.42031
-4.38788
-4.35164
-4.32279
-4.30728
-4.29961
-4.29182
-4.28016
-4.2682
-4.26397
-4.27336
-4.29801
-4.33213
-4.36675
-4.39783
-4.42199
-4.44178
-4.46109
-4.4777
-4.48821
-4.48887
-4.48234
-4.47784
-4.48361
-4.4966
-4.51344
-4.52276
-4.5164
-4.49136
-4.44861
-4.39566
-4.3402
-4.29551
-4.27281
-4.27679
-4.3016
-4.34075
-4.37934
-4.41115
-4.43507
-4.45481
-4.47618
-4.49499
-4.50733
-4.50722
-4.49297
-4.46195
-4.41975
-4.37035
-4.3229
-4.28497
-4.26506
-4.26064
-4.26442
-4.27371
-4.28661
-4.30505
-4.32418
-4.33784
-4.33787
-4.32653
-4.31292
-4.30752
-4.32002
-4.35025
-4.39006
-4.42519
-4.4383
-4.42686
-4.3951
-4.36124
-4.34308
-4.34802
-4.36914
-4.39933
-4.43026
-4.46175
-4.48894
-4.50756
-4.51302
-4.50763
-4.49877
-4.49013
-4.48188
-4.47419
-4.46329
-4.44693
-4.42397
-4.39553
-4.36327
-4.33544
-4.31496
-4.30716
-4.3093
-4.31611
-4.31892
-4.31315
-4.29505
-4.26925
-4.24359
-4.22866
-4.22673
-4.23935
-4.2629
-4.28837
-4.30791
-4.31632
-4.31436
-4.30874
-4.30688
-4.31568
-4.33166
-4.34856
-4.36256
-4.36921
-4.37026
-4.36935
-4.36916
-4.37237
-4.38295
-4.4049
-4.4371
-4.47699
-4.51395
-4.53578
-4.52801
-4.48674
-4.42219
-4.36628
-4.35162
-4.38504
-4.4468
-4.50452
-4.54068
-4.55152
-4.54332
-4.52986
-4.52158
-4.52554
-4.54225
-4.56765
-4.5973
-4.62328
-4.64273
-4.65264
-4.65257
-4.64573
-4.63392
-4.61888
-4.59725
-4.56602
-4.5223
-4.46986
-4.41853
-4.37882
-4.35683
-4.34645
-4.34661
-4.35281
-4.36376
-4.37517
-4.3865
-4.39544
-4.39653
-4.39286
-4.38934
-4.39214
-4.4038
-4.42081
-4.43307
-4.43366
-4.41873
-4.38641
-4.33984
-4.28442
-4.22805
-4.17941
-4.14076
-4.11371
-4.09526
-4.08585
-4.09101
-4.1122
-4.14634
-4.18652
-4.22612
-4.26331
-4.29886
-4.3338
-4.36897
-4.40272
-4.43116
-4.45551
-4.47874
-4.50217
-4.51663
-4.51139
-4.48185
-4.42891
-4.36374
-4.30026
-4.24903
-4.21702
-4.20234
-4.19726
-4.19808
-4.21512
-4.26155
-4.3337
-4.41273
-4.47223
-4.50157
-4.50609
-4.4943
-4.47548
-4.45298
-4.43142
-4.41274
-4.39252
-4.36993
-4.34732
-4.3303
-4.32687
-4.33423
-4.34557
-4.35177
-4.35197
-4.352
-4.35705
-4.36643
-4.37663
-4.38081
-4.37989
-4.37285
-4.359
-4.33954
-4.31387
-4.28686
-4.26346
-4.24747
-4.23637
-4.2269
-4.21872
-4.21889
-4.23764
-4.27028
-4.3098
-4.35132
-4.39149
-4.42354
-4.44354
-4.44492
-4.4203
-4.36924
-4.30298
-4.23611
-4.1976
-4.20817
-4.26442
-4.33748
-4.39859
-4.43422
-4.44117
-4.42687
-4.3942
-4.35065
-4.30162
-4.25139
-4.2143
-4.19574
-4.19875
-4.21644
-4.24096
-4.25786
-4.2644
-4.26442
-4.26594
-4.27365
-4.28704
-4.30324
-4.31741
-4.32405
-4.31962
-4.30273
-4.27758
-4.25877
-4.25589
-4.27824
-4.31767
-4.36547
-4.40824
-4.43839
-4.44958
-4.44093
-4.41829
-4.40062
-4.4059
-4.43807
-4.48611
-4.52886
-4.55293
-4.54847
-4.5144
-4.45206
-4.36795
-4.27483
-4.19941
-4.17383
-4.20947
-4.28032
-4.34613
-4.39054
-4.41276
-4.42084
-4.42165
-4.42168
-4.42892
-4.44193
-4.45822
-4.47154
-4.47463
-4.46056
-4.4305
-4.38789
-4.34105
-4.29694
-4.26354
-4.24475
-4.24254
-4.25337
-4.26952
-4.2818
-4.28913
-4.29913
-4.31784
-4.34753
-4.38023
-4.40635
-4.42025
-4.4214
-4.41145
-4.39771
-4.38072
-4.35793
-4.32445
-4.28041
-4.23354
-4.19225
-4.1703
-4.17011
-4.18848
-4.2166
-4.24116
-4.25597
-4.25602
-4.24698
-4.23462
-4.22536
-4.22176
-4.22555
-4.23341
-4.24134
-4.24396
-4.24454
-4.25385
-4.27659
-4.30719
-4.33004
-4.3394
-4.33276
-4.31953
-4.31067
-4.31223
-4.32915
-4.3662
-4.4217
-4.48714
-4.54848
-4.59099
-4.60986
-4.60682
-4.58786
-4.55591
-4.51512
-4.47251
-4.43067
-4.39614
-4.37409
-4.36271
-4.36098
-4.3619
-4.36349
-4.3643
-4.36482
-4.36443
-4.36658
-4.37092
-4.3817
-4.39633
-4.41755
-4.44279
-4.46124
-4.46827
-4.45946
-4.44267
-4.42393
-4.40945
-4.39597
-4.37933
-4.35121
-4.31435
-4.27881
-4.26437
-4.2838
-4.3294
-4.38327
-4.42634
-4.45138
-4.45744
-4.44447
-4.41632
-4.37585
-4.32941
-4.28805
-4.26382
-4.2597
-4.27766
-4.30937
-4.35017
-4.38799
-4.4147
-4.42514
-4.41937
-4.39794
-4.36469
-4.32032
-4.26865
-4.21518
-4.16905
-4.13968
-4.13944
-4.1722
-4.22928
-4.29933
-4.36682
-4.41939
-4.45038
-4.45956
-4.4548
-4.44946
-4.45058
-4.45914
-4.47432
-4.49222
-4.50853
-4.5213
-4.52617
-4.52156
-4.50703
-4.47706
-4.43219
-4.37492
-4.31242
-4.25476
-4.21272
-4.19791
-4.20642
-4.22506
-4.23952
-4.24427
-4.24359
-4.2494
-4.26722
-4.29344
-4.31828
-4.33473
-4.34241
-4.33782
-4.3255
-4.31028
-4.29621
-4.29242
-4.30312
-4.3316
-4.36904
-4.39845
-4.41891
-4.4315
-4.44057
-4.44489
-4.44226
-4.4329
-4.41801
-4.40475
-4.40099
-4.41281
-4.43654
-4.46324
-4.49169
-4.5123
-4.52251
-4.51291
-4.48307
-4.44364
-4.41429
-4.40537
-4.41448
-4.4306
-4.44549
-4.45134
-4.44571
-4.42435
-4.38939
-4.34677
-4.31348
-4.30372
-4.32033
-4.35522
-4.39519
-4.43197
-4.45966
-4.47557
-4.4801
-4.47472
-4.46374
-4.45136
-4.44316
-4.44109
-4.44705
-4.45944
-4.48033
-4.50137
-4.52562
-4.55191
-4.57905
-4.60952
-4.63629
-4.65118
-4.65036
-4.63229
-4.59806
-4.55003
-4.49304
-4.43157
-4.37344
-4.3314
-4.31959
-4.33864
-4.3717
-4.39892
-4.41052
-4.40981
-4.39964
-4.38387
-4.37199
-4.36719
-4.37334
-4.38968
-4.41225
-4.43607
-4.45528
-4.46821
-4.47336
-4.47163
-4.4608
-4.44547
-4.43017
-4.41597
-4.40589
-4.40077
-4.40582
-4.42231
-4.45102
-4.47944
-4.49369
-4.48245
-4.44308
-4.37572
-4.29387
-4.21623
-4.15753
-4.13219
-4.14612
-4.19445
-4.26313
-4.33393
-4.39115
-4.42686
-4.44424
-4.45103
-4.45655
-4.45987
-4.4622
-4.45897
-4.44304
-4.41899
-4.3933
-4.37646
-4.36978
-4.37185
-4.37349
-4.37671
-4.38646
-4.41005
-4.4502
-4.50253
-4.5554
-4.59954
-4.62803
-4.64113
-4.63712
-4.61717
-4.5833
-4.53548
-4.47714
-4.41722
-4.35969
-4.3157
-4.29001
-4.29033
-4.31568
-4.36063
-4.41765
-4.47885
-4.53809
-4.58794
-4.62216
-4.63554
-4.63027
-4.60806
-4.57384
-4.5349
-4.48568
-4.42573
-4.36157
-4.31267
-4.29898
-4.32485
-4.3715
-4.41527
-4.44783
-4.46545
-4.46958
-4.46394
-4.45387
-4.44423
-4.43223
-4.42079
-4.41019
-4.39783
-4.38218
-4.36862
-4.36007
-4.35668
-4.35594
-4.3548
-4.35026
-4.34303
-4.32729
-4.30002
-4.25564
-4.20019
-4.15051
-4.11267
-4.09186
-4.08648
-4.08902
-4.0921
-4.09162
-4.08617
-4.08091
-4.08165
-4.09351
-4.11345
-4.13534
-4.14842
-4.14819
-4.13842
-4.13464
-4.15718
-4.20742
-4.26382
-4.30544
-4.32605
-4.32636
-4.31352
-4.29459
-4.27756
-4.26327
-4.2473
-4.22447
-4.19488
-4.1748
-4.18091
-4.21307
-4.24718
-4.27029
-4.27911
-4.28385
-4.29576
-4.31943
-4.35321
-4.3933
-4.43091
-4.46146
-4.47764
-4.47505
-4.45125
-4.40865
-4.35229
-4.29185
-4.23756
-4.19695
-4.16827
-4.14777
-4.13237
-4.12623
-4.12901
-4.14327
-4.16828
-4.20733
-4.27146
-4.35554
-4.43848
-4.49731
-4.51838
-4.50418
-4.45825
-4.38785
-4.30401
-4.22355
-4.16855
-4.15668
-4.1883
-4.2462
-4.30928
-4.3604
-4.392
-4.40482
-4.40915
-4.4117
-4.42019
-4.44082
-4.47831
-4.52824
-4.58419
-4.63458
-4.67135
-4.68826
-4.68126
-4.65054
-4.60307
-4.55122
-4.50947
-4.4858
-4.48875
-4.50869
-4.53371
-4.54917
-4.54738
-4.52935
-4.4978
-4.45806
-4.41088
-4.35564
-4.29211
-4.22761
-4.16977
-4.12339
-4.08624
-4.05461
-4.03309
-4.02838
-4.04246
-4.06915
-4.09625
-4.11458
-4.12654
-4.1399
-4.15999
-4.1825
-4.19983
-4.20199
-4.194
-4.18786
-4.19223
-4.20711
-4.2224
-4.22562
-4.20958
-4.17152
-4.12355
-4.08274
-4.06587
-4.08083
-4.12305
-4.18344
-4.25236
-4.31499
-4.36365
-4.39138
-4.40498
-4.40961
-4.41592
-4.42965
-4.45371
-4.48438
-4.51859
-4.54748
-4.56111
-4.55439
-4.5258
-4.47483
-4.41456
-4.35791
-4.3169
-4.29801
-4.29496
-4.30322
-4.32144
-4.34844
-4.38564
-4.43151
-4.47896
-4.52171
-4.54793
-4.5504
-4.53006
-4.49439
-4.44801
-4.39643
-4.34629
-4.29651
-4.24935
-4.21529
-4.20559
-4.22631
-4.27212
-4.32377
-4.36314
-4.38015
-4.37315
-4.34588
-4.31018
-4.27929
-4.26512
-4.27491
-4.30537
-4.34701
-4.38726
-4.42105
-4.44106
-4.44305
-4.43075
-4.40724
-4.38066
-4.35412
-4.32505
-4.2901
-4.24565
-4.1996
-4.16746
-4.16199
-4.17903
-4.20706
-4.23645
-4.26606
-4.29352
-4.32028
-4.34678
-4.37391
-4.39961
-4.42319
-4.44084
-4.45119
-4.4508
-4.43732
-4.41895
-4.41758
-4.44373
-4.48629
-4.5312
-4.5672
-4.59052
-4.60049
-4.59883
-4.59045
-4.5737
-4.55132
-4.52332
-4.49575
-4.47449
-4.46211
-4.45994
-4.46418
-4.46615
-4.45997
-4.44417
-4.41872
-4.39634
-4.38595
-4.38655
-4.38467
-4.37698
-4.36099
-4.34042
-4.32076
-4.30676
-4.30566
-4.32215
-4.35765
-4.4003
-4.44249
-4.47234
-4.48129
-4.46935
-4.4387
-4.39982
-4.35761
-4.31677
-4.27864
-4.2462
-4.22272
-4.21245
-4.21816
-4.23964
-4.27184
-4.30833
-4.34166
-4.36383
-4.36727
-4.34966
-4.31611
-4.28712
-4.27696
-4.29018
-4.31687
-4.34496
-4.36809
-4.38798
-4.40641
-4.42306
-4.43916
-4.45754
-4.47389
-4.48505
-4.48388
-4.46468
-4.42981
-4.39252
-4.36345
-4.34586
-4.33679
-4.3377
-4.35245
-4.38694
-4.43554
-4.48856
-4.5402
-4.57943
-4.60345
-4.60861
-4.59377
-4.5596
-4.51548
-4.47015
-4.42899
-4.39128
-4.35574
-4.32321
-4.29943
-4.28511
-4.27592
-4.26973
-4.26329
-4.25216
-4.23101
-4.20034
-4.16094
-4.11819
-4.09025
-4.10243
-4.16856
-4.27655
-4.39536
-4.49764
-4.57252
-4.61895
-4.63707
-4.63297
-4.61207
-4.58171
-4.54688
-4.50975
-4.4701
-4.42939
-4.39438
-4.37214
-4.36625
-4.37436
-4.38892
-4.39282
-4.37982
-4.3527
-4.32307
-4.29842
-4.28413
-4.27702
-4.27034
-4.2628
-4.25996
-4.26758
-4.29129
-4.3318
-4.38652
-4.44624
-4.49274
-4.51592
-4.51542
-4.4995
-4.4772
-4.45573
-4.43364
-4.41383
-4.40187
-4.40504
-4.41506
-4.42402
-4.42335
-4.41052
-4.38732
-4.35193
-4.30751
-4.26534
-4.24375
-4.25764
-4.30323
-4.35601
-4.39788
-4.42406
-4.43756
-4.44502
-4.45359
-4.4588
-4.4558
-4.4421
-4.41558
-4.38265
-4.35057
-4.3236
-4.30224
-4.28388
-4.26944
-4.26201
-4.26553
-4.28013
-4.3083
-4.34193
-4.37027
-4.3812
-4.3717
-4.35002
-4.32326
-4.29516
-4.26342
-4.2277
-4.18533
-4.14341
-4.11346
-4.11071
-4.14946
-4.22723
-4.32499
-4.42415
-4.51237
-4.58922
-4.65039
-4.68959
-4.70338
-4.69107
-4.65404
-4.5994
-4.53931
-4.48581
-4.45137
-4.43948
-4.44569
-4.45776
-4.46698
-4.46621
-4.45438
-4.43754
-4.41629
-4.38632
-4.34848
-4.30573
-4.26757
-4.24339
-4.24057
-4.26004
-4.29677
-4.33584
-4.36504
-4.37412
-4.35555
-4.31206
-4.257
-4.21725
-4.20725
-4.22022
-4.24462
-4.28027
-4.32905
-4.38818
-4.44865
-4.49997
-4.5368
-4.55165
-4.54526
-4.5172
-4.47362
-4.42082
-4.36271
-4.30252
-4.246
-4.20269
-4.17841
-4.17687
-4.19397
-4.21686
-4.23507
-4.24685
-4.2553
-4.27086
-4.30281
-4.34264
-4.37845
-4.40031
-4.4061
-4.39742
-4.38323
-4.37
-4.36238
-4.36454
-4.36561
-4.36486
-4.35729
-4.34525
-4.32908
-4.31437
-4.30656
-4.30493
-4.3132
-4.3284
-4.34549
-4.36145
-4.36964
-4.36562
-4.35165
-4.32968
-4.30022
-4.26638
-4.22837
-4.1867
-4.15281
-4.14088
-4.15439
-4.18317
-4.21519
-4.24487
-4.27244
-4.29826
-4.32121
-4.33796
-4.34808
-4.35187
-4.35354
-4.35655
-4.36018
-4.36251
-4.35991
-4.34519
-4.31895
-4.28243
-4.24106
-4.2013
-4.17382
-4.16385
-4.17778
-4.21261
-4.25975
-4.31009
-4.3522
-4.38335
-4.3999
-4.40555
-4.40184
-4.39528
-4.38558
-4.37565
-4.36052
-4.34187
-4.31844
-4.29265
-4.26904
-4.25433
-4.25525
-4.27182
-4.29724
-4.31483
-4.32247
-4.32365
-4.32814
-4.34256
-4.36764
-4.39892
-4.42689
-4.4461
-4.45219
-4.44631
-4.43611
-4.42616
-4.42396
-4.43207
-4.44746
-4.46818
-4.49209
-4.51539
-4.53328
-4.54926
-4.56282
-4.57557
-4.58842
-4.59424
-4.59282
-4.58203
-4.56502
-4.5449
-4.52727
-4.52006
-4.52919
-4.55504
-4.59096
-4.62353
-4.65068
-4.66774
-4.67599
-4.67057
-4.6474
-4.60509
-4.55494
-4.51375
-4.48608
-4.47368
-4.46899
-4.47262
-4.48179
-4.48651
-4.47361
-4.43635
-4.37557
-4.30445
-4.24223
-4.21063
-4.21267
-4.23759
-4.27789
-4.32276
-4.36672
-4.40492
-4.43481
-4.45614
-4.46586
-4.46526
-4.45689
-4.44587
-4.44128
-4.44721
-4.45936
-4.4747
-4.48958
-4.50491
-4.51814
-4.52911
-4.53478
-4.53374
-4.52547
-4.51358
-4.50325
-4.50148
-4.51143
-4.53426
-4.56283
-4.58824
-4.60463
-4.60818
-4.60141
-4.58436
-4.55855
-4.52323
-4.48023
-4.43892
-4.41452
-4.41265
-4.42141
-4.42352
-4.42269
-4.42568
-4.43845
-4.46268
-4.48353
-4.49401
-4.49232
-4.48138
-4.46614
-4.44702
-4.42519
-4.40082
-4.38075
-4.3698
-4.37263
-4.38447
-4.39676
-4.40132
-4.40623
-4.41886
-4.44621
-4.48148
-4.51209
-4.5297
-4.53443
-4.52676
-4.51433
-4.49782
-4.47915
-4.45657
-4.42956
-4.4028
-4.38365
-4.37328
-4.37573
-4.38127
-4.3843
-4.38438
-4.3841
-4.38554
-4.38906
-4.3942
-4.39891
-4.39998
-4.39469
-4.38215
-4.36519
-4.34504
-4.32364
-4.30552
-4.2961
-4.29326
-4.29618
-4.30519
-4.31936
-4.33955
-4.36253
-4.38059
-4.38823
-4.38561
-4.37632
-4.36305
-4.34282
-4.31143
-4.26952
-4.22994
-4.20507
-4.19819
-4.21203
-4.23591
-4.26299
-4.28876
-4.3126
-4.33178
-4.34764
-4.35809
-4.36782
-4.37768
-4.38882
-4.40478
-4.42499
-4.44726
-4.46834
-4.48307
-4.49039
-4.49281
-4.49234
-4.49364
-4.49353
-4.48922
-4.47232
-4.43954
-4.39317
-4.33906
-4.29158
-4.26228
-4.25455
-4.26319
-4.28357
-4.30973
-4.3362
-4.35595
-4.36703
-4.37156
-4.37193
-4.3728
-4.37119
-4.36666
-4.35293
-4.32933
-4.30149
-4.27759
-4.26718
-4.2756
-4.29504
-4.31208
-4.31633
-4.30752
-4.28917
-4.26623
-4.23856
-4.21753
-4.21676
-4.24723
-4.30953
-4.39407
-4.48159
-4.55224
-4.59198
-4.59211
-4.55415
-4.48858
-4.41391
-4.34749
-4.30169
-4.27845
-4.27821
-4.29842
-4.33614
-4.38395
-4.43568
-4.48446
-4.52281
-4.54588
-4.54746
-4.52379
-4.47213
-4.3953
-4.30206
-4.20284
-4.11207
-4.04448
-4.01661
-4.03752
-4.10093
-4.19021
-4.28557
-4.36967
-4.43395
-4.47175
-4.47797
-4.45591
-4.41346
-4.36252
-4.31768
-4.28765
-4.27332
-4.27709
-4.29638
-4.3238
-4.34988
-4.37032
-4.38051
-4.37856
-4.36476
-4.34692
-4.33415
-4.33076
-4.33912
-4.35162
-4.35513
-4.33825
-4.29419
-4.22787
-4.15624
-4.10334
-4.08807
-4.10824
-4.15188
-4.20279
-4.24861
-4.28421
-4.31051
-4.32973
-4.34637
-4.36558
-4.38554
-4.40509
-4.42161
-4.42849
-4.42104
-4.3988
-4.3748
-4.35994
-4.35958
-4.37278
-4.39035
-4.4078
-4.41847
-4.42571
-4.43991
-4.46109
-4.49482
-4.53528
-4.5744
-4.60048
-4.60513
-4.59093
-4.56188
-4.52715
-4.4878
-4.44536
-4.3963
-4.33706
-4.27035
-4.20607
-4.15905
-4.14593
-4.17237
-4.23198
-4.30961
-4.38639
-4.45005
-4.49499
-4.52153
-4.52725
-4.51178
-4.47881
-4.43344
-4.38895
-4.36089
-4.35686
-4.37711
-4.4103
-4.44478
-4.47093
-4.481
-4.46933
-4.43885
-4.40398
-4.37807
-4.37441
-4.3909
-4.41515
-4.4352
-4.44363
-4.44059
-4.43311
-4.41592
-4.3809
-4.3275
-4.26446
-4.21438
-4.18716
-4.19022
-4.21776
-4.26137
-4.31287
-4.36623
-4.41747
-4.46597
-4.50896
-4.54584
-4.57795
-4.60115
-4.60681
-4.58729
-4.52963
-4.43883
-4.32674
-4.22123
-4.15595
-4.15195
-4.19721
-4.26667
-4.3369
-4.39371
-4.43044
-4.44404
-4.43292
-4.41097
-4.39031
-4.37371
-4.35911
-4.34389
-4.32666
-4.31502
-4.31525
-4.32878
-4.35645
-4.39475
-4.43227
-4.46457
-4.48503
-4.49266
-4.48934
-4.47403
-4.45196
-4.41985
-4.38329
-4.34622
-4.31219
-4.2897
-4.28078
-4.28317
-4.28873
-4.29052
-4.27848
-4.24764
-4.20104
-4.14414
-4.09601
-4.0714
-4.07453
-4.10041
-4.13601
-4.17088
-4.20401
-4.23381
-4.26109
-4.28826
-4.31613
-4.34165
-4.36018
-4.36423
-4.35141
-4.32309
-4.28361
-4.24755
-4.22336
-4.21642
-4.22346
-4.2352
-4.23877
-4.22902
-4.20549
-4.17667
-4.15855
-4.16605
-4.20492
-4.26766
-4.3344
-4.39291
-4.4388
-4.47284
-4.49607
-4.50997
-4.50895
-4.49083
-4.45213
-4.39698
-4.3315
-4.27063
-4.22606
-4.20951
-4.22473
-4.26645
-4.32457
-4.38368
-4.42931
-4.44835
-4.43869
-4.41138
-4.37661
-4.342
-4.30715
-4.26755
-4.2299
-4.2053
-4.21119
-4.25453
-4.32901
-4.41755
-4.50313
-4.56743
-4.60448
-4.61478
-4.60492
-4.585
-4.561
-4.53481
-4.50949
-4.48327
-4.45961
-4.43385
-4.41061
-4.3897
-4.37157
-4.35142
-4.32062
-4.28801
-4.25846
-4.23791
-4.22327
-4.20861
-4.19439
-4.18035
-4.17049
-4.16579
-4.17204
-4.18675
-4.20554
-4.22316
-4.23212
-4.22859
-4.21265
-4.18405
-4.15183
-4.12644
-4.11602
-4.12492
-4.1552
-4.2002
-4.25203
-4.30358
-4.3482
-4.39034
-4.42888
-4.46279
-4.48798
-4.49843
-4.4921
-4.47163
-4.44082
-4.40604
-4.37451
-4.35284
-4.34613
-4.35432
-4.37079
-4.3891
-4.40231
-4.40693
-4.40384
-4.39219
-4.38227
-4.38329
-4.39968
-4.43132
-4.47349
-4.51841
-4.54974
-4.55879
-4.54152
-4.50154
-4.44043
-4.37128
-4.31888
-4.30923
-4.34389
-4.39872
-4.44423
-4.46348
-4.45649
-4.4322
-4.39799
-4.36452
-4.33822
-4.32316
-4.32279
-4.33686
-4.36296
-4.39666
-4.43262
-4.46408
-4.48529
-4.49306
-4.49123
-4.48323
-4.47259
-4.46128
-4.44849
-4.4408
-4.43543
-4.43324
-4.42742
-4.41154
-4.38252
-4.34305
-4.29712
-4.24779
-4.19973
-4.15793
-4.12615
-4.11522
-4.13237
-4.1784
-4.24329
-4.31882
-4.39175
-4.45437
-4.50072
-4.53254
-4.54905
-4.5518
-4.54803
-4.54261
-4.54008
-4.54059
-4.54094
-4.53914
-4.53126
-4.51265
-4.48185
-4.43286
-4.36563
-4.28133
-4.19237
-4.11425
-4.06314
-4.0499
-4.07258
-4.11874
-4.17271
-4.22074
-4.25635
-4.27807
-4.29044
-4.29833
-4.31224
-4.33369
-4.35653
-4.36816
-4.36606
-4.35802
-4.3503
-4.3488
-4.35705
-4.37881
-4.41171
-4.44507
-4.46609
-4.46885
-4.45415
-4.43398
-4.41747
-4.41122
-4.41942
-4.44098
-4.46768
-4.49433
-4.51125
-4.51259
-4.49771
-4.47099
-4.44334
-4.41765
-4.39444
-4.36996
-4.34421
-4.31884
-4.30298
-4.29673
-4.28948
-4.2734
-4.24579
-4.21154
-4.17783
-4.15046
-4.13161
-4.12342
-4.12789
-4.14626
-4.1783
-4.21599
-4.25188
-4.28165
-4.30525
-4.32485
-4.34519
-4.3709
-4.40148
-4.43246
-4.45805
-4.47304
-4.47333
-4.46006
-4.44302
-4.43382
-4.44025
-4.46195
-4.4888
-4.51449
-4.53057
-4.53243
-4.51585
-4.48562
-4.44597
-4.40155
-4.3568
-4.31617
-4.28421
-4.26559
-4.26704
-4.29651
-4.34474
-4.39501
-4.43138
-4.45132
-4.45214
-4.43827
-4.41393
-4.38164
-4.34647
-4.31327
-4.28799
-4.27044
-4.2593
-4.25417
-4.25316
-4.25378
-4.2575
-4.26489
-4.2823
-4.30908
-4.34072
-4.37
-4.38758
-4.38689
-4.37232
-4.35121
-4.33175
-4.32356
-4.3301
-4.35097
-4.38467
-4.42263
-4.46097
-4.4919
-4.50852
-4.50148
-4.46842
-4.41198
-4.34309
-4.28476
-4.24829
-4.24289
-4.26872
-4.31799
-4.37918
-4.4351
-4.47343
-4.48336
-4.46712
-4.42549
-4.36802
-4.30635
-4.26234
-4.24918
-4.26447
-4.29837
-4.33646
-4.37228
-4.39779
-4.41146
-4.40897
-4.38519
-4.34198
-4.28739
-4.23155
-4.18661
-4.16196
-4.15962
-4.17196
-4.19179
-4.21478
-4.23941
-4.27002
-4.30249
-4.33315
-4.35906
-4.37497
-4.38177
-4.38407
-4.38525
-4.38937
-4.40074
-4.42371
-4.46095
-4.50929
-4.55879
-4.59904
-4.61796
-4.61253
-4.58283
-4.532
-4.46423
-4.38845
-4.31594
-4.26301
-4.24093
-4.2472
-4.27267
-4.30266
-4.32734
-4.3383
-4.33567
-4.31995
-4.29251
-4.25742
-4.22899
-4.22409
-4.2487
-4.29132
-4.33494
-4.36759
-4.38595
-4.38808
-4.37671
-4.36031
-4.34275
-4.32921
-4.31743
-4.30486
-4.29237
-4.27914
-4.26244
-4.23474
-4.19264
-4.14063
-4.09149
-4.06034
-4.0586
-4.07394
-4.08862
-4.08763
-4.07099
-4.0476
-4.02584
-4.01365
-4.01446
-4.03558
-4.07705
-4.13656
-4.20016
-4.25729
-4.2951
-4.31403
-4.31156
-4.29647
-4.2797
-4.27338
-4.28646
-4.31942
-4.35923
-4.39521
-4.41886
-4.42991
-4.43753
-4.44497
-4.4486
-4.44491
-4.43315
-4.42012
-4.41005
-4.40756
-4.41705
-4.43912
-4.47093
-4.50707
-4.53923
-4.56081
-4.56726
-4.55865
-4.53301
-4.49063
-4.42806
-4.34693
-4.25613
-4.17559
-4.12729
-4.11383
-4.12126
-4.13605
-4.15567
-4.18441
-4.22188
-4.26218
-4.30051
-4.33503
-4.3679
-4.3959
-4.41481
-4.42149
-4.41512
-4.40808
-4.40498
-4.41518
-4.43291
-4.45364
-4.47589
-4.49701
-4.51404
-4.52201
-4.52032
-4.51099
-4.49854
-4.48862
-4.48383
-4.48736
-4.49441
-4.5026
-4.50677
-4.50589
-4.50162
-4.49287
-4.47863
-4.45833
-4.43711
-4.41818
-4.40855
-4.4108
-4.42581
-4.44558
-4.46061
-4.46384
-4.44886
-4.4224
-4.38977
-4.35509
-4.32221
-4.29113
-4.26343
-4.24252
-4.2318
-4.22908
-4.23947
-4.2673
-4.30901
-4.34932
-4.3769
-4.3911
-4.3937
-4.38409
-4.36548
-4.34282
-4.32695
-4.31492
-4.29072
-4.24609
-4.183
-4.12449
-4.10741
-4.14608
-4.21254
-4.27691
-4.32741
-4.36571
-4.39649
-4.42088
-4.43564
-4.43462
-4.41401
-4.37871
-4.33271
-4.28128
-4.22881
-4.18145
-4.1504
-4.14892
-4.18069
-4.24152
-4.31369
-4.38098
-4.43494
-4.47374
-4.49464
-4.49396
-4.47295
-4.43597
-4.39146
-4.35033
-4.32574
-4.3211
-4.32563
-4.32731
-4.31689
-4.29532
-4.26828
-4.24996
-4.24931
-4.26785
-4.29567
-4.32201
-4.34553
-4.3679
-4.3929
-4.41652
-4.43017
-4.4295
-4.41175
-4.37919
-4.33424
-4.28964
-4.26033
-4.25732
-4.28132
-4.31794
-4.35152
-4.37542
-4.38751
-4.39788
-4.41585
-4.45337
-4.50479
-4.5485
-4.56783
-4.55474
-4.51866
-4.47185
-4.42428
-4.37329
-4.31436
-4.24391
-4.16998
-4.10304
-4.05293
-4.02782
-4.03386
-4.06609
-4.11137
-4.15455
-4.18188
-4.1817
-4.15293
-4.11065
-4.09381
-4.14043
-4.23323
-4.33404
-4.42375
-4.49536
-4.54647
-4.57262
-4.57255
-4.54556
-4.49685
-4.43767
-4.37983
-4.32651
-4.27995
-4.24455
-4.22612
-4.22255
-4.21613
-4.20086
-4.17168
-4.13944
-4.11965
-4.12298
-4.14985
-4.18612
-4.21847
-4.23737
-4.23762
-4.21907
-4.18725
-4.15301
-4.13104
-4.13165
-4.15677
-4.19448
-4.2329
-4.25988
-4.2726
-4.27691
-4.28194
-4.29626
-4.32286
-4.35616
-4.37953
-4.38873
-4.37961
-4.36254
-4.34491
-4.33311
-4.32793
-4.32993
-4.33199
-4.33198
-4.33061
-4.32645
-4.32141
-4.31208
-4.29333
-4.26209
-4.21935
-4.17339
-4.1353
-4.1132
-4.11285
-4.13248
-4.16698
-4.20954
-4.25584
-4.30294
-4.35417
-4.40677
-4.45937
-4.5065
-4.54394
-4.57048
-4.58703
-4.5941
-4.59333
-4.58288
-4.56504
-4.53806
-4.506
-4.47392
-4.44621
-4.42941
-4.42241
-4.42763
-4.44042
-4.45187
-4.45407
-4.44025
-4.41288
-4.37797
-4.34946
-4.33731
-4.34444
-4.36818
-4.39958
-4.43177
-4.4582
-4.47038
-4.46285
-4.433
-4.38946
-4.34782
-4.32738
-4.32906
-4.33963
-4.34411
-4.34023
-4.33075
-4.31751
-4.30265
-4.28266
-4.26501
-4.25139
-4.2536
-4.27517
-4.31489
-4.36857
-4.43278
-4.50122
-4.56269
-4.61194
-4.64181
-4.64962
-4.63308
-4.59665
-4.54705
-4.49364
-4.45051
-4.42729
-4.42614
-4.44528
-4.47645
-4.50934
-4.53066
-4.53186
-4.50721
-4.46048
-4.39896
-4.33787
-4.29416
-4.2778
-4.28133
-4.29477
-4.31304
-4.32998
-4.3423
-4.34252
-4.32826
-4.30562
-4.28579
-4.27677
-4.2762
-4.27149
-4.2505
-4.21568
-4.17303
-4.12846
-4.08929
-4.05854
-4.04267
-4.05337
-4.10089
-4.18033
-4.27228
-4.35112
-4.39684
-4.4067
-4.3922
-4.36955
-4.34804
-4.32917
-4.31279
-4.29941
-4.2969
-4.31243
-4.34632
-4.39423
-4.44544
-4.48747
-4.50949
-4.508
-4.48477
-4.44945
-4.41645
-4.39574
-4.3842
-4.36906
-4.34307
-4.30861
-4.27829
-4.26507
-4.26409
-4.2623
-4.2505
-4.22498
-4.18391
-4.12573
-4.06232
-4.02091
-4.03018
-4.09069
-4.17324
-4.24997
-4.30686
-4.34937
-4.38473
-4.41778
-4.45936
-4.51282
-4.57244
-4.62066
-4.64668
-4.64884
-4.62799
-4.5915
-4.54283
-4.4883
-4.43959
-4.39976
-4.3702
-4.351
-4.34091
-4.33477
-4.32883
-4.31901
-4.30459
-4.28359
-4.2649
-4.26353
-4.29292
-4.34591
-4.40619
-4.45403
-4.48215
-4.4927
-4.48726
-4.4626
-4.422
-4.37316
-4.32602
-4.29009
-4.26963
-4.26339
-4.26476
-4.26412
-4.25573
-4.23353
-4.19476
-4.1453
-4.09355
-4.04289
-3.99946
-3.97103
-3.96022
-3.96856
-3.99567
-4.03233
-4.07437
-4.11369
-4.14424
-4.16529
-4.17671
-4.1868
-4.20377
-4.23082
-4.26948
-4.30689
-4.32852
-4.33083
-4.31789
-4.29344
-4.25998
-4.22051
-4.18732
-4.17405
-4.18893
-4.22657
-4.2714
-4.30014
-4.30232
-4.27868
-4.23385
-4.17722
-4.12579
-4.10381
-4.12388
-4.17784
-4.24805
-4.3166
-4.3775
-4.43168
-4.47623
-4.51082
-4.53213
-4.53636
-4.52428
-4.50164
-4.47178
-4.44293
-4.41694
-4.39621
-4.38684
-4.3913
-4.40613
-4.42179
-4.43306
-4.43594
-4.43049
-4.42047
-4.41161
-4.40889
-4.41822
-4.43915
-4.46363
-4.4836
-4.50022
-4.516
-4.53473
-4.5558
-4.57736
-4.58865
-4.58379
-4.55736
-4.51102
-4.45103
-4.38782
-4.32531
-4.26563
-4.21412
-4.17848
-4.16476
-4.17509
-4.20905
-4.26149
-4.32356
-4.38031
-4.41943
-4.43715
-4.43942
-4.43546
-4.43221
-4.436
-4.44659
-4.46176
-4.47734
-4.48286
-4.47682
-4.45885
-4.43058
-4.40471
-4.39218
-4.40202
-4.43113
-4.47275
-4.51306
-4.54331
-4.55954
-4.55734
-4.53956
-4.51107
-4.48311
-4.46204
-4.4475
-4.43614
-4.42063
-4.39418
-4.35647
-4.3196
-4.30273
-4.31113
-4.33901
-4.37608
-4.41293
-4.44369
-4.46792
-4.49299
-4.52148
-4.5435
-4.55636
-4.55654
-4.54105
-4.51084
-4.46792
-4.41999
-4.37826
-4.34644
-4.32752
-4.31976
-4.31771
-4.31942
-4.32651
-4.33638
-4.34374
-4.34271
-4.32935
-4.30021
-4.26231
-4.22845
-4.2138
-4.22374
-4.25062
-4.27644
-4.29104
-4.29309
-4.28552
-4.27595
-4.2691
-4.27003
-4.27958
-4.29822
-4.32589
-4.35701
-4.38687
-4.40904
-4.41964
-4.41346
-4.39102
-4.35768
-4.31863
-4.28236
-4.25006
-4.22997
-4.22633
-4.24135
-4.26539
-4.28224
-4.28623
-4.28134
-4.27711
-4.28281
-4.29639
-4.31763
-4.34725
-4.37999
-4.4029
-4.40798
-4.3936
-4.35643
-4.30506
-4.24635
-4.19162
-4.1523
-4.13629
-4.1432
-4.16805
-4.20549
-4.25041
-4.30542
-4.37402
-4.45499
-4.53673
-4.60717
-4.65692
-4.68875
-4.70767
-4.71792
-4.72578
-4.73139
-4.73847
-4.74325
-4.74499
-4.74096
-4.73277
-4.71831
-4.70184
-4.68824
-4.68234
-4.67603
-4.66794
-4.64815
-4.61273
-4.56121
-4.49603
-4.42612
-4.36555
-4.31999
-4.2994
-4.29997
-4.31512
-4.33804
-4.35958
-4.37171
-4.37781
-4.37794
-4.37354
-4.36601
-4.35603
-4.34393
-4.33287
-4.32707
-4.33074
-4.34602
-4.37135
-4.39896
-4.41984
-4.42803
-4.42454
-4.41212
-4.40048
-4.39618
-4.40032
-4.40968
-4.4178
-4.41457
-4.39527
-4.35601
-4.30243
-4.25376
-4.22431
-4.22468
-4.24949
-4.28758
-4.33268
-4.3796
-4.43092
-4.48473
-4.53746
-4.58782
-4.63221
-4.66577
-4.68519
-4.68569
-4.6674
-4.62958
-4.57749
-4.51627
-4.44868
-4.38279
-4.32545
-4.28188
-4.26038
-4.26509
-4.29688
-4.34841
-4.40988
-4.46816
-4.51372
-4.54283
-4.5485
-4.5314
-4.49621
-4.45076
-4.40663
-4.3722
-4.358
-4.36568
-4.39282
-4.42729
-4.4541
-4.4682
-4.47051
-4.46309
-4.44885
-4.43064
-4.40917
-4.3865
-4.36051
-4.33093
-4.29614
-4.25451
-4.21249
-4.17605
-4.1511
-4.1478
-4.17518
-4.23063
-4.30078
-4.36792
-4.41057
-4.41837
-4.39306
-4.34835
-4.29963
-4.26806
-4.26084
-4.27582
-4.29517
-4.30872
-4.30918
-4.30189
-4.29496
-4.29322
-4.29818
-4.31139
-4.33077
-4.35054
-4.36813
-4.38092
-4.38812
-4.39092
-4.39259
-4.39954
-4.41754
-4.45007
-4.49122
-4.53141
-4.55833
-4.56608
-4.54971
-4.51439
-4.46137
-4.40148
-4.34361
-4.29865
-4.27481
-4.27165
-4.29211
-4.33023
-4.37486
-4.41631
-4.43584
-4.42793
-4.392
-4.34432
-4.30549
-4.28675
-4.27937
-4.27616
-4.27238
-4.2706
-4.27512
-4.29755
-4.34633
-4.41308
-4.48445
-4.55073
-4.6058
-4.64231
-4.65637
-4.64849
-4.61602
-4.56254
-4.49752
-4.4323
-4.3819
-4.35428
-4.34745
-4.35483
-4.37035
-4.38862
-4.40805
-4.42257
-4.43357
-4.44545
-4.45927
-4.47486
-4.49458
-4.51277
-4.51915
-4.50845
-4.47796
-4.43602
-4.39299
-4.36152
-4.34716
-4.34782
-4.35792
-4.369
-4.37556
-4.37046
-4.35598
-4.33451
-4.31658
-4.30776
-4.31171
-4.32691
-4.34405
-4.36581
-4.38852
-4.41406
-4.44258
-4.47343
-4.50254
-4.52666
-4.54455
-4.55082
-4.54571
-4.52877
-4.50524
-4.48216
-4.46034
-4.43949
-4.42074
-4.40675
-4.40058
-4.40709
-4.42575
-4.45152
-4.47224
-4.48072
-4.47003
-4.44328
-4.40383
-4.36366
-4.33953
-4.34258
-4.37583
-4.42908
-4.48802
-4.54017
-4.57278
-4.58192
-4.56659
-4.53136
-4.48274
-4.43614
-4.40455
-4.39012
-4.38318
-4.37816
-4.37386
-4.37583
-4.38482
-4.40077
-4.41665
-4.42947
-4.43961
-4.44657
-4.4537
-4.4599
-4.4693
-4.47765
-4.48892
-4.50291
-4.51484
-4.52101
-4.51317
-4.48937
-4.45269
-4.40925
-4.36981
-4.33541
-4.30195
-4.27486
-4.26547
-4.28252
-4.31802
-4.34599
-4.35049
-4.32581
-4.27613
-4.21149
-4.15074
-4.10758
-4.09849
-4.13087
-4.19832
-4.29201
-4.39232
-4.48372
-4.55783
-4.60977
-4.6395
-4.65056
-4.64307
-4.62018
-4.58748
-4.55128
-4.51924
-4.49325
-4.47232
-4.4495
-4.42147
-4.38812
-4.35943
-4.33846
-4.32415
-4.30883
-4.30046
-4.31414
-4.35737
-4.41608
-4.4678
-4.50048
-4.51021
-4.5056
-4.49435
-4.48849
-4.49443
-4.50322
-4.50795
-4.5034
-4.48512
-4.45687
-4.42659
-4.40564
-4.40097
-4.41219
-4.4326
-4.45523
-4.47585
-4.49224
-4.50118
-4.49815
-4.48271
-4.45258
-4.41069
-4.3587
-4.30455
-4.25296
-4.21485
-4.19274
-4.18972
-4.19531
-4.20396
-4.21229
-4.22345
-4.24495
-4.27266
-4.30309
-4.32161
-4.32164
-4.30079
-4.27217
-4.25352
-4.26496
-4.30923
-4.37267
-4.43111
-4.46865
-4.48469
-4.48966
-4.4979
-4.51773
-4.54918
-4.58032
-4.6044
-4.61585
-4.61701
-4.60924
-4.59912
-4.5827
-4.55446
-4.51283
-4.45766
-4.39444
-4.33666
-4.29637
-4.27619
-4.27378
-4.29015
-4.31748
-4.33749
-4.34341
-4.34135
-4.33658
-4.33432
-4.33404
-4.33829
-4.35413
-4.38078
-4.42319
-4.47517
-4.53182
-4.57601
-4.59794
-4.58913
-4.54909
-4.47896
-4.38533
-4.28548
-4.21768
-4.22541
-4.30165
-4.39168
-4.46113
-4.50187
-4.51904
-4.51782
-4.50424
-4.48738
-4.47697
-4.47634
-4.47997
-4.4835
-4.4817
-4.47719
-4.47189
-4.466
-4.45988
-4.4513
-4.43789
-4.4215
-4.40674
-4.39744
-4.39696
-4.40277
-4.4105
-4.41502
-4.4157
-4.4111
-4.40341
-4.39718
-4.39219
-4.38697
-4.37858
-4.3686
-4.36027
-4.36046
-4.36876
-4.381
-4.39172
-4.39844
-4.40703
-4.42096
-4.44055
-4.45763
-4.46865
-4.46723
-4.4458
-4.4055
-4.34948
-4.28438
-4.22729
-4.19203
-4.18317
-4.19635
-4.22496
-4.26466
-4.30697
-4.34603
-4.37873
-4.40359
-4.41712
-4.40461
-4.36679
-4.32427
-4.31307
-4.3414
-4.38032
-4.40192
-4.40246
-4.39163
-4.37759
-4.37167
-4.37594
-4.38962
-4.40805
-4.41943
-4.42076
-4.40754
-4.37731
-4.33643
-4.29547
-4.27157
-4.2774
-4.30701
-4.34265
-4.36599
-4.37277
-4.36439
-4.34586
-4.32508
-4.30545
-4.29193
-4.28383
-4.28281
-4.28763
-4.29605
-4.3051
-4.31838
-4.33641
-4.35815
-4.38475
-4.40899
-4.42626
-4.42935
-4.4148
-4.38384
-4.3396
-4.29405
-4.253
-4.22285
-4.2042
-4.19528
-4.1917
-4.19209
-4.20142
-4.22026
-4.25396
-4.29985
-4.35039
-4.39298
-4.42253
-4.43702
-4.43488
-4.41957
-4.39423
-4.3638
-4.33464
-4.30972
-4.29359
-4.28624
-4.28993
-4.30896
-4.34412
-4.39057
-4.43968
-4.48065
-4.50726
-4.5213
-4.52665
-4.52733
-4.51931
-4.50738
-4.49197
-4.47828
-4.47039
-4.46669
-4.46227
-4.45888
-4.45382
-4.44689
-4.43922
-4.43127
-4.42656
-4.42644
-4.42981
-4.43793
-4.44418
-4.44875
-4.44836
-4.44583
-4.44975
-4.4668
-4.50014
-4.5461
-4.60107
-4.65352
-4.6924
-4.70513
-4.68444
-4.6375
-4.579
-4.51919
-4.45909
-4.39901
-4.34986
-4.32622
-4.33889
-4.38518
-4.44294
-4.49369
-4.52336
-4.53039
-4.5154
-4.48675
-4.45225
-4.41465
-4.37484
-4.33858
-4.30825
-4.28887
-4.28397
-4.29349
-4.31686
-4.34975
-4.39134
-4.43823
-4.48498
-4.52406
-4.55156
-4.5605
-4.55253
-4.52528
-4.47828
-4.41542
-4.34077
-4.26109
-4.19157
-4.14451
-4.13563
-4.16586
-4.22102
-4.28306
-4.33595
-4.36857
-4.37321
-4.35245
-4.31812
-4.28583
-4.27311
-4.28994
-4.33306
-4.38437
-4.42517
-4.44183
-4.4328
-4.40182
-4.35929
-4.31855
-4.28866
-4.27489
-4.27112
-4.27124
-4.27026
-4.26998
-4.27406
-4.28426
-4.30157
-4.33202
-4.36875
-4.40914
-4.45086
-4.48904
-4.52176
-4.54425
-4.55118
-4.54187
-4.51814
-4.49013
-4.46872
-4.46047
-4.46824
-4.48715
-4.5135
-4.541
-4.56522
-4.5762
-4.56667
-4.53412
-4.48315
-4.42805
-4.38456
-4.36368
-4.36709
-4.38158
-4.40382
-4.4268
-4.45468
-4.4836
-4.51241
-4.54125
-4.56266
-4.57231
-4.56998
-4.55547
-4.53061
-4.50657
-4.49741
-4.50621
-4.52626
-4.54557
-4.55374
-4.55029
-4.53417
-4.51
-4.4827
-4.46064
-4.45458
-4.46338
-4.47987
-4.49568
-4.50537
-4.50435
-4.49287
-4.47429
-4.45116
-4.43167
-4.41904
-4.41224
-4.41026
-4.40865
-4.40799
-4.41142
-4.41825
-4.42288
-4.41852
-4.40621
-4.3892
-4.38025
-4.38386
-4.40287
-4.42923
-4.45078
-4.4588
-4.44682
-4.4172
-4.36993
-4.31218
-4.26016
-4.2372
-4.25858
-4.31153
-4.37483
-4.43374
-4.47992
-4.5063
-4.51221
-4.49651
-4.46244
-4.4148
-4.36403
-4.32023
-4.29235
-4.27895
-4.27822
-4.28564
-4.29709
-4.31118
-4.3283
-4.34707
-4.36184
-4.36893
-4.36431
-4.35062
-4.33572
-4.33222
-4.34886
-4.38533
-4.4305
-4.47169
-4.49337
-4.49282
-4.46639
-4.41842
-4.35734
-4.29307
-4.24248
-4.2198
-4.2268
-4.2531
-4.28851
-4.32157
-4.34615
-4.35788
-4.35122
-4.32618
-4.29126
-4.26101
-4.24998
-4.26149
-4.28269
-4.30113
-4.31646
-4.33603
-4.36432
-4.40239
-4.44004
-4.46715
-4.47773
-4.47623
-4.47138
-4.46973
-4.47901
-4.4911
-4.48932
-4.46691
-4.42283
-4.36688
-4.31606
-4.28644
-4.2839
-4.30189
-4.33009
-4.35495
-4.37142
-4.37564
-4.37527
-4.37283
-4.37854
-4.40267
-4.44143
-4.48629
-4.52474
-4.54898
-4.55562
-4.54345
-4.51534
-4.47496
-4.42506
-4.37167
-4.31289
-4.25055
-4.18499
-4.11698
-4.05473
-4.01447
-4.00479
-4.02123
-4.0502
-4.08332
-4.12325
-4.18131
-4.255
-4.33765
-4.42578
-4.50854
-4.57523
-4.61577
-4.62765
-4.61446
-4.58097
-4.5341
-4.47837
-4.41789
-4.36323
-4.32776
-4.3166
-4.32506
-4.34633
-4.36709
-4.37389
-4.36494
-4.33827
-4.30075
-4.25709
-4.21799
-4.19089
-4.18316
-4.19904
-4.23886
-4.29173
-4.34792
-4.39882
-4.4356
-4.45709
-4.45642
-4.43482
-4.39413
-4.3471
-4.30663
-4.28282
-4.28141
-4.29995
-4.33294
-4.3695
-4.40425
-4.43219
-4.45196
-4.46408
-4.47139
-4.47739
-4.48223
-4.48214
-4.47293
-4.4519
-4.42456
-4.39772
-4.37383
-4.35997
-4.35898
-4.36715
-4.3815
-4.39477
-4.39787
-4.38661
-4.3588
-4.32251
-4.28744
-4.26669
-4.26686
-4.28716
-4.32149
-4.36024
-4.40175
-4.43817
-4.46932
-4.49475
-4.51582
-4.53518
-4.5553
-4.57563
-4.59659
-4.61562
-4.62412
-4.62316
-4.60549
-4.56985
-4.51892
-4.45956
-4.40514
-4.36951
-4.35869
-4.36599
-4.37692
-4.38197
-4.37602
-4.35754
-4.3307
-4.2972
-4.26335
-4.23158
-4.20814
-4.19828
-4.20671
-4.23219
-4.27093
-4.30714
-4.33195
-4.34595
-4.3574
-4.37674
-4.39744
-4.4082
-4.40558
-4.39697
-4.39454
-4.40315
-4.42233
-4.44693
-4.46412
-4.46922
-4.45874
-4.43346
-4.40136
-4.37617
-4.3783
-4.40852
-4.44897
-4.48402
-4.50504
-4.50786
-4.49314
-4.46147
-4.41848
-4.37227
-4.33858
-4.33503
-4.37074
-4.44022
-4.52221
-4.59567
-4.6506
-4.68247
-4.69094
-4.6764
-4.64061
-4.58976
-4.53865
-4.50272
-4.4915
-4.49244
-4.49391
-4.49045
-4.4829
-4.47795
-4.47607
-4.47088
-4.45948
-4.43973
-4.41293
-4.38025
-4.34911
-4.323
-4.30561
-4.29984
-4.3051
-4.31862
-4.33338
-4.34828
-4.36014
-4.37102
-4.38102
-4.3886
-4.39145
-4.38945
-4.38371
-4.38295
-4.3882
-4.39993
-4.41362
-4.42644
-4.44019
-4.45234
-4.46087
-4.46005
-4.4483
-4.43339
-4.43002
-4.45078
-4.49047
-4.5254
-4.54367
-4.54701
-4.54029
-4.52698
-4.5057
-4.48311
-4.47074
-4.47698
-4.49886
-4.52588
-4.55116
-4.56672
-4.56486
-4.536
-4.47811
-4.40138
-4.3244
-4.2634
-4.2238
-4.20425
-4.20353
-4.22436
-4.25597
-4.29378
-4.33087
-4.36694
-4.39951
-4.42712
-4.4431
-4.44337
-4.42721
-4.39404
-4.35244
-4.31308
-4.28553
-4.27046
-4.2638
-4.25855
-4.24635
-4.21991
-4.18554
-4.15371
-4.13976
-4.15096
-4.18775
-4.23688
-4.2903
-4.3378
-4.3743
-4.39236
-4.3882
-4.3676
-4.34551
-4.33988
-4.35986
-4.39545
-4.42889
-4.44796
-4.44444
-4.41975
-4.38926
-4.37251
-4.38185
-4.41477
-4.4554
-4.49066
-4.51299
-4.52035
-4.51356
-4.49528
-4.47253
-4.45301
-4.44839
-4.46279
-4.48935
-4.52193
-4.54443
-4.54851
-4.53123
-4.49325
-4.44079
-4.38261
-4.33132
-4.2934
-4.27114
-4.2616
-4.26601
-4.2836
-4.30685
-4.32668
-4.33956
-4.35179
-4.37215
-4.39777
-4.42573
-4.44669
-4.45751
-4.46235
-4.46647
-4.47146
-4.47612
-4.48261
-4.48427
-4.47608
-4.4521
-4.41157
-4.35547
-4.29257
-4.22763
-4.16814
-4.11785
-4.08467
-4.07536
-4.09448
-4.13704
-4.19329
-4.25422
-4.30708
-4.34563
-4.36925
-4.37803
-4.37801
-4.37552
-4.37892
-4.39188
-4.41057
-4.42525
-4.4229
-4.3957
-4.34842
-4.29316
-4.24838
-4.22437
-4.22693
-4.25001
-4.29252
-4.34601
-4.39829
-4.43812
-4.45948
-4.46404
-4.45568
-4.44136
-4.42311
-4.4034
-4.38297
-4.36124
-4.34321
-4.33353
-4.33026
-4.33069
-4.32985
-4.3274
-4.32167
-4.3205
-4.32385
-4.33427
-4.35056
-4.36896
-4.3884
-4.4094
-4.43126
-4.45386
-4.47338
-4.48843
-4.49192
-4.48129
-4.45898
-4.43095
-4.4053
-4.38303
-4.36366
-4.34274
-4.32397
-4.32041
-4.33812
-4.37319
-4.41141
-4.44602
-4.47353
-4.48974
-4.49218
-4.47933
-4.45377
-4.42368
-4.3991
-4.38651
-4.39109
-4.41491
-4.45629
-4.50265
-4.54118
-4.56058
-4.55227
-4.5164
-4.46398
-4.40727
-4.36267
-4.34502
-4.35877
-4.39477
-4.43674
-4.47656
-4.5066
-4.52442
-4.52973
-4.51955
-4.49106
-4.44941
-4.41361
-4.41148
-4.45034
-4.50198
-4.5423
-4.56111
-4.56347
-4.55419
-4.53639
-4.51358
-4.48687
-4.4583
-4.42658
-4.39449
-4.36494
-4.33939
-4.31935
-4.3022
-4.29433
-4.29699
-4.31351
-4.34448
-4.3827
-4.41674
-4.4341
-4.43382
-4.41722
-4.39198
-4.36651
-4.35184
-4.35004
-4.35418
-4.35679
-4.35495
-4.3474
-4.34348
-4.34874
-4.36535
-4.39614
-4.44077
-4.492
-4.54175
-4.5756
-4.59578
-4.61
-4.62185
-4.62907
-4.62442
-4.60579
-4.57955
-4.54547
-4.50829
-4.47292
-4.43969
-4.41223
-4.39178
-4.37629
-4.36311
-4.35065
-4.33909
-4.32453
-4.30195
-4.26954
-4.22629
-4.1808
-4.14163
-4.11724
-4.11163
-4.12626
-4.15882
-4.20529
-4.26183
-4.31708
-4.36719
-4.40779
-4.43665
-4.44926
-4.44482
-4.4272
-4.40964
-4.39925
-4.39775
-4.40801
-4.42691
-4.45105
-4.47516
-4.49044
-4.48695
-4.46128
-4.42609
-4.40359
-4.40755
-4.42959
-4.45331
-4.47182
-4.48551
-4.5007
-4.51468
-4.52329
-4.51617
-4.48834
-4.44588
-4.40426
-4.3843
-4.38545
-4.39245
-4.39401
-4.38244
-4.36252
-4.34488
-4.34267
-4.36452
-4.40459
-4.44972
-4.47979
-4.48622
-4.46639
-4.42707
-4.37728
-4.32907
-4.29488
-4.28434
-4.29957
-4.33657
-4.38576
-4.43586
-4.4782
-4.50826
-4.52568
-4.53551
-4.53727
-4.53241
-4.5224
-4.50256
-4.47112
-4.43261
-4.39089
-4.35142
-4.31864
-4.30183
-4.3074
-4.33084
-4.36189
-4.39424
-4.42356
-4.45018
-4.47525
-4.49205
-4.4999
-4.49132
-4.46944
-4.43584
-4.39458
-4.35624
-4.3267
-4.30659
-4.29299
-4.28247
-4.26881
-4.25327
-4.24021
-4.23386
-4.24097
-4.25855
-4.28804
-4.32688
-4.37183
-4.42053
-4.46975
-4.51864
-4.56093
-4.59908
-4.62761
-4.64537
-4.6526
-4.6495
-4.63532
-4.60563
-4.56168
-4.50749
-4.45276
-4.40518
-4.36874
-4.34634
-4.33958
-4.34929
-4.36563
-4.37944
-4.38901
-4.39925
-4.42014
-4.45583
-4.49986
-4.54133
-4.57143
-4.58569
-4.58234
-4.56139
-4.52838
-4.48749
-4.44469
-4.40668
-4.37512
-4.35823
-4.35978
-4.38253
-4.4214
-4.46905
-4.51387
-4.54593
-4.55673
-4.54536
-4.51464
-4.46845
-4.40822
-4.35026
-4.30516
-4.2832
-4.29192
-4.32213
-4.35854
-4.38312
-4.3855
-4.36713
-4.33878
-4.31428
-4.30156
-4.30489
-4.32581
-4.35544
-4.37943
-4.38758
-4.37637
-4.35346
-4.33209
-4.32376
-4.32815
-4.33889
-4.34551
-4.34242
-4.32612
-4.3058
-4.29609
-4.31284
-4.35737
-4.41891
-4.47762
-4.52558
-4.55698
-4.57507
-4.57835
-4.57206
-4.56394
-4.56025
-4.56278
-4.56665
-4.5703
-4.57434
-4.58675
-4.61053
-4.63973
-4.66499
-4.67902
-4.67957
-4.66499
-4.63621
-4.59888
-4.55754
-4.51993
-4.49431
-4.48344
-4.4898
-4.50774
-4.52703
-4.54027
-4.53562
-4.51046
-4.47472
-4.43596
-4.40374
-4.38197
-4.36885
-4.36218
-4.36051
-4.36057
-4.36314
-4.36924
-4.37943
-4.39154
-4.39796
-4.38811
-4.35884
-4.31831
-4.28463
-4.27701
-4.30173
-4.35241
-4.41459
-4.47127
-4.51781
-4.55206
-4.57665
-4.59174
-4.5962
-4.58845
-4.57045
-4.54194
-4.50627
-4.46391
-4.42148
-4.37963
-4.34068
-4.31039
-4.29697
-4.30694
-4.34246
-4.39105
-4.4352
-4.46488
-4.47382
-4.46718
-4.4572
-4.45249
-4.45889
-4.46821
-4.4665
-4.44702
-4.40776
-4.35278
-4.29261
-4.23288
-4.18669
-4.16314
-4.15848
-4.16268
-4.17278
-4.19039
-4.21771
-4.25253
-4.28841
-4.32889
-4.37428
-4.4206
-4.46716
-4.51138
-4.55104
-4.58318
-4.60534
-4.6115
-4.60111
-4.57075
-4.52301
-4.46422
-4.40206
-4.34466
-4.29968
-4.27099
-4.26124
-4.26391
-4.26938
-4.26775
-4.25582
-4.23277
-4.20654
-4.18278
-4.16788
-4.16365
-4.16441
-4.16522
-4.16445
-4.16647
-4.17922
-4.20727
-4.23865
-4.26499
-4.28783
-4.30885
-4.33092
-4.34887
-4.35643
-4.3435
-4.30631
-4.24982
-4.18537
-4.12993
-4.09953
-4.10402
-4.14538
-4.2136
-4.28919
-4.3543
-4.40404
-4.43744
-4.46398
-4.48522
-4.50244
-4.51249
-4.51334
-4.49835
-4.46809
-4.42482
-4.37226
-4.32243
-4.28385
-4.26475
-4.26198
-4.27143
-4.28497
-4.29216
-4.29231
-4.28901
-4.28738
-4.2951
-4.32157
-4.36594
-4.42124
-4.47504
-4.51872
-4.54904
-4.56554
-4.57494
-4.57505
-4.56604
-4.5433
-4.50903
-4.46948
-4.43397
-4.40422
-4.38235
-4.37321
-4.37983
-4.39717
-4.4161
-4.42546
-4.42131
-4.40452
-4.37898
-4.35131
-4.32721
-4.3116
-4.30833
-4.31277
-4.32072
-4.3281
-4.3324
-4.3319
-4.32241
-4.2956
-4.25244
-4.21256
-4.20542
-4.23772
-4.27998
-4.30343
-4.2982
-4.27033
-4.2379
-4.21338
-4.204
-4.21168
-4.22533
-4.23602
-4.24116
-4.23318
-4.21359
-4.18711
-4.16084
-4.14172
-4.13288
-4.13256
-4.13963
-4.15186
-4.16981
-4.19454
-4.22622
-4.25886
-4.28731
-4.30915
-4.329
-4.34691
-4.36601
-4.3816
-4.39091
-4.39465
-4.39379
-4.39266
-4.39784
-4.41315
-4.43796
-4.46421
-4.48652
-4.50355
-4.51309
-4.5129
-4.50417
-4.48941
-4.47788
-4.4754
-4.48401
-4.49741
-4.50071
-4.48315
-4.44433
-4.39118
-4.33634
-4.29157
-4.26017
-4.23737
-4.21698
-4.19932
-4.18618
-4.18473
-4.19732
-4.22173
-4.25861
-4.30266
-4.35113
-4.4054
-4.46872
-4.54095
-4.61292
-4.66701
-4.69735
-4.70381
-4.69208
-4.67143
-4.64285
-4.60389
-4.55079
-4.48423
-4.41534
-4.35321
-4.30727
-4.28331
-4.27751
-4.28381
-4.29288
-4.30276
-4.31772
-4.34037
-4.36924
-4.39477
-4.41181
-4.42129
-4.42626
-4.42492
-4.41497
-4.38731
-4.34312
-4.29706
-4.2816
-4.30966
-4.36231
-4.41378
-4.45211
-4.47305
-4.48209
-4.48652
-4.49265
-4.49762
-4.49966
-4.49069
-4.472
-4.44561
-4.41832
-4.39705
-4.38072
-4.37092
-4.36303
-4.35842
-4.36221
-4.3743
-4.39144
-4.40969
-4.43025
-4.45467
-4.48189
-4.50843
-4.5284
-4.53418
-4.52456
-4.50029
-4.46192
-4.41238
-4.35839
-4.31635
-4.29885
-4.31098
-4.33672
-4.35464
-4.35536
-4.34342
-4.3297
-4.32421
-4.3361
-4.36543
-4.40147
-4.43349
-4.45996
-4.47291
-4.4646
-4.42955
-4.37412
-4.31205
-4.25919
-4.22208
-4.19735
-4.18489
-4.18301
-4.1926
-4.20838
-4.22721
-4.24305
-4.25946
-4.27717
-4.29165
-4.30132
-4.30561
-4.30741
-4.31552
-4.33675
-4.3728
-4.41665
-4.45171
-4.46914
-4.4651
-4.45228
-4.44171
-4.44447
-4.46239
-4.48945
-4.51395
-4.5261
-4.52208
-4.50261
-4.47437
-4.44626
-4.4185
-4.39202
-4.36635
-4.3464
-4.33626
-4.33478
-4.3342
-4.33193
-4.32847
-4.33612
-4.36222
-4.4061
-4.45992
-4.50955
-4.55083
-4.57726
-4.58801
-4.58369
-4.56858
-4.54971
-4.53159
-4.51715
-4.50833
-4.50403
-4.50364
-4.50545
-4.50667
-4.49694
-4.47653
-4.44245
-4.39784
-4.34979
-4.30162
-4.25831
-4.22163
-4.19444
-4.18312
-4.19285
-4.22239
-4.26637
-4.31368
-4.35976
-4.39723
-4.41789
-4.41389
-4.38328
-4.32493
-4.24971
-4.17006
-4.1059
-4.06772
-4.05814
-4.071
-4.10115
-4.14428
-4.20096
-4.271
-4.34363
-4.40402
-4.44626
-4.47856
-4.50341
-4.52535
-4.53441
-4.52349
-4.49053
-4.44197
-4.38877
-4.34332
-4.31289
-4.30011
-4.30159
-4.30939
-4.31663
-4.32139
-4.32343
-4.32876
-4.33929
-4.35831
-4.38923
-4.42881
-4.46836
-4.49876
-4.51765
-4.53349
-4.55672
-4.57666
-4.57645
-4.54939
-4.50286
-4.44716
-4.39328
-4.34886
-4.31366
-4.28502
-4.25842
-4.22712
-4.19616
-4.17273
-4.16524
-4.17631
-4.19874
-4.21902
-4.22763
-4.22583
-4.22185
-4.22615
-4.2359
-4.24564
-4.2527
-4.25485
-4.25455
-4.25969
-4.27458
-4.30112
-4.3425
-4.39391
-4.44976
-4.5035
-4.55067
-4.58552
-4.60556
-4.6096
-4.59741
-4.56947
-4.53081
-4.48481
-4.43807
-4.39249
-4.355
-4.33702
-4.34613
-4.37998
-4.43071
-4.48526
-4.53746
-4.58113
-4.60743
-4.61258
-4.59443
-4.55733
-4.50832
-4.45685
-4.41159
-4.37732
-4.36001
-4.3539
-4.35062
-4.34307
-4.33197
-4.31856
-4.31006
-4.31098
-4.32726
-4.35795
-4.40267
-4.45308
-4.50202
-4.54382
-4.57434
-4.59009
-4.59407
-4.58652
-4.5704
-4.54488
-4.50582
-4.45353
-4.39403
-4.33676
-4.28688
-4.24927
-4.22901
-4.23351
-4.26393
-4.3126
-4.36431
-4.40302
-4.42157
-4.41814
-4.40393
-4.38553
-4.37246
-4.36695
-4.3645
-4.36127
-4.35447
-4.34601
-4.33941
-4.34401
-4.36479
-4.40323
-4.45351
-4.50221
-4.53633
-4.55008
-4.5411
-4.50912
-4.45643
-4.38433
-4.3044
-4.23733
-4.20279
-4.19535
-4.19111
-4.17448
-4.14998
-4.12506
-4.1065
-4.10234
-4.11356
-4.14059
-4.17644
-4.21843
-4.25796
-4.29159
-4.31504
-4.32758
-4.33084
-4.33268
-4.33513
-4.34023
-4.34955
-4.36173
-4.37299
-4.37479
-4.36547
-4.34653
-4.3224
-4.29649
-4.27011
-4.25042
-4.24724
-4.26763
-4.31066
-4.36258
-4.40987
-4.44055
-4.45592
-4.45785
-4.45031
-4.43888
-4.42837
-4.42251
-4.42581
-4.44094
-4.45577
-4.46145
-4.45037
-4.42012
-4.38128
-4.34485
-4.32203
-4.31152
-4.30577
-4.30665
-4.31303
-4.32201
-4.32378
-4.30834
-4.27247
-4.2203
-4.16384
-4.11813
-4.09419
-4.09812
-4.13452
-4.20167
-4.2887
-4.38295
-4.4674
-4.52962
-4.56551
-4.57677
-4.56463
-4.53883
-4.50894
-4.48049
-4.45844
-4.44884
-4.45448
-4.47422
-4.50669
-4.54484
-4.57877
-4.60238
-4.61436
-4.61168
-4.59817
-4.57617
-4.54763
-4.51536
-4.48146
-4.44633
-4.413
-4.38377
-4.36196
-4.3514
-4.34833
-4.3529
-4.35561
-4.34893
-4.32924
-4.3002
-4.27348
-4.2601
-4.26529
-4.28574
-4.31784
-4.3584
-4.39951
-4.43389
-4.45017
-4.445
-4.41663
-4.36634
-4.30093
-4.22704
-4.15525
-4.10425
-4.0972
-4.14222
-4.21485
-4.28775
-4.34758
-4.39428
-4.43329
-4.47006
-4.50588
-4.53782
-4.56265
-4.57131
-4.56341
-4.5411
-4.50988
-4.47646
-4.44669
-4.42576
-4.41196
-4.3997
-4.38568
-4.36994
-4.36089
-4.36343
-4.37969
-4.4052
-4.43046
-4.44806
-4.45264
-4.44587
-4.43038
-4.40949
-4.39205
-4.38221
-4.38234
-4.39297
-4.41167
-4.4339
-4.45081
-4.45783
-4.44855
-4.42553
-4.39132
-4.3581
-4.34236
-4.34857
-4.37287
-4.4023
-4.4332
-4.46563
-4.49546
-4.5177
-4.52577
-4.51335
-4.47683
-4.42071
-4.35148
-4.27998
-4.22201
-4.19004
-4.1897
-4.21026
-4.23574
-4.25857
-4.27268
-4.27976
-4.28009
-4.27443
-4.26971
-4.26971
-4.27884
-4.29305
-4.3077
-4.31899
-4.32416
-4.3184
-4.30224
-4.27738
-4.25518
-4.25115
-4.27171
-4.31289
-4.36088
-4.40132
-4.42696
-4.43838
-4.43749
-4.42381
-4.40284
-4.37201
-4.33484
-4.29868
-4.28044
-4.28497
-4.30565
-4.32111
-4.31623
-4.29088
-4.26146
-4.24643
-4.24408
-4.2422
-4.23248
-4.21891
-4.21431
-4.22611
-4.25252
-4.28331
-4.30395
-4.30752
-4.30041
-4.29131
-4.29209
-4.30699
-4.32536
-4.33416
-4.32474
-4.29354
-4.24309
-4.18112
-4.11435
-4.0624
-4.0447
-4.08031
-4.16068
-4.25945
-4.3514
-4.42337
-4.46711
-4.48359
-4.4741
-4.45551
-4.45243
-4.47454
-4.51016
-4.54002
-4.5514
-4.54455
-4.52494
-4.50282
-4.48307
-4.46003
-4.42538
-4.37391
-4.30949
-4.2478
-4.20609
-4.19902
-4.21944
-4.25087
-4.28306
-4.30621
-4.31342
-4.30651
-4.29096
-4.27272
-4.26182
-4.26537
-4.28414
-4.3166
-4.35676
-4.39992
-4.4371
-4.46519
-4.48989
-4.50873
-4.52088
-4.52018
-4.50522
-4.47622
-4.43774
-4.39315
-4.35423
-4.3218
-4.30022
-4.28935
-4.2866
-4.29279
-4.3048
-4.31681
-4.32512
-4.32535
-4.32
-4.312
-4.30806
-4.30918
-4.3178
-4.33231
-4.3521
-4.37231
-4.38912
-4.39929
-4.39695
-4.38582
-4.36254
-4.33034
-4.29689
-4.27037
-4.25668
-4.25774
-4.27627
-4.31123
-4.35635
-4.40181
-4.4353
-4.4559
-4.46706
-4.46937
-4.46452
-4.46278
-4.46577
-4.46801
-4.46121
-4.44234
-4.41453
-4.38448
-4.36105
-4.34772
-4.34372
-4.34932
-4.36443
-4.39078
-4.42512
-4.459
-4.48579
-4.50208
-4.51256
-4.52144
-4.527
-4.52413
-4.51065
-4.49427
-4.48999
-4.50577
-4.54006
-4.58165
-4.6124
-4.62822
-4.62053
-4.58909
-4.53662
-4.4694
-4.40097
-4.34981
-4.32237
-4.32226
-4.3497
-4.39797
-4.44242
-4.46683
-4.47323
-4.46969
-4.47036
-4.485
-4.51354
-4.54882
-4.58105
-4.60022
-4.60131
-4.58205
-4.54052
-4.48206
-4.41314
-4.34753
-4.30096
-4.27894
-4.28493
-4.31013
-4.34362
-4.37327
-4.39507
-4.40741
-4.41299
-4.4113
-4.40316
-4.39211
-4.37969
-4.36899
-4.35725
-4.34096
-4.31416
-4.28037
-4.24935
-4.22522
-4.20977
-4.19802
-4.1862
-4.17747
-4.18011
-4.19478
-4.21402
-4.23249
-4.25153
-4.27361
-4.30139
-4.33096
-4.35609
-4.36821
-4.36391
-4.35142
-4.33676
-4.32774
-4.3267
-4.33851
-4.37015
-4.41866
-4.46864
-4.50423
-4.52053
-4.52527
-4.52311
-4.51417
-4.50363
-4.49433
-4.48521
-4.46878
-4.43884
-4.39481
-4.34259
-4.29542
-4.25824
-4.23479
-4.2214
-4.21452
-4.20925
-4.20017
-4.1847
-4.16725
-4.16112
-4.16791
-4.18419
-4.20339
-4.21906
-4.22474
-4.22331
-4.21513
-4.20609
-4.20345
-4.20924
-4.22743
-4.2544
-4.28669
-4.32261
-4.35941
-4.39523
-4.42821
-4.45905
-4.47984
-4.48654
-4.47703
-4.45381
-4.41688
-4.37039
-4.31434
-4.25317
-4.19823
-4.16665
-4.16475
-4.1943
-4.2395
-4.29007
-4.33303
-4.36857
-4.39849
-4.42228
-4.44639
-4.47266
-4.50393
-4.53611
-4.56037
-4.56431
-4.53953
-4.48443
-4.40372
-4.31155
-4.22618
-4.16758
-4.1433
-4.14666
-4.16006
-4.17149
-4.17442
-4.17424
-4.17542
-4.17874
-4.1804
-4.17547
-4.16568
-4.16335
-4.17711
-4.20242
-4.2266
-4.24433
-4.25581
-4.26847
-4.28922
-4.32153
-4.36025
-4.3999
-4.42789
-4.43151
-4.40272
-4.35093
-4.29797
-4.27088
-4.28154
-4.31646
-4.35068
-4.37884
-4.40413
-4.43331
-4.4693
-4.50915
-4.54124
-4.55632
-4.5479
-4.51646
-4.47156
-4.4226
-4.3805
-4.34954
-4.33412
-4.33797
-4.36041
-4.39463
-4.43428
-4.46824
-4.4921
-4.50215
-4.49923
-4.48157
-4.45164
-4.41492
-4.37531
-4.33824
-4.31086
-4.29813
-4.29954
-4.31531
-4.34404
-4.38145
-4.41689
-4.43843
-4.4433
-4.43468
-4.42101
-4.40859
-4.40012
-4.39731
-4.39658
-4.39576
-4.39483
-4.39079
-4.38695
-4.38676
-4.39142
-4.40388
-4.42363
-4.44387
-4.45988
-4.46905
-4.47472
-4.49066
-4.52201
-4.55372
-4.57129
-4.56476
-4.53743
-4.4963
-4.45034
-4.40959
-4.3848
-4.37929
-4.38896
-4.40162
-4.4084
-4.40988
-4.41516
-4.43514
-4.47607
-4.52327
-4.55971
-4.57138
-4.55097
-4.50287
-4.43689
-4.36712
-4.30989
-4.27975
-4.27729
-4.29854
-4.33048
-4.36022
-4.38019
-4.39048
-4.39278
-4.38831
-4.37684
-4.35978
-4.33918
-4.3147
-4.28877
-4.26348
-4.24372
-4.23733
-4.24887
-4.28089
-4.32743
-4.38083
-4.43081
-4.46575
-4.48013
-4.46995
-4.43966
-4.39966
-4.36022
-4.32732
-4.2979
-4.26564
-4.22433
-4.171
-4.10534
-4.03686
-3.97431
-3.92829
-3.90192
-3.89487
-3.9072
-3.93968
-3.99203
-4.06039
-4.13681
-4.20956
-4.2716
-4.31497
-4.34103
-4.34878
-4.34357
-4.33102
-4.31786
-4.30935
-4.30079
-4.2888
-4.27213
-4.25671
-4.25038
-4.25619
-4.27456
-4.30575
-4.34474
-4.39066
-4.43756
-4.47632
-4.5013
-4.50679
-4.49218
-4.46284
-4.43778
-4.42863
-4.43539
-4.44208
-4.43395
-4.41943
-4.40314
-4.40027
-4.40957
-4.42726
-4.44685
-4.45787
-4.45829
-4.44801
-4.42472
-4.38979
-4.34662
-4.29866
-4.25615
-4.2219
-4.19595
-4.17218
-4.14811
-4.12586
-4.11085
-4.10776
-4.11641
-4.13424
-4.15674
-4.17493
-4.19058
-4.21066
-4.24057
-4.28595
-4.33512
-4.37878
-4.41125
-4.42792
-4.43187
-4.42893
-4.42346
-4.41804
-4.416
-4.41929
-4.43204
-4.45553
-4.48672
-4.51832
-4.54273
-4.55596
-4.55633
-4.55054
-4.54074
-4.52633
-4.50317
-4.48074
-4.46467
-4.45989
-4.46381
-4.46766
-4.46878
-4.47001
-4.47204
-4.47181
-4.4649
-4.44635
-4.41553
-4.38067
-4.34525
-4.31579
-4.29286
-4.27867
-4.27297
-4.27228
-4.27495
-4.28239
-4.29662
-4.32113
-4.35014
-4.37646
-4.39507
-4.40684
-4.4145
-4.42043
-4.42286
-4.41647
-4.3987
-4.37342
-4.35182
-4.34222
-4.34889
-4.37024
-4.40437
-4.44436
-4.48068
-4.50472
-4.50666
-4.4815
-4.44176
-4.39385
-4.35036
-4.30435
-4.25135
-4.19137
-4.13568
-4.09287
-4.07009
-4.07231
-4.10267
-4.15934
-4.23758
-4.32414
-4.41058
-4.49205
-4.56317
-4.61536
-4.63737
-4.62443
-4.58791
-4.54648
-4.51054
-4.4806
-4.45338
-4.43588
-4.42889
-4.43437
-4.44479
-4.45407
-4.45836
-4.45973
-4.4637
-4.47461
-4.49597
-4.5228
-4.54937
-4.57206
-4.58496
-4.58696
-4.57463
-4.54936
-4.51267
-4.4706
-4.42416
-4.37842
-4.33678
-4.30612
-4.29134
-4.29394
-4.31029
-4.33215
-4.35377
-4.36537
-4.36168
-4.34935
-4.32862
-4.30249
-4.2722
-4.23764
-4.20417
-4.17834
-4.16636
-4.171
-4.19589
-4.24286
-4.30162
-4.35727
-4.39453
-4.40398
-4.38057
-4.32905
-4.25786
-4.18106
-4.11145
-4.06045
-4.03784
-4.05147
-4.10102
-4.17231
-4.24654
-4.3034
-4.3344
-4.34074
-4.33141
-4.32137
-4.32107
-4.33264
-4.35174
-4.37199
-4.38242
-4.37599
-4.34976
-4.30545
-4.25116
-4.19817
-4.15878
-4.13663
-4.13031
-4.13876
-4.16251
-4.20308
-4.25543
-4.31412
-4.36571
-4.40444
-4.42053
-4.4116
-4.3815
-4.33389
-4.27555
-4.21473
-4.1589
-4.11371
-4.08278
-4.07445
-4.09398
-4.14571
-4.22172
-4.31074
-4.40129
-4.48325
-4.5546
-4.61315
-4.66082
-4.69599
-4.72025
-4.73163
-4.72828
-4.70628
-4.66513
-4.60608
-4.53299
-4.44924
-4.36232
-4.27746
-4.20105
-4.14306
-4.10933
-4.10434
-4.12192
-4.14885
-4.17231
-4.18854
-4.19533
-4.19533
-4.19913
-4.21235
-4.23522
-4.26527
-4.29089
-4.30501
-4.30258
-4.29228
-4.28663
-4.29323
-4.31257
-4.33843
-4.36835
-4.39847
-4.42606
-4.45241
-4.47406
-4.49054
-4.49891
-4.49714
-4.48991
-4.48128
-4.4764
-4.47175
-4.45903
-4.43895
-4.41629
-4.4038
-4.40986
-4.43556
-4.47662
-4.52699
-4.58038
-4.62869
-4.66515
-4.68902
-4.69231
-4.67481
-4.63602
-4.57706
-4.50671
-4.43966
-4.38692
-4.3534
-4.33431
-4.33073
-4.33677
-4.35158
-4.3685
-4.38303
-4.38787
-4.3837
-4.36688
-4.3403
-4.31039
-4.28701
-4.27785
-4.2854
-4.30321
-4.31849
-4.32138
-4.30147
-4.25951
-4.21317
-4.1782
-4.15533
-4.13691
-4.11493
-4.093
-4.08303
-4.09533
-4.13237
-4.18555
-4.24074
-4.28834
-4.33142
-4.3738
-4.41758
-4.46396
-4.51214
-4.56064
-4.61151
-4.65725
-4.69093
-4.70609
-4.70441
-4.68983
-4.67209
-4.65217
-4.63379
-4.61252
-4.58828
-4.56085
-4.53239
-4.50242
-4.4729
-4.44289
-4.40964
-4.37453
-4.34181
-4.31836
-4.30826
-4.31503
-4.33186
-4.35364
-4.37843
-4.40052
-4.42154
-4.43958
-4.45049
-4.45437
-4.44963
-4.43597
-4.41561
-4.39159
-4.37271
-4.36088
-4.35842
-4.36737
-4.38534
-4.406
-4.41905
-4.42515
-4.42312
-4.42358
-4.4356
-4.46121
-4.49664
-4.53171
-4.55497
-4.56478
-4.55975
-4.5447
-4.52723
-4.52201
-4.53203
-4.55122
-4.56394
-4.5618
-4.54368
-4.5134
-4.47365
-4.43045
-4.38841
-4.35682
-4.33951
-4.33943
-4.35232
-4.37544
-4.39974
-4.41934
-4.42998
-4.4318
-4.42907
-4.42133
-4.41529
-4.41179
-4.41222
-4.41548
-4.42408
-4.43662
-4.45058
-4.46445
-4.47794
-4.48932
-4.49519
-4.48618
-4.45839
-4.40344
-4.33131
-4.26317
-4.22084
-4.20381
-4.21085
-4.24415
-4.29821
-4.35799
-4.41055
-4.44517
-4.45755
-4.45086
-4.43239
-4.41132
-4.39472
-4.38769
-4.38949
-4.39279
-4.39109
-4.37996
-4.35771
-4.32832
-4.29058
-4.24421
-4.19608
-4.15812
-4.14092
-4.14636
-4.16935
-4.20002
-4.22997
-4.25127
-4.26359
-4.26612
-4.25874
-4.23918
-4.2121
-4.1936
-4.18945
-4.1983
-4.21627
-4.24288
-4.28032
-4.33374
-4.4028
-4.48141
-4.55734
-4.6185
-4.6593
-4.68051
-4.6876
-4.68254
-4.66484
-4.63636
-4.60491
-4.58089
-4.57132
-4.57054
-4.57261
-4.56703
-4.5487
-4.51374
-4.46654
-4.41133
-4.36092
-4.33396
-4.34149
-4.38266
-4.43962
-4.50066
-4.55661
-4.6001
-4.62395
-4.62302
-4.60204
-4.56951
-4.53729
-4.51629
-4.50757
-4.51073
-4.51778
-4.5235
-4.52517
-4.52535
-4.5188
-4.50609
-4.49126
-4.48514
-4.48605
-4.48883
-4.4803
-4.45466
-4.41537
-4.38392
-4.37134
-4.3725
-4.37646
-4.37969
-4.38488
-4.38679
-4.38645
-4.37688
-4.3572
-4.32542
-4.28253
-4.24216
-4.23112
-4.26581
-4.33968
-4.42177
-4.48488
-4.51252
-4.50247
-4.46644
-4.41893
-4.37919
-4.35177
-4.33207
-4.31516
-4.3001
-4.29343
-4.29334
-4.29978
-4.30996
-4.32347
-4.3419
-4.36165
-4.37884
-4.38718
-4.38019
-4.35586
-4.32009
-4.28665
-4.2686
-4.271
-4.28629
-4.30457
-4.31902
-4.32631
-4.32424
-4.31211
-4.28704
-4.2541
-4.22158
-4.20719
-4.22161
-4.26401
-4.31481
-4.35606
-4.37747
-4.3797
-4.36507
-4.33939
-4.30928
-4.28107
-4.25848
-4.2415
-4.23195
-4.22474
-4.21728
-4.20493
-4.19101
-4.18347
-4.19199
-4.2161
-4.25712
-4.31227
-4.3774
-4.44818
-4.50879
-4.55027
-4.56348
-4.5484
-4.50923
-4.45962
-4.42288
-4.4203
-4.44283
-4.47269
-4.4971
-4.51167
-4.51835
-4.52122
-4.52326
-4.5244
-4.524
-4.52136
-4.51884
-4.51479
-4.5084
-4.49676
-4.47735
-4.44985
-4.41417
-4.3736
-4.33402
-4.3024
-4.28593
-4.28658
-4.29962
-4.3158
-4.32545
-4.31816
-4.2924
-4.25182
-4.20523
-4.16871
-4.15921
-4.18259
-4.23187
-4.29366
-4.35771
-4.42022
-4.4792
-4.52947
-4.56584
-4.58612
-4.59158
-4.58114
-4.56252
-4.53657
-4.50204
-4.45526
-4.4003
-4.33903
-4.28946
-4.26349
-4.26581
-4.29749
-4.35497
-4.43242
-4.51263
-4.58236
-4.62741
-4.64162
-4.63302
-4.61683
-4.60793
-4.608
-4.60827
-4.59302
-4.55693
-4.50023
-4.43689
-4.37849
-4.33654
-4.31417
-4.31245
-4.321
-4.32797
-4.32701
-4.31546
-4.30124
-4.28916
-4.2852
-4.28406
-4.27688
-4.26501
-4.25252
-4.25149
-4.268
-4.30176
-4.34786
-4.39024
-4.41893
-4.42364
-4.40105
-4.35651
-4.2994
-4.24393
-4.20617
-4.19793
-4.22835
-4.29631
-4.38881
-4.49193
-4.58741
-4.66259
-4.70465
-4.70329
-4.65913
-4.57791
-4.47651
-4.3809
-4.32067
-4.30289
-4.31684
-4.34428
-4.37102
-4.39609
-4.41964
-4.44243
-4.46534
-4.4884
-4.50845
-4.52305
-4.53153
-4.53589
-4.53714
-4.5375
-4.53838
-4.54003
-4.54069
-4.53595
-4.52451
-4.50771
-4.48711
-4.46517
-4.44391
-4.43267
-4.43294
-4.44333
-4.46227
-4.48228
-4.49601
-4.49592
-4.48202
-4.45394
-4.41427
-4.36358
-4.3087
-4.25613
-4.20968
-4.17469
-4.15103
-4.14372
-4.15183
-4.17563
-4.21371
-4.25948
-4.2995
-4.3261
-4.34207
-4.35423
-4.37318
-4.40078
-4.43534
-4.46573
-4.48363
-4.48266
-4.46249
-4.43042
-4.39545
-4.3609
-4.33134
-4.30841
-4.29574
-4.30011
-4.32601
-4.37107
-4.4275
-4.48302
-4.52779
-4.55518
-4.56759
-4.57
-4.55965
-4.53925
-4.50879
-4.47546
-4.43971
-4.40982
-4.39094
-4.37964
-4.36747
-4.34772
-4.31932
-4.29231
-4.27436
-4.27295
-4.28894
-4.319
-4.35718
-4.40291
-4.45662
-4.51952
-4.5873
-4.64935
-4.69737
-4.72286
-4.72657
-4.7137
-4.691
-4.66104
-4.62705
-4.58917
-4.54467
-4.4917
-4.43585
-4.38379
-4.3417
-4.31405
-4.29921
-4.29454
-4.29912
-4.30511
-4.31375
-4.32365
-4.33834
-4.35741
-4.37877
-4.39725
-4.40946
-4.41366
-4.41302
-4.40982
-4.40948
-4.41135
-4.41825
-4.4244
-4.42699
-4.42418
-4.41482
-4.4062
-4.40536
-4.4172
-4.43488
-4.44481
-4.43268
-4.39986
-4.35363
-4.29691
-4.23621
-4.18172
-4.1456
-4.13649
-4.15871
-4.21161
-4.29039
-4.38204
-4.47198
-4.54716
-4.6006
-4.62758
-4.63033
-4.60999
-4.56973
-4.51901
-4.47476
-4.45913
-4.48425
-4.53387
-4.58781
-4.63011
-4.65243
-4.65127
-4.63222
-4.60431
-4.57679
-4.54831
-4.50237
-4.43271
-4.34339
-4.25989
-4.22137
-4.24442
-4.31361
-4.39767
-4.48156
-4.55611
-4.61442
-4.64804
-4.65465
-4.63786
-4.60182
-4.55337
-4.48866
-4.40835
-4.31931
-4.23504
-4.17547
-4.15334
-4.17394
-4.23233
-4.31293
-4.39389
-4.45724
-4.49303
-4.50299
-4.50049
-4.49724
-4.49895
-4.50246
-4.49669
-4.47409
-4.44398
-4.42947
-4.44333
-4.47349
-4.49278
-4.48576
-4.45318
-4.41407
-4.39715
-4.41724
-4.45557
-4.48179
-4.48932
-4.48493
-4.47786
-4.47241
-4.465
-4.45155
-4.43466
-4.41265
-4.38589
-4.3539
-4.31842
-4.2863
-4.25973
-4.24923
-4.26478
-4.30416
-4.35934
-4.41668
-4.45891
-4.481
-4.47857
-4.45188
-4.40978
-4.35732
-4.30354
-4.26359
-4.24536
-4.25185
-4.28331
-4.33172
-4.393
-4.45285
-4.49423
-4.49684
-4.46132
-4.38912
-4.29321
-4.199
-4.14121
-4.14372
-4.19458
-4.26277
-4.32678
-4.38186
-4.42469
-4.45445
-4.47198
-4.47881
-4.48012
-4.47964
-4.47175
-4.45265
-4.41595
-4.36882
-4.32396
-4.29945
-4.30349
-4.33437
-4.3792
-4.42756
-4.46825
-4.49341
-4.50113
-4.49238
-4.4679
-4.42908
-4.38191
-4.33018
-4.27963
-4.2392
-4.21501
-4.21023
-4.22474
-4.25558
-4.29556
-4.33737
-4.37251
-4.3944
-4.40422
-4.40884
-4.41656
-4.42917
-4.44423
-4.45565
-4.45868
-4.45076
-4.43496
-4.41449
-4.3945
-4.37653
-4.36427
-4.35806
-4.35783
-4.36141
-4.37257
-4.39589
-4.4253
-4.45516
-4.47438
-4.47651
-4.45675
-4.42228
-4.3801
-4.33964
-4.30337
-4.27074
-4.23615
-4.19581
-4.15744
-4.13553
-4.14106
-4.17947
-4.23863
-4.30357
-4.35926
-4.39262
-4.39744
-4.37188
-4.319
-4.24163
-4.15244
-4.07283
-4.03259
-4.04834
-4.11635
-4.20568
-4.28118
-4.32514
-4.33418
-4.32653
-4.31806
-4.32085
-4.33457
-4.35274
-4.37394
-4.38984
-4.39833
-4.40246
-4.40212
-4.40411
-4.41042
-4.42589
-4.45342
-4.48579
-4.51853
-4.55053
-4.57966
-4.59859
-4.60409
-4.59112
-4.56056
-4.51354
-4.45745
-4.40458
-4.36635
-4.354
-4.36724
-4.39884
-4.43349
-4.46276
-4.47866
-4.48591
-4.48346
-4.47341
-4.46014
-4.44561
-4.43443
-4.42738
-4.42081
-4.40872
-4.38812
-4.35481
-4.30551
-4.24515
-4.19132
-4.1581
-4.15305
-4.16891
-4.19787
-4.23371
-4.27527
-4.3191
-4.36611
-4.41345
-4.45826
-4.49659
-4.52559
-4.54482
-4.55597
-4.55711
-4.55124
-4.54444
-4.53833
-4.53311
-4.52417
-4.50976
-4.48766
-4.45883
-4.42659
-4.39758
-4.37408
-4.35389
-4.33623
-4.31877
-4.3051
-4.3005
-4.30603
-4.31885
-4.33181
-4.33595
-4.32872
-4.31672
-4.31695
-4.33436
-4.35565
-4.36143
-4.3405
-4.29992
-4.2629
-4.25674
-4.28877
-4.34189
-4.39666
-4.44374
-4.48223
-4.50762
-4.52403
-4.53073
-4.52487
-4.50755
-4.48023
-4.44728
-4.41769
-4.39721
-4.38655
-4.38382
-4.38132
-4.37788
-4.37164
-4.36454
-4.36132
-4.36732
-4.38167
-4.39462
-4.39058
-4.36385
-4.31646
-4.25614
-4.19894
-4.16459
-4.16049
-4.18984
-4.23919
-4.29136
-4.33107
-4.35161
-4.35923
-4.35877
-4.36017
-4.37695
-4.40998
-4.45347
-4.49354
-4.51871
-4.51919
-4.49489
-4.45467
-4.41168
-4.37949
-4.37126
-4.38977
-4.42414
-4.45677
-4.4732
-4.46448
-4.43135
-4.37919
-4.31839
-4.25319
-4.20047
-4.16735
-4.17
-4.20574
-4.2659
-4.33379
-4.39478
-4.44572
-4.48329
-4.50619
-4.51394
-4.5132
-4.50818
-4.49697
-4.48054
-4.45595
-4.42615
-4.39624
-4.37634
-4.37202
-4.38541
-4.41383
-4.4492
-4.48084
-4.50133
-4.50846
-4.5061
-4.49926
-4.4955
-4.50008
-4.5172
-4.54873
-4.58931
-4.63031
-4.6641
-4.68085
-4.68195
-4.66584
-4.63846
-4.60404
-4.56237
-4.51649
-4.46953
-4.42717
-4.39892
-4.38401
-4.38129
-4.38037
-4.37994
-4.37598
-4.36896
-4.3606
-4.35052
-4.33859
-4.32547
-4.31186
-4.29657
-4.29249
-4.3083
-4.347
-4.3982
-4.45485
-4.50736
-4.55038
-4.57795
-4.58814
-4.58551
-4.57321
-4.55925
-4.54525
-4.53516
-4.52649
-4.51746
-4.50101
-4.47533
-4.4444
-4.41388
-4.39672
-4.3955
-4.41248
-4.44185
-4.47279
-4.49563
-4.49982
-4.48354
-4.44816
-4.40033
-4.34341
-4.28198
-4.22732
-4.19759
-4.20691
-4.24937
-4.30415
-4.35671
-4.40183
-4.43694
-4.46294
-4.47809
-4.48444
-4.48185
-4.47289
-4.45709
-4.43389
-4.40711
-4.37682
-4.34979
-4.33292
-4.33109
-4.34567
-4.37354
-4.40774
-4.44382
-4.47749
-4.50354
-4.51735
-4.51707
-4.49797
-4.46658
-4.43015
-4.39172
-4.35589
-4.32569
-4.31525
-4.3291
-4.3662
-4.41439
-4.46151
-4.50623
-4.54461
-4.57233
-4.58886
-4.59131
-4.57723
-4.54909
-4.50859
-4.46546
-4.43231
-4.42389
-4.4359
-4.4563
-4.46726
-4.46613
-4.44742
-4.41089
-4.35508
-4.28842
-4.22807
-4.18745
-4.17581
-4.18908
-4.22019
-4.25599
-4.28716
-4.30714
-4.31021
-4.30661
-4.3116
-4.34113
-4.39539
-4.46165
-4.52536
-4.57928
-4.62478
-4.66168
-4.68934
-4.70617
-4.70546
-4.6826
-4.63783
-4.57376
-4.49328
-4.40606
-4.32546
-4.265
-4.23387
-4.22834
-4.24255
-4.27289
-4.31713
-4.37209
-4.43114
-4.4801
-4.50265
-4.48956
-4.44321
-4.38462
-4.34261
-4.33113
-4.34376
-4.36241
-4.36898
-4.35385
-4.31729
-4.27521
-4.2467
-4.2522
-4.29798
-4.3708
-4.4515
-4.52384
-4.58228
-4.62374
-4.6485
-4.65603
-4.64936
-4.62996
-4.60274
-4.5677
-4.52587
-4.47531
-4.42048
-4.36639
-4.32649
-4.31213
-4.32618
-4.36406
-4.40917
-4.44716
-4.47386
-4.49306
-4.49981
-4.48224
-4.43653
-4.37426
-4.3286
-4.32954
-4.37825
-4.44186
-4.48675
-4.49646
-4.4705
-4.41924
-4.35759
-4.30003
-4.25887
-4.2442
-4.26101
-4.30566
-4.36901
-4.44024
-4.50734
-4.56222
-4.5971
-4.61137
-4.61288
-4.60693
-4.59613
-4.57522
-4.54817
-4.52307
-4.50349
-4.48976
-4.48128
-4.47027
-4.44983
-4.41114
-4.35338
-4.27674
-4.20374
-4.15323
-4.13388
-4.1412
-4.16484
-4.19125
-4.21491
-4.23913
-4.26718
-4.29778
-4.32383
-4.34094
-4.3451
-4.3361
-4.31741
-4.29054
-4.2646
-4.2487
-4.25304
-4.27991
-4.32528
-4.38078
-4.43968
-4.49165
-4.53139
-4.55276
-4.54644
-4.51119
-4.45632
-4.40076
-4.36092
-4.33395
-4.3092
-4.27853
-4.25058
-4.23998
-4.258
-4.30661
-4.37355
-4.43893
-4.48605
-4.50946
-4.51192
-4.50258
-4.49221
-4.48427
-4.47389
-4.45256
-4.41588
-4.3683
-4.31781
-4.26953
-4.22161
-4.17753
-4.14746
-4.14372
-4.1712
-4.21669
-4.2643
-4.30122
-4.32771
-4.35127
-4.37992
-4.4033
-4.41324
-4.40473
-4.37696
-4.34114
-4.30465
-4.27993
-4.27273
-4.28224
-4.30266
-4.32464
-4.34186
-4.35386
-4.363
-4.37055
-4.37922
-4.39038
-4.40127
-4.41385
-4.42619
-4.43697
-4.4363
-4.4182
-4.38346
-4.33646
-4.28576
-4.2385
-4.19988
-4.18509
-4.21434
-4.28376
-4.37092
-4.45192
-4.52009
-4.57469
-4.61328
-4.63746
-4.64595
-4.63679
-4.60975
-4.56871
-4.52475
-4.48921
-4.4739
-4.48328
-4.52161
-4.5778
-4.63072
-4.66827
-4.68297
-4.67465
-4.64604
-4.59969
-4.53845
-4.46716
-4.39167
-4.32457
-4.28278
-4.2747
-4.30504
-4.36494
-4.44016
-4.51579
-4.57954
-4.62642
-4.65415
-4.66702
-4.66771
-4.65636
-4.63416
-4.59714
-4.54286
-4.47045
-4.39036
-4.31469
-4.25986
-4.23223
-4.23368
-4.26139
-4.29973
-4.33031
-4.33867
-4.31603
-4.26794
-4.20505
-4.13753
-4.08017
-4.0395
-4.01822
-4.01509
-4.02551
-4.04239
-4.06548
-4.09176
-4.12251
-4.15515
-4.18387
-4.20443
-4.21385
-4.21494
-4.20829
-4.19543
-4.17984
-4.16963
-4.17258
-4.18777
-4.20875
-4.22835
-4.24959
-4.27951
-4.32077
-4.36701
-4.40829
-4.43417
-4.44382
-4.44065
-4.42896
-4.40757
-4.37703
-4.33962
-4.30653
-4.28325
-4.27162
-4.26343
-4.25343
-4.23969
-4.22306
-4.20687
-4.19949
-4.2023
-4.21262
-4.2303
-4.25115
-4.27318
-4.29475
-4.31489
-4.32376
-4.31527
-4.28712
-4.24806
-4.21223
-4.18839
-4.17866
-4.17211
-4.16011
-4.14196
-4.11664
-4.09144
-4.07417
-4.08331
-4.12662
-4.19668
-4.27333
-4.33641
-4.37497
-4.38839
-4.38266
-4.36723
-4.35291
-4.35225
-4.37024
-4.40937
-4.46508
-4.52963
-4.59084
-4.64176
-4.67888
-4.69901
-4.70215
-4.69068
-4.66667
-4.63492
-4.59793
-4.55508
-4.5056
-4.4492
-4.38685
-4.31974
-4.25179
-4.19006
-4.15271
-4.1511
-4.19001
-4.25708
-4.33388
-4.40426
-4.4595
-4.48993
-4.49201
-4.47068
-4.43943
-4.40437
-4.37039
-4.33554
-4.29829
-4.27021
-4.26184
-4.28117
-4.32184
-4.37813
-4.43082
-4.46887
-4.48243
-4.472
-4.43706
-4.38278
-4.31667
-4.2521
-4.20227
-4.18164
-4.18993
-4.22144
-4.26557
-4.31528
-4.36165
-4.40403
-4.4413
-4.47518
-4.50948
-4.54277
-4.56971
-4.58238
-4.57753
-4.55722
-4.52367
-4.48133
-4.42817
-4.3686
-4.30728
-4.25322
-4.21209
-4.18977
-4.1847
-4.19576
-4.21328
-4.23068
-4.24066
-4.23979
-4.22715
-4.20127
-4.16819
-4.13507
-4.11173
-4.10977
-4.1354
-4.18957
-4.26274
-4.33491
-4.39244
-4.42532
-4.43248
-4.41849
-4.39568
-4.37709
-4.3772
-4.394
-4.41657
-4.42917
-4.42564
-4.40665
-4.37672
-4.33549
-4.28827
-4.23939
-4.19314
-4.15784
-4.14076
-4.1501
-4.18396
-4.23083
-4.27807
-4.31945
-4.35452
-4.38329
-4.40719
-4.41791
-4.41724
-4.41428
-4.41441
-4.41368
-4.4029
-4.37355
-4.33415
-4.29414
-4.26222
-4.24505
-4.24345
-4.25424
-4.27591
-4.298
-4.31933
-4.34249
-4.36312
-4.37735
-4.37842
-4.36914
-4.35568
-4.34407
-4.33872
-4.33593
-4.33198
-4.32731
-4.32888
-4.34223
-4.36831
-4.39769
-4.42701
-4.44909
-4.4661
-4.473
-4.46548
-4.44613
-4.41901
-4.3958
-4.38079
-4.37218
-4.36217
-4.34964
-4.33352
-4.32135
-4.32197
-4.34204
-4.38363
-4.43556
-4.48501
-4.52001
-4.53331
-4.52567
-4.50036
-4.46219
-4.41422
-4.36549
-4.32205
-4.29024
-4.27571
-4.27466
-4.28456
-4.29441
-4.30084
-4.30601
-4.3134
-4.32122
-4.32805
-4.32474
-4.30859
-4.28413
-4.26538
-4.26512
-4.27615
-4.28873
-4.29635
-4.30088
-4.30433
-4.31049
-4.32089
-4.3333
-4.34556
-4.35568
-4.36479
-4.36973
-4.36558
-4.35183
-4.33098
-4.31479
-4.31021
-4.31755
-4.32593
-4.32986
-4.32486
-4.31687
-4.31723
-4.33809
-4.38174
-4.43614
-4.48618
-4.51831
-4.52621
-4.50959
-4.47769
-4.44224
-4.41084
-4.38973
-4.37665
-4.36535
-4.35088
-4.3305
-4.31145
-4.30047
-4.30304
-4.31992
-4.34721
-4.37944
-4.4136
-4.44219
-4.46018
-4.463
-4.44447
-4.40576
-4.35142
-4.29615
-4.25679
-4.24377
-4.25819
-4.29453
-4.34236
-4.39113
-4.43262
-4.45884
-4.46821
-4.46208
-4.44286
-4.41502
-4.38156
-4.34475
-4.30711
-4.27946
-4.27205
-4.29014
-4.32704
-4.37283
-4.41443
-4.44324
-4.45721
-4.45289
-4.43175
-4.39438
-4.3483
-4.30404
-4.27404
-4.26841
-4.29312
-4.34234
-4.40061
-4.45413
-4.49669
-4.52597
-4.54462
-4.55881
-4.57414
-4.59472
-4.61306
-4.62091
-4.60662
-4.56816
-4.50423
-4.42415
-4.34163
-4.27109
-4.22491
-4.20276
-4.20363
-4.21964
-4.24937
-4.2933
-4.35041
-4.41752
-4.48402
-4.53613
-4.5686
-4.57697
-4.56002
-4.51303
-4.43715
-4.34515
-4.2654
-4.21139
-4.17758
-4.14528
-4.10862
-4.07752
-4.07007
-4.09569
-4.14795
-4.21469
-4.28026
-4.33715
-4.37855
-4.40713
-4.41839
-4.41527
-4.39494
-4.36421
-4.33339
-4.3143
-4.31485
-4.33233
-4.3595
-4.37776
-4.37686
-4.34903
-4.29697
-4.24063
-4.20032
-4.19077
-4.21031
-4.24911
-4.29212
-4.33322
-4.36878
-4.39488
-4.41363
-4.42464
-4.4263
-4.41833
-4.39963
-4.36977
-4.32926
-4.28924
-4.26073
-4.24731
-4.24486
-4.24483
-4.24191
-4.23913
-4.23818
-4.24028
-4.247
-4.2622
-4.28849
-4.3207
-4.35744
-4.38896
-4.41236
-4.42731
-4.43094
-4.42565
-4.40675
-4.37744
-4.34417
-4.31603
-4.29945
-4.30451
-4.33015
-4.3701
-4.41755
-4.45909
-4.49121
-4.50969
-4.51503
-4.51073
-4.50509
-4.50046
-4.49608
-4.4875
-4.47781
-4.46716
-4.45397
-4.44135
-4.42627
-4.41224
-4.40079
-4.39049
-4.38716
-4.38862
-4.39722
-4.41157
-4.43017
-4.44806
-4.45986
-4.46567
-4.46601
-4.46564
-4.46803
-4.47644
-4.4926
-4.50957
-4.51805
-4.51188
-4.49273
-4.46279
-4.4287
-4.39093
-4.34904
-4.30276
-4.25507
-4.21508
-4.1861
-4.1667
-4.15565
-4.15296
-4.16296
-4.18974
-4.23115
-4.28151
-4.33134
-4.37258
-4.39895
-4.4065
-4.39561
-4.37568
-4.35849
-4.36351
-4.39482
-4.44709
-4.50262
-4.54437
-4.5598
-4.55193
-4.52833
-4.49924
-4.47328
-4.45783
-4.44978
-4.44492
-4.43955
-4.43389
-4.43352
-4.44157
-4.45825
-4.47914
-4.49827
-4.50651
-4.49908
-4.48066
-4.45242
-4.42597
-4.40799
-4.40517
-4.41612
-4.4356
-4.45235
-4.45663
-4.43953
-4.4081
-4.37189
-4.3488
-4.34175
-4.34463
-4.34791
-4.35097
-4.36177
-4.38863
-4.42869
-4.47635
-4.51961
-4.54902
-4.55757
-4.5439
-4.51347
-4.47095
-4.42502
-4.3841
-4.35607
-4.33966
-4.32882
-4.32037
-4.31364
-4.31336
-4.31855
-4.32248
-4.3237
-4.32311
-4.31978
-4.31343
-4.2998
-4.27891
-4.25495
-4.23494
-4.23094
-4.25153
-4.28939
-4.32577
-4.35556
-4.38048
-4.40122
-4.40728
-4.3969
-4.37832
-4.36069
-4.35285
-4.35504
-4.36928
-4.38806
-4.41005
-4.43006
-4.4443
-4.45796
-4.48145
-4.51719
-4.55314
-4.57583
-4.58197
-4.57282
-4.55246
-4.52137
-4.48608
-4.45589
-4.43712
-4.4304
-4.43026
-4.43361
-4.4322
-4.42701
-4.42384
-4.42382
-4.42665
-4.42753
-4.42207
-4.41538
-4.41897
-4.43637
-4.46768
-4.50508
-4.54032
-4.56193
-4.56683
-4.54506
-4.50029
-4.43152
-4.34514
-4.24877
-4.15584
-4.08225
-4.0413
-4.0332
-4.04567
-4.06347
-4.08222
-4.10416
-4.13137
-4.1562
-4.17515
-4.1871
-4.20013
-4.22174
-4.25241
-4.28955
-4.32979
-4.3659
-4.39422
-4.41146
-4.41167
-4.39181
-4.35073
-4.29452
-4.23278
-4.18415
-4.16707
-4.18758
-4.2404
-4.31148
-4.38636
-4.45576
-4.51296
-4.55615
-4.58715
-4.60501
-4.61707
-4.62362
-4.61947
-4.60489
-4.57824
-4.54079
-4.49819
-4.45546
-4.41505
-4.38387
-4.36659
-4.36722
-4.38175
-4.4011
-4.41297
-4.41437
-4.40419
-4.37796
-4.34519
-4.31089
-4.28613
-4.28187
-4.298
-4.33139
-4.37242
-4.41049
-4.44337
-4.47216
-4.50219
-4.53128
-4.55247
-4.56387
-4.5681
-4.56856
-4.56727
-4.56342
-4.55229
-4.53284
-4.51472
-4.50148
-4.49471
-4.49703
-4.50362
-4.51081
-4.5123
-4.50551
-4.48886
-4.46065
-4.42426
-4.38904
-4.36034
-4.34151
-4.32642
-4.31185
-4.30162
-4.29998
-4.31131
-4.32844
-4.3381
-4.33529
-4.32455
-4.31815
-4.33729
-4.377
-4.4172
-4.44172
-4.44211
-4.41959
-4.38201
-4.34088
-4.29679
-4.26107
-4.23843
-4.23068
-4.23607
-4.25201
-4.27215
-4.29229
-4.31006
-4.32831
-4.35068
-4.37994
-4.40923
-4.43409
-4.45745
-4.48082
-4.50926
-4.53623
-4.55906
-4.57502
-4.5836
-4.57589
-4.55084
-4.52395
-4.52709
-4.57437
-4.63619
-4.68178
-4.69983
-4.69308
-4.67159
-4.63875
-4.59803
-4.5601
-4.53674
-4.5395
-4.56104
-4.58629
-4.60455
-4.6088
-4.59677
-4.56858
-4.52808
-4.4868
-4.45916
-4.45196
-4.46548
-4.48127
-4.47804
-4.44729
-4.39531
-4.33836
-4.29447
-4.2748
-4.27902
-4.29452
-4.31029
-4.31546
-4.3094
-4.29712
-4.28624
-4.28253
-4.29231
-4.30823
-4.32517
-4.34046
-4.35147
-4.35946
-4.36387
-4.37248
-4.39086
-4.41604
-4.44036
-4.45578
-4.46211
-4.46659
-4.48084
-4.50337
-4.52362
-4.53055
-4.51743
-4.493
-4.46985
-4.45894
-4.46266
-4.47351
-4.48291
-4.48556
-4.47827
-4.45624
-4.41645
-4.36501
-4.31361
-4.27894
-4.27576
-4.30784
-4.36666
-4.4303
-4.48175
-4.50976
-4.51696
-4.51205
-4.50203
-4.48117
-4.45041
-4.41469
-4.38182
-4.35837
-4.34856
-4.34826
-4.35285
-4.35795
-4.36041
-4.36035
-4.36242
-4.36699
-4.37802
-4.39354
-4.41027
-4.41623
-4.41188
-4.39924
-4.38897
-4.38847
-4.39348
-4.39768
-4.38797
-4.3556
-4.29719
-4.21977
-4.14355
-4.09006
-4.07705
-4.10587
-4.16482
-4.23315
-4.29814
-4.35024
-4.39351
-4.43073
-4.46795
-4.49816
-4.51399
-4.51023
-4.48663
-4.45416
-4.42635
-4.4108
-4.40702
-4.40854
-4.41005
-4.40398
-4.38705
-4.35884
-4.32846
-4.30244
-4.28724
-4.28076
-4.27465
-4.2668
-4.25725
-4.2465
-4.23883
-4.23913
-4.24732
-4.25922
-4.26989
-4.27068
-4.26354
-4.25253
-4.24425
-4.23908
-4.24049
-4.25268
-4.28089
-4.32282
-4.37285
-4.42531
-4.46911
-4.4999
-4.51542
-4.51654
-4.50943
-4.49661
-4.47882
-4.45577
-4.42469
-4.38614
-4.34718
-4.31466
-4.29516
-4.2878
-4.29093
-4.30086
-4.31139
-4.31294
-4.30567
-4.30901
-4.34169
-4.39
-4.43023
-4.44959
-4.45194
-4.43909
-4.41706
-4.38922
-4.35708
-4.32152
-4.28437
-4.24647
-4.21755
-4.20556
-4.22033
-4.2545
-4.29689
-4.33686
-4.36818
-4.38356
-4.38301
-4.36615
-4.33861
-4.30809
-4.28766
-4.28549
-4.30485
-4.34569
-4.40283
-4.46482
-4.51904
-4.55625
-4.57215
-4.56271
-4.531
-4.48668
-4.43993
-4.39707
-4.36052
-4.32526
-4.28692
-4.24492
-4.20218
-4.16641
-4.147
-4.14812
-4.16826
-4.20195
-4.24656
-4.29528
-4.34369
-4.38561
-4.41619
-4.43194
-4.43399
-4.42677
-4.41642
-4.40913
-4.4065
-4.40782
-4.41882
-4.43878
-4.46174
-4.48215
-4.49002
-4.47858
-4.45027
-4.4133
-4.37268
-4.33392
-4.29507
-4.25679
-4.22603
-4.21313
-4.22207
-4.24847
-4.27668
-4.29091
-4.28661
-4.26298
-4.23218
-4.20525
-4.19876
-4.21794
-4.25189
-4.2881
-4.32027
-4.34646
-4.36672
-4.38575
-4.40669
-4.43206
-4.46177
-4.49145
-4.50685
-4.4948
-4.45289
-4.39575
-4.34604
-4.31756
-4.30848
-4.31443
-4.33148
-4.35112
-4.36284
-4.36154
-4.34605
-4.31413
-4.27144
-4.21939
-4.16673
-4.12394
-4.09364
-4.07729
-4.07222
-4.07692
-4.08818
-4.10573
-4.13553
-4.17739
-4.22951
-4.2869
-4.34239
-4.38928
-4.42255
-4.44097
-4.44901
-4.45102
-4.45619
-4.46859
-4.48658
-4.5022
-4.5141
-4.52384
-4.53431
-4.54683
-4.56103
-4.57784
-4.59842
-4.62501
-4.65434
-4.67782
-4.68847
-4.68552
-4.67049
-4.64686
-4.61971
-4.5898
-4.55544
-4.51892
-4.48464
-4.45827
-4.43915
-4.43437
-4.44664
-4.47558
-4.51429
-4.55619
-4.58679
-4.59723
-4.58377
-4.54419
-4.48668
-4.41665
-4.35054
-4.30111
-4.27941
-4.28914
-4.32432
-4.37316
-4.42608
-4.47377
-4.50822
-4.52576
-4.52682
-4.5149
-4.49785
-4.47926
-4.46057
-4.44103
-4.42507
-4.41511
-4.41635
-4.42963
-4.44854
-4.46451
-4.46587
-4.44177
-4.38997
-4.31896
-4.24409
-4.1876
-4.16118
-4.16466
-4.19463
-4.24477
-4.30515
-4.3648
-4.41355
-4.44993
-4.47195
-4.48098
-4.48872
-4.50196
-4.52232
-4.5425
-4.55356
-4.55284
-4.54379
-4.53714
-4.54237
-4.55526
-4.56915
-4.57725
-4.58347
-4.59821
-4.62967
-4.66775
-4.69972
-4.71194
-4.69723
-4.65885
-4.60199
-4.53789
-4.47591
-4.41801
-4.36513
-4.32017
-4.28929
-4.28272
-4.30185
-4.34371
-4.40125
-4.46767
-4.53065
-4.5831
-4.61558
-4.62433
-4.60905
-4.57761
-4.53641
-4.49544
-4.4646
-4.443
-4.42267
-4.38683
-4.33433
-4.27401
-4.22781
-4.21618
-4.24322
-4.2891
-4.32996
-4.34655
-4.33292
-4.29271
-4.23746
-4.18545
-4.15104
-4.13768
-4.13971
-4.15013
-4.16072
-4.16287
-4.14998
-4.12523
-4.10852
-4.11721
-4.15031
-4.19505
-4.23484
-4.26034
-4.2736
-4.28234
-4.29202
-4.3129
-4.34321
-4.37856
-4.4105
-4.43288
-4.43949
-4.43489
-4.42148
-4.40941
-4.41126
-4.42812
-4.45679
-4.48477
-4.50488
-4.51399
-4.51303
-4.50831
-4.50623
-4.51312
-4.52904
-4.55224
-4.57902
-4.60636
-4.63435
-4.65684
-4.67338
-4.68212
-4.68642
-4.68634
-4.6807
-4.66759
-4.64013
-4.59804
-4.54467
-4.48327
-4.42074
-4.35793
-4.29698
-4.23535
-4.17466
-4.1204
-4.07893
-4.0546
-4.05603
-4.09298
-4.16266
-4.26013
-4.36493
-4.46016
-4.53675
-4.59369
-4.63157
-4.65162
-4.65061
-4.62504
-4.57637
-4.51119
-4.44511
-4.39385
-4.36584
-4.36221
-4.3784
-4.40643
-4.44012
-4.47365
-4.50354
-4.52574
-4.53668
-4.53914
-4.53667
-4.53522
-4.54045
-4.546
-4.54771
-4.54189
-4.5268
-4.50411
-4.47766
-4.45088
-4.42695
-4.40514
-4.38752
-4.37859
-4.38318
-4.39553
-4.4064
-4.40793
-4.39434
-4.36625
-4.32977
-4.29114
-4.263
-4.25146
-4.26209
-4.29428
-4.34318
-4.4031
-4.46781
-4.52621
-4.5736
-4.60197
-4.60596
-4.58516
-4.55001
-4.51351
-4.48649
-4.47183
-4.46544
-4.45794
-4.44561
-4.42751
-4.41389
-4.41233
-4.42793
-4.45672
-4.48834
-4.51419
-4.533
-4.54734
-4.57514
-4.61589
-4.65093
-4.66118
-4.64319
-4.60731
-4.56679
-4.53741
-4.52565
-4.53121
-4.54777
-4.56622
-4.58196
-4.59062
-4.58922
-4.57624
-4.548
-4.50512
-4.45121
-4.39516
-4.35079
-4.32685
-4.32056
-4.32666
-4.34173
-4.36424
-4.39918
-4.4464
-4.49937
-4.54897
-4.58083
-4.58686
-4.56504
-4.51908
-4.45954
-4.4003
-4.35196
-4.32158
-4.31153
-4.32065
-4.33811
-4.34894
-4.34251
-4.31912
-4.29463
-4.28816
-4.30367
-4.32708
-4.34863
-4.36207
-4.36642
-4.3672
-4.36036
-4.34859
-4.33125
-4.30933
-4.28451
-4.26238
-4.25156
-4.2571
-4.27935
-4.30822
-4.33405
-4.3508
-4.35002
-4.32724
-4.28906
-4.25461
-4.24728
-4.27234
-4.3183
-4.36487
-4.39604
-4.39955
-4.37585
-4.3286
-4.27174
-4.22264
-4.19212
-4.18358
-4.18485
-4.1827
-4.17497
-4.16174
-4.15197
-4.14722
-4.14678
-4.15288
-4.17354
-4.21611
-4.27801
-4.34957
-4.42339
-4.49079
-4.54898
-4.59372
-4.61925
-4.62617
-4.61259
-4.57966
-4.5294
-4.46649
-4.39374
-4.31977
-4.25025
-4.19048
-4.14311
-4.10412
-4.06876
-4.0378
-4.02621
-4.03921
-4.0801
-4.13996
-4.20445
-4.25797
-4.29744
-4.32526
-4.34109
-4.33775
-4.31564
-4.277
-4.2382
-4.21556
-4.22028
-4.25167
-4.29914
-4.34897
-4.38936
-4.41417
-4.42921
-4.43653
-4.44465
-4.45308
-4.46234
-4.46925
-4.46853
-4.45595
-4.42838
-4.3859
-4.33146
-4.27275
-4.22144
-4.18308
-4.1704
-4.18569
-4.22577
-4.27625
-4.32335
-4.35649
-4.37389
-4.37655
-4.37153
-4.36056
-4.34248
-4.32032
-4.29601
-4.26973
-4.24738
-4.23698
-4.24425
-4.2616
-4.282
-4.3006
-4.3185
-4.34012
-4.36769
-4.39875
-4.43233
-4.46824
-4.50417
-4.53702
-4.56375
-4.57867
-4.58271
-4.576
-4.55771
-4.5301
-4.49
-4.44671
-4.40927
-4.37538
-4.34272
-4.30828
-4.27719
-4.2582
-4.2624
-4.28276
-4.30826
-4.32644
-4.32983
-4.32133
-4.30173
-4.27692
-4.2516
-4.23353
-4.22982
-4.2402
-4.26287
-4.29085
-4.31688
-4.33235
-4.33291
-4.31937
-4.29384
-4.26518
-4.24651
-4.24917
-4.27742
-4.32654
-4.38395
-4.43892
-4.48052
-4.50749
-4.51987
-4.52255
-4.5257
-4.53445
-4.5496
-4.56423
-4.56974
-4.5582
-4.52555
-4.475
-4.4117
-4.34771
-4.29381
-4.2584
-4.24222
-4.24698
-4.26589
-4.29002
-4.30859
-4.32287
-4.34059
-4.36582
-4.38719
-4.39363
-4.37687
-4.34354
-4.31243
-4.29267
-4.26911
-4.22098
-4.1451
-4.06253
-4.00622
-4.00205
-4.04714
-4.12358
-4.2105
-4.29374
-4.36454
-4.41651
-4.44452
-4.44642
-4.42434
-4.38614
-4.34422
-4.30908
-4.29893
-4.31794
-4.35893
-4.40701
-4.44856
-4.47455
-4.48463
-4.479
-4.46056
-4.43438
-4.40029
-4.36598
-4.33614
-4.31847
-4.31466
-4.32127
-4.32816
-4.33504
-4.3425
-4.35521
-4.37822
-4.41613
-4.4698
-4.53388
-4.59806
-4.65317
-4.69136
-4.70979
-4.70573
-4.68173
-4.64484
-4.59874
-4.5505
-4.50289
-4.46698
-4.44639
-4.44807
-4.4599
-4.46765
-4.46249
-4.44451
-4.42264
-4.4002
-4.37841
-4.35201
-4.31418
-4.2696
-4.22636
-4.19359
-4.18144
-4.19537
-4.2337
-4.29272
-4.36072
-4.42576
-4.47609
-4.51039
-4.53212
-4.54196
-4.5424
-4.53303
-4.51789
-4.50775
-4.51044
-4.52716
-4.54898
-4.56167
-4.55716
-4.53046
-4.48821
-4.44112
-4.39695
-4.36432
-4.35071
-4.35753
-4.3759
-4.39658
-4.41396
-4.42507
-4.4302
-4.43062
-4.42352
-4.4022
-4.36626
-4.32864
-4.30997
-4.3182
-4.34386
-4.37001
-4.38592
-4.38855
-4.38422
-4.37718
-4.36778
-4.35781
-4.34947
-4.34806
-4.34995
-4.35225
-4.34948
-4.34108
-4.33567
-4.34502
-4.3787
-4.42742
-4.47656
-4.51241
-4.53566
-4.54838
-4.55627
-4.56091
-4.565
-4.56999
-4.57835
-4.58407
-4.58011
-4.55776
-4.51491
-4.45488
-4.39001
-4.33578
-4.29711
-4.27219
-4.25304
-4.23521
-4.22526
-4.22585
-4.24016
-4.26362
-4.28751
-4.30589
-4.31513
-4.32033
-4.32963
-4.34712
-4.36908
-4.38913
-4.40188
-4.40548
-4.4078
-4.4159
-4.43081
-4.4465
-4.45666
-4.45973
-4.45419
-4.44587
-4.43648
-4.43194
-4.433
-4.43498
-4.43731
-4.44223
-4.45067
-4.46544
-4.48629
-4.5084
-4.52573
-4.52725
-4.50952
-4.46951
-4.41441
-4.36132
-4.32756
-4.32247
-4.34235
-4.37286
-4.40512
-4.43114
-4.44853
-4.45623
-4.45413
-4.44573
-4.43479
-4.42229
-4.40747
-4.39245
-4.37569
-4.35853
-4.33992
-4.32578
-4.3258
-4.35182
-4.40422
-4.46133
-4.50034
-4.51229
-4.5024
-4.47783
-4.44755
-4.41529
-4.38646
-4.36456
-4.35536
-4.35811
-4.36601
-4.37472
-4.38504
-4.39656
-4.40305
-4.39574
-4.36988
-4.32875
-4.28163
-4.24283
-4.2183
-4.21363
-4.22631
-4.24387
-4.25649
-4.26794
-4.27949
-4.29496
-4.31707
-4.3415
-4.3602
-4.37373
-4.38784
-4.40484
-4.42663
-4.44076
-4.43795
-4.41723
-4.38764
-4.35602
-4.33272
-4.31802
-4.30509
-4.28672
-4.25692
-4.2203
-4.194
-4.19054
-4.2123
-4.26092
-4.33434
-4.42468
-4.51387
-4.58744
-4.63273
-4.64517
-4.62735
-4.58687
-4.53251
-4.47582
-4.4273
-4.38642
-4.34834
-4.31287
-4.28384
-4.26879
-4.27027
-4.28658
-4.31192
-4.33434
-4.34692
-4.3487
-4.34938
-4.35703
-4.37354
-4.39574
-4.41554
-4.42942
-4.43273
-4.42254
-4.40188
-4.37681
-4.35186
-4.3333
-4.3212
-4.31121
-4.30069
-4.28682
-4.26564
-4.23996
-4.21425
-4.19921
-4.20806
-4.23929
-4.27938
-4.3076
-4.31165
-4.28949
-4.26044
-4.24616
-4.25928
-4.29487
-4.34476
-4.39424
-4.43228
-4.44751
-4.44093
-4.41236
-4.37437
-4.33394
-4.30055
-4.2777
-4.2685
-4.27853
-4.30453
-4.33926
-4.37073
-4.39205
-4.4067
-4.42149
-4.44081
-4.46314
-4.487
-4.50421
-4.50914
-4.49548
-4.46225
-4.41512
-4.37144
-4.3593
-4.38327
-4.42243
-4.45333
-4.47213
-4.48426
-4.49801
-4.51934
-4.5408
-4.55369
-4.54524
-4.52071
-4.49896
-4.49174
-4.48853
-4.47069
-4.43418
-4.38523
-4.33587
-4.29329
-4.26315
-4.24696
-4.23528
-4.2249
-4.21238
-4.20153
-4.19873
-4.20409
-4.21535
-4.22536
-4.23255
-4.24642
-4.26655
-4.29891
-4.33835
-4.37487
-4.40244
-4.41932
-4.42597
-4.42681
-4.42385
-4.41896
-4.41302
-4.40453
-4.39707
-4.39521
-4.41712
-4.47523
-4.55721
-4.63799
-4.68928
-4.6962
-4.66688
-4.6105
-4.54064
-4.46992
-4.40453
-4.35181
-4.31199
-4.28702
-4.27718
-4.28144
-4.29552
-4.3151
-4.33997
-4.36605
-4.38951
-4.40795
-4.41718
-4.41299
-4.3968
-4.36485
-4.32437
-4.28142
-4.24188
-4.2173
-4.20391
-4.19785
-4.19659
-4.20646
-4.23248
-4.28045
-4.34449
-4.41617
-4.48124
-4.5304
-4.55714
-4.56037
-4.54127
-4.50498
-4.45539
-4.39966
-4.34282
-4.28645
-4.22948
-4.1709
-4.11689
-4.07773
-4.06061
-4.0645
-4.0906
-4.12952
-4.17267
-4.21325
-4.2457
-4.26397
-4.25993
-4.24196
-4.22587
-4.22626
-4.23633
-4.24594
-4.25987
-4.28643
-4.32457
-4.35892
-4.37723
-4.37728
-4.36534
-4.34553
-4.32698
-4.31668
-4.31693
-4.32651
-4.34596
-4.37216
-4.39915
-4.42947
-4.45266
-4.46384
-4.45602
-4.43021
-4.39548
-4.36769
-4.35837
-4.37111
-4.40022
-4.43802
-4.47464
-4.50534
-4.52723
-4.54166
-4.55338
-4.56177
-4.56388
-4.55379
-4.52782
-4.48626
-4.43811
-4.39592
-4.37108
-4.37091
-4.39186
-4.42994
-4.47553
-4.52437
-4.57031
-4.60229
-4.61762
-4.6089
-4.57726
-4.5246
-4.45829
-4.38787
-4.32071
-4.26541
-4.2225
-4.19035
-4.1667
-4.15169
-4.14588
-4.15164
-4.16911
-4.19291
-4.22184
-4.24966
-4.27504
-4.29622
-4.31394
-4.32782
-4.33811
-4.348
-4.35528
-4.36006
-4.35977
-4.35188
-4.32984
-4.29341
-4.25155
-4.21531
-4.19793
-4.20293
-4.22605
-4.2579
-4.29454
-4.33189
-4.36742
-4.39722
-4.41482
-4.41278
-4.39178
-4.35986
-4.32733
-4.30207
-4.28496
-4.27243
-4.26073
-4.24773
-4.2347
-4.22443
-4.22221
-4.23397
-4.25602
-4.28063
-4.29857
-4.30635
-4.30462
-4.29527
-4.2852
-4.27286
-4.25522
-4.22851
-4.20259
-4.19296
-4.21157
-4.25508
-4.31109
-4.36881
-4.42021
-4.46477
-4.50151
-4.52881
-4.54256
-4.53864
-4.51278
-4.46612
-4.40962
-4.35608
-4.32087
-4.31283
-4.33095
-4.3686
-4.41411
-4.45836
-4.49519
-4.52054
-4.53229
-4.52889
-4.5102
-4.4793
-4.44089
-4.40893
-4.38893
-4.37757
-4.37182
-4.37125
-4.37586
-4.38261
-4.38602
-4.37449
-4.34014
-4.28356
-4.21911
-4.16402
-4.13529
-4.13252
-4.14957
-4.18378
-4.22972
-4.28338
-4.3391
-4.39048
-4.43313
-4.46166
-4.47713
-4.47713
-4.46171
-4.43009
-4.38167
-4.32403
-4.27493
-4.25163
-4.26465
-4.30327
-4.35412
-4.4046
-4.44714
-4.47269
-4.47898
-4.4653
-4.43718
-4.40059
-4.35902
-4.31206
-4.26357
-4.21703
-4.18264
-4.16707
-4.17503
-4.19665
-4.22228
-4.23947
-4.24485
-4.24375
-4.24134
-4.24455
-4.25294
-4.26375
-4.27045
-4.27142
-4.26822
-4.26581
-4.27268
-4.29395
-4.32671
-4.36514
-4.40024
-4.42815
-4.44564
-4.44434
-4.4234
-4.38501
-4.33806
-4.29131
-4.2629
-4.2602
-4.29133
-4.34561
-4.41191
-4.48254
-4.54774
-4.60032
-4.63183
-4.63182
-4.60043
-4.54421
-4.48044
-4.42475
-4.38423
-4.36143
-4.34932
-4.34485
-4.34323
-4.33998
-4.33411
-4.32716
-4.3254
-4.3309
-4.34589
-4.36753
-4.39058
-4.40704
-4.41182
-4.39974
-4.37294
-4.33405
-4.28762
-4.24046
-4.20259
-4.18073
-4.17966
-4.1978
-4.23135
-4.2718
-4.31349
-4.34919
-4.37221
-4.38231
-4.37902
-4.36496
-4.33603
-4.29805
-4.26133
-4.23832
-4.23677
-4.24544
-4.25368
-4.25442
-4.24731
-4.24308
-4.25371
-4.28525
-4.3322
-4.3801
-4.41567
-4.43167
-4.42882
-4.41404
-4.39828
-4.38726
-4.39074
-4.40641
-4.43523
-4.46845
-4.50335
-4.53345
-4.54975
-4.5487
-4.52694
-4.48346
-4.42841
-4.37756
-4.34496
-4.32501
-4.3105
-4.30108
-4.30066
-4.30854
-4.3201
-4.33143
-4.34281
-4.35225
-4.35975
-4.36518
-4.36566
-4.3638
-4.35991
-4.35664
-4.3559
-4.36176
-4.37412
-4.39031
-4.40195
-4.4024
-4.38993
-4.36435
-4.33554
-4.31516
-4.31656
-4.34218
-4.38466
-4.43229
-4.47374
-4.50436
-4.52599
-4.53827
-4.54138
-4.53281
-4.51447
-4.4873
-4.46029
-4.44817
-4.4646
-4.50591
-4.56067
-4.60842
-4.63692
-4.6442
-4.63561
-4.61717
-4.59311
-4.56786
-4.54155
-4.51259
-4.48779
-4.47233
-4.47089
-4.48412
-4.50422
-4.52154
-4.52568
-4.51894
-4.50312
-4.482
-4.45612
-4.42465
-4.38579
-4.34794
-4.31434
-4.28416
-4.25821
-4.23354
-4.21746
-4.21631
-4.23668
-4.27439
-4.32332
-4.37407
-4.41924
-4.4506
-4.46522
-4.45629
-4.42275
-4.36898
-4.30406
-4.24077
-4.19051
-4.16266
-4.16172
-4.18116
-4.21416
-4.25424
-4.29446
-4.33339
-4.36715
-4.39187
-4.39876
-4.38412
-4.35494
-4.32443
-4.30331
-4.29112
-4.28087
-4.2688
-4.2536
-4.24766
-4.25737
-4.28476
-4.32449
-4.36984
-4.41291
-4.44789
-4.4722
-4.48692
-4.49455
-4.50082
-4.50721
-4.51334
-4.51693
-4.51447
-4.51014
-4.50033
-4.48924
-4.48018
-4.47302
-4.46914
-4.468
-4.47275
-4.4854
-4.49983
-4.51255
-4.51759
-4.51311
-4.50244
-4.48581
-4.46869
-4.45275
-4.43918
-4.42807
-4.42253
-4.43197
-4.465
-4.51176
-4.5608
-4.60653
-4.64617
-4.68137
-4.70792
-4.72322
-4.72474
-4.70947
-4.68151
-4.64684
-4.614
-4.58591
-4.56613
-4.55278
-4.54582
-4.5448
-4.54949
-4.55956
-4.5706
-4.58242
-4.58919
-4.59642
-4.604
-4.615
-4.62993
-4.65038
-4.6691
-4.6884
-4.70452
-4.71421
-4.71127
-4.69136
-4.65407
-4.6047
-4.55462
-4.51322
-4.4826
-4.46119
-4.44609
-4.43115
-4.41623
-4.40046
-4.38098
-4.36379
-4.34985
-4.34616
-4.34971
-4.36135
-4.38196
-4.41462
-4.45525
-4.49435
-4.52389
-4.53013
-4.50981
-4.46338
-4.40687
-4.35387
-4.31491
-4.29695
-4.30427
-4.32616
-4.34673
-4.35618
-4.35249
-4.34373
-4.33722
-4.34289
-4.35802
-4.3769
-4.39214
-4.40221
-4.40692
-4.40565
-4.39297
-4.3667
-4.33212
-4.30446
-4.2971
-4.31892
-4.36106
-4.4067
-4.4401
-4.45295
-4.44375
-4.41832
-4.39072
-4.37694
-4.38776
-4.42234
-4.4672
-4.51242
-4.5496
-4.57617
-4.59471
-4.60545
-4.60977
-4.61077
-4.60942
-4.60643
-4.59475
-4.57512
-4.54565
-4.51131
-4.47515
-4.44334
-4.41883
-4.40219
-4.3924
-4.38984
-4.39428
-4.39693
-4.39031
-4.37303
-4.34578
-4.31414
-4.29267
-4.28827
-4.30092
-4.32389
-4.35132
-4.37999
-4.40998
-4.43329
-4.43926
-4.42852
-4.40836
-4.38647
-4.363
-4.34268
-4.32972
-4.32333
-4.32051
-4.31991
-4.31811
-4.31803
-4.32307
-4.33254
-4.34532
-4.36012
-4.37295
-4.37992
-4.38478
-4.38935
-4.39636
-4.40603
-4.41884
-4.43039
-4.44045
-4.4494
-4.45756
-4.46906
-4.47933
-4.48732
-4.48632
-4.46808
-4.42755
-4.36786
-4.30508
-4.25658
-4.22704
-4.20066
-4.16693
-4.14308
-4.15992
-4.21449
-4.27585
-4.3239
-4.35757
-4.38168
-4.40183
-4.42013
-4.43279
-4.43845
-4.4385
-4.4331
-4.42499
-4.41614
-4.41023
-4.40592
-4.39799
-4.37866
-4.34256
-4.28941
-4.22946
-4.17691
-4.1418
-4.13328
-4.15415
-4.20254
-4.27026
-4.35024
-4.42812
-4.49081
-4.52464
-4.52995
-4.51277
-4.48164
-4.45426
-4.43643
-4.43191
-4.43541
-4.44598
-4.45706
-4.46758
-4.47811
-4.48496
-4.49148
-4.50158
-4.51229
-4.5234
-4.53538
-4.54593
-4.55706
-4.56633
-4.57589
-4.58781
-4.60139
-4.61686
-4.63051
-4.63427
-4.61773
-4.57375
-4.50533
-4.42744
-4.36369
-4.33091
-4.33167
-4.35511
-4.38233
-4.40185
-4.41182
-4.41548
-4.40829
-4.39045
-4.36702
-4.33488
-4.29666
-4.25712
-4.2267
-4.21414
-4.22355
-4.24943
-4.28486
-4.31995
-4.35419
-4.38635
-4.41853
-4.45799
-4.51065
-4.57703
-4.63922
-4.68
-4.69024
-4.67125
-4.63278
-4.58679
-4.54799
