-0.0318398
-0.0318487
-0.031864
-0.0318856
-0.0319135
-0.0319477
-0.0319882
-0.032035
-0.0320881
-0.0321476
-0.0322134
-0.0322857
-0.0323643
-0.0324567
-0.0325581
-0.0326616
-0.0327885
-0.0329154
-0.0330543
-0.0332052
-0.0333611
-0.0335267
-0.0336905
-0.033869
-0.0340744
-0.0342737
-0.0344811
-0.0346992
-0.0349233
-0.0351465
-0.0353902
-0.0356358
-0.035881
-0.0361497
-0.0364232
-0.0367065
-0.036988
-0.0372846
-0.0375894
-0.0379075
-0.0382224
-0.0385536
-0.0389015
-0.0392782
-0.0396439
-0.0400251
-0.0404245
-0.0408331
-0.0412634
-0.0416969
-0.0421437
-0.0426161
-0.043103
-0.0436123
-0.0441444
-0.0446909
-0.0452619
-0.0458418
-0.0464527
-0.0470837
-0.0477407
-0.0484103
-0.0491129
-0.0498423
-0.0506048
-0.0513875
-0.0522038
-0.0530504
-0.0539387
-0.054849
-0.0558094
-0.0568078
-0.0578391
-0.0589342
-0.0600744
-0.0612597
-0.0624956
-0.0637824
-0.0651235
-0.0665294
-0.0680059
-0.0695546
-0.0711818
-0.0728773
-0.0746645
-0.0765239
-0.0784815
-0.0805347
-0.082695
-0.0849502
-0.0873183
-0.0897955
-0.0923844
-0.0950859
-0.0979088
-0.10084
-0.103876
-0.107
-0.110208
-0.113464
-0.116726
-0.119946
-0.123066
-0.125996
-0.128599
-0.130753
-0.13228
-0.132982
-0.132672
-0.13121
-0.128491
-0.124615
-0.119912
-0.114972
-0.110629
-0.107796
-0.107211
-0.109222
-0.113711
-0.120125
-0.127637
-0.135333
-0.14235
-0.148054
-0.152102
-0.15458
-0.156006
-0.157278
-0.159427
-0.163317
-0.169299
-0.177059
-0.185772
-0.194393
-0.201971
-0.207855
-0.211719
-0.21356
-0.213615
-0.21228
-0.210049
-0.207398
-0.204715
-0.202239
-0.200063
-0.19813
-0.196338
-0.194598
-0.192787
-0.190815
-0.188594
-0.186206
-0.18398
-0.182482
-0.182413
-0.184326
-0.188444
-0.194624
-0.202381
-0.211055
-0.219973
-0.228476
-0.236029
-0.242224
-0.246812
-0.249705
-0.250992
-0.250911
-0.249796
-0.248077
-0.246243
-0.244711
-0.2439
-0.244044
-0.245251
-0.247452
-0.250463
-0.253967
-0.257672
-0.261269
-0.264511
-0.267247
-0.269406
-0.271031
-0.272209
-0.273092
-0.273817
-0.274484
-0.275136
-0.275776
-0.276386
-0.276933
-0.277441
-0.277962
-0.278527
-0.279199
-0.279988
-0.280893
-0.281861
-0.282843
-0.283803
-0.284726
-0.285617
-0.286508
-0.287478
-0.288602
-0.289928
-0.291493
-0.293321
-0.295393
-0.297664
-0.300042
-0.302458
-0.304807
-0.306988
-0.308908
-0.310463
-0.311576
-0.31218
-0.312213
-0.31167
-0.310583
-0.309026
-0.30714
-0.305114
-0.303153
-0.30141
-0.299987
-0.29883
-0.297779
-0.296559
-0.294881
-0.292493
-0.289292
-0.285351
-0.281001
-0.276844
-0.273698
-0.272428
-0.273686
-0.277705
-0.284138
-0.29215
-0.300675
-0.3086
-0.314984
-0.319098
-0.320409
-0.318609
-0.31379
-0.306599
-0.298447
-0.291406
-0.287622
-0.288373
-0.293472
-0.301452
-0.310342
-0.318358
-0.324203
-0.327069
-0.32649
-0.322308
-0.314587
-0.303735
-0.290591
-0.276499
-0.263316
-0.253098
-0.247651
-0.247945
-0.253783
-0.263934
-0.276504
-0.289574
-0.301606
-0.311708
-0.319479
-0.325014
-0.328614
-0.330722
-0.331794
-0.332233
-0.33237
-0.332426
-0.332556
-0.332783
-0.333128
-0.333571
-0.334064
-0.334586
-0.335121
-0.335676
-0.336235
-0.336809
-0.337393
-0.337962
-0.338504
-0.338945
-0.339199
-0.339139
-0.3386
-0.337372
-0.335209
-0.331847
-0.327079
-0.320831
-0.313299
-0.305088
-0.297203
-0.290894
-0.287223
-0.286561
-0.288517
-0.292082
-0.296166
-0.299905
-0.302844
-0.304849
-0.30601
-0.306545
-0.306725
-0.306817
-0.306998
-0.307357
-0.307932
-0.308637
-0.309341
-0.309912
-0.310238
-0.310243
-0.309969
-0.309501
-0.309005
-0.308672
-0.3086
-0.308851
-0.309383
-0.310075
-0.310763
-0.311275
-0.311524
-0.311406
-0.310959
-0.310222
-0.30932
-0.308358
-0.307472
-0.306759
-0.306274
-0.306038
-0.306025
-0.306203
-0.306518
-0.306926
-0.307382
-0.307876
-0.308415
-0.308995
-0.309644
-0.310361
-0.311122
-0.311899
-0.312595
-0.313135
-0.313395
-0.313224
-0.312433
-0.310809
-0.308144
-0.304241
-0.298912
-0.292072
-0.283814
-0.274529
-0.264956
-0.256206
-0.249621
-0.246424
-0.247382
-0.252513
-0.261037
-0.271706
-0.28316
-0.294246
-0.304154
-0.312434
-0.318917
-0.32355
-0.326393
-0.327489
-0.326889
-0.324647
-0.320829
-0.315609
-0.309317
-0.302477
-0.295753
-0.289814
-0.28516
-0.281943
-0.280035
-0.27908
-0.27873
-0.278814
-0.279272
-0.280169
-0.281529
-0.283326
-0.285435
-0.287685
-0.289898
-0.291954
-0.293782
-0.295384
-0.296784
-0.298047
-0.299202
-0.300307
-0.301355
-0.302358
-0.303314
-0.304205
-0.305025
-0.305766
-0.306408
-0.306964
-0.307446
-0.307835
-0.308175
-0.308448
-0.308676
-0.308873
-0.309029
-0.309161
-0.309244
-0.309281
-0.309251
-0.309146
-0.308943
-0.30862
-0.308153
-0.307507
-0.306671
-0.305602
-0.304292
-0.302754
-0.300993
-0.299083
-0.297069
-0.295079
-0.293241
-0.291669
-0.290487
-0.289722
-0.289355
-0.289301
-0.289421
-0.28957
-0.2896
-0.289396
-0.288912
-0.288141
-0.287163
-0.286082
-0.28503
-0.284196
-0.283712
-0.283703
-0.284247
-0.285325
-0.286866
-0.288745
-0.290772
-0.292775
-0.29457
-0.296035
-0.297081
-0.297704
-0.297961
-0.297919
-0.297675
-0.297318
-0.296889
-0.296371
-0.295727
-0.294834
-0.293623
-0.292053
-0.290122
-0.287941
-0.285654
-0.283453
-0.281525
-0.280054
-0.279127
-0.278761
-0.27889
-0.279361
-0.279966
-0.280527
-0.280934
-0.281147
-0.281259
-0.28149
-0.282055
-0.283112
-0.284703
-0.286706
-0.28892
-0.291146
-0.293158
-0.29482
-0.29602
-0.296681
-0.296769
-0.296293
-0.295317
-0.294002
-0.292574
-0.291262
-0.290262
-0.289726
-0.289742
-0.290332
-0.29153
-0.293406
-0.296041
-0.299456
-0.303575
-0.308222
-0.313085
-0.317831
-0.322169
-0.325853
-0.328714
-0.330634
-0.331571
-0.331495
-0.330442
-0.328461
-0.325682
-0.322304
-0.318568
-0.314781
-0.311237
-0.308145
-0.305671
-0.303914
-0.302898
-0.302589
-0.302872
-0.303569
-0.304372
-0.304907
-0.304788
-0.303725
-0.301583
-0.298437
-0.294596
-0.290541
-0.28685
-0.28403
-0.282401
-0.281986
-0.282568
-0.283736
-0.285049
-0.286163
-0.286902
-0.287281
-0.287517
-0.287938
-0.288781
-0.290242
-0.292243
-0.294615
-0.297136
-0.299694
-0.302292
-0.305057
-0.308138
-0.311512
-0.31508
-0.318591
-0.321781
-0.324388
-0.326271
-0.327327
-0.327543
-0.326917
-0.325498
-0.323323
-0.320432
-0.316873
-0.312706
-0.308052
-0.303104
-0.298124
-0.293482
-0.289588
-0.286852
-0.285565
-0.285835
-0.28752
-0.29032
-0.293846
-0.297699
-0.30156
-0.305199
-0.308488
-0.31136
-0.31381
-0.315844
-0.317514
-0.31885
-0.319879
-0.32061
-0.321086
-0.321289
-0.321232
-0.320927
-0.320416
-0.319744
-0.319029
-0.318412
-0.318054
-0.318152
-0.318852
-0.320246
-0.322324
-0.32495
-0.3279
-0.33088
-0.333535
-0.335498
-0.336389
-0.3358
-0.333373
-0.328811
-0.321998
-0.313106
-0.302737
-0.291941
-0.281985
-0.274189
-0.26979
-0.269842
-0.274798
-0.284033
-0.295673
-0.307337
-0.31701
-0.323457
-0.326148
-0.324957
-0.319953
-0.311392
-0.300065
-0.287709
-0.277191
-0.271826
-0.273706
-0.282264
-0.294671
-0.307588
-0.318668
-0.326913
-0.332277
-0.335173
-0.336176
-0.335788
-0.334441
-0.33247
-0.33013
-0.327659
-0.325284
-0.323286
-0.321919
-0.321429
-0.321931
-0.323383
-0.325593
-0.328234
-0.33097
-0.333451
-0.335421
-0.336718
-0.337197
-0.336746
-0.335227
-0.332493
-0.328362
-0.322711
-0.315552
-0.30717
-0.298286
-0.290015
-0.283728
-0.28061
-0.281167
-0.285015
-0.291093
-0.298079
-0.304878
-0.310769
-0.315421
-0.318846
-0.321166
-0.322624
-0.32346
-0.32386
-0.323972
-0.323897
-0.323613
-0.323098
-0.322299
-0.321155
-0.319672
-0.31793
-0.316094
-0.314412
-0.313131
-0.312472
-0.312506
-0.313198
-0.314411
-0.316
-0.317814
-0.319748
-0.321702
-0.323507
-0.324982
-0.325908
-0.326055
-0.325276
-0.323545
-0.32099
-0.317889
-0.314663
-0.311734
-0.309511
-0.308233
-0.30799
-0.308684
-0.310133
-0.312122
-0.314389
-0.316666
-0.318743
-0.320413
-0.321608
-0.322295
-0.322579
-0.32257
-0.322437
-0.322374
-0.322497
-0.32297
-0.323842
-0.325111
-0.326709
-0.328461
-0.330158
-0.331586
-0.332557
-0.332923
-0.332617
-0.331608
-0.329966
-0.327818
-0.325333
-0.322781
-0.320447
-0.318581
-0.317387
-0.316961
-0.317284
-0.31827
-0.319768
-0.321682
-0.323873
-0.326203
-0.328588
-0.330906
-0.333038
-0.33486
-0.336286
-0.337211
-0.337584
-0.337349
-0.336487
-0.334985
-0.332876
-0.330173
-0.326933
-0.323257
-0.31926
-0.315094
-0.310917
-0.306911
-0.303229
-0.3
-0.297326
-0.295221
-0.29364
-0.292523
-0.291795
-0.291418
-0.291447
-0.291979
-0.293137
-0.294998
-0.297517
-0.300532
-0.30379
-0.307008
-0.309922
-0.312375
-0.314287
-0.315627
-0.316463
-0.316878
-0.316983
-0.316876
-0.316653
-0.316406
-0.31618
-0.316018
-0.315928
-0.315915
-0.315949
-0.316001
-0.316027
-0.315972
-0.31579
-0.315428
-0.314816
-0.313927
-0.31272
-0.311192
-0.30937
-0.307344
-0.30523
-0.303207
-0.301498
-0.300336
-0.299896
-0.300277
-0.301465
-0.303288
-0.305482
-0.307645
-0.309326
-0.310021
-0.30925
-0.306518
-0.301419
-0.293769
-0.28376
-0.272181
-0.260569
-0.251055
-0.245862
-0.24639
-0.252417
-0.262008
-0.272305
-0.280644
-0.285284
-0.285609
-0.282107
-0.276153
-0.269828
-0.265221
-0.263878
-0.266133
-0.27115
-0.277495
-0.283745
-0.289003
-0.292983
-0.295951
-0.298447
-0.301019
-0.304047
-0.30763
-0.311624
-0.315785
-0.319859
-0.32365
-0.32707
-0.330071
-0.332635
-0.334795
-0.336542
-0.337862
-0.338738
-0.339084
-0.338823
-0.337824
-0.33595
-0.333056
-0.329051
-0.323948
-0.317882
-0.31123
-0.304515
-0.298246
-0.29269
-0.287599
-0.282298
-0.275938
-0.268117
-0.259442
-0.251834
-0.247962
-0.249941
-0.257894
-0.26995
-0.283385
-0.295907
-0.306247
-0.314001
-0.319324
-0.322607
-0.324296
-0.324812
-0.324547
-0.323862
-0.323094
-0.322564
-0.322534
-0.323149
-0.32446
-0.326355
-0.328614
-0.330973
-0.333176
-0.335016
-0.336337
-0.337059
-0.337141
-0.33654
-0.335252
-0.333232
-0.330417
-0.326744
-0.322098
-0.31642
-0.309695
-0.30201
-0.293626
-0.284983
-0.276679
-0.269361
-0.263553
-0.259571
-0.25742
-0.256892
-0.257628
-0.259239
-0.26132
-0.263488
-0.265435
-0.266977
-0.268069
-0.268785
-0.269328
-0.269951
-0.270877
-0.272286
-0.274217
-0.27661
-0.279343
-0.282227
-0.285057
-0.287684
-0.290023
-0.291972
-0.29351
-0.29466
-0.29545
-0.295932
-0.29615
-0.296155
-0.295985
-0.295679
-0.295268
-0.294758
-0.29416
-0.293481
-0.292694
-0.291786
-0.290693
-0.289368
-0.287739
-0.285737
-0.283302
-0.280356
-0.276882
-0.2729
-0.268519
-0.263922
-0.259394
-0.255268
-0.251881
-0.249522
-0.248351
-0.248375
-0.249453
-0.251303
-0.253652
-0.256202
-0.258734
-0.261086
-0.263158
-0.264891
-0.266225
-0.267167
-0.267691
-0.26783
-0.267645
-0.267282
-0.266918
-0.266763
-0.266926
-0.267472
-0.268326
-0.26933
-0.270316
-0.271164
-0.271843
-0.272355
-0.272803
-0.273273
-0.273905
-0.274868
-0.276331
-0.278419
-0.28113
-0.284294
-0.287583
-0.290537
-0.292701
-0.293713
-0.293341
-0.291491
-0.288188
-0.283574
-0.277848
-0.271266
-0.264216
-0.257191
-0.250903
-0.246211
-0.243926
-0.244655
-0.248484
-0.254917
-0.263102
-0.272055
-0.280984
-0.289348
-0.296829
-0.303311
-0.308755
-0.313161
-0.316568
-0.318947
-0.320298
-0.320632
-0.319923
-0.318206
-0.315558
-0.312086
-0.308079
-0.303866
-0.299888
-0.296563
-0.294205
-0.292936
-0.292598
-0.292871
-0.293357
-0.293752
-0.29404
-0.294436
-0.295427
-0.297516
-0.300977
-0.30574
-0.31132
-0.317098
-0.322492
-0.327112
-0.330812
-0.333601
-0.335655
-0.337182
-0.338374
-0.339429
-0.340487
-0.341639
-0.342924
-0.344329
-0.345776
-0.347164
-0.348384
-0.349247
-0.349596
-0.349261
-0.348058
-0.345801
-0.342363
-0.337691
-0.33182
-0.325031
-0.317851
-0.311064
-0.305619
-0.302381
-0.301871
-0.304134
-0.308655
-0.314624
-0.321243
-0.327881
-0.33418
-0.340049
-0.345507
-0.350653
-0.355546
-0.360199
-0.364539
-0.368478
-0.371934
-0.374817
-0.377039
-0.378545
-0.379287
-0.37924
-0.378373
-0.376701
-0.374295
-0.371238
-0.367687
-0.363838
-0.359949
-0.356206
-0.352727
-0.349536
-0.346515
-0.343509
-0.340395
-0.337245
-0.334428
-0.332625
-0.332654
-0.3351
-0.339985
-0.346694
-0.35423
-0.361632
-0.368206
-0.373604
-0.377775
-0.380836
-0.382944
-0.384283
-0.384987
-0.385129
-0.384741
-0.383789
-0.382214
-0.379886
-0.376696
-0.372571
-0.36749
-0.361492
-0.354775
-0.347629
-0.340394
-0.333454
-0.327165
-0.321871
-0.317954
-0.315821
-0.315817
-0.318087
-0.322459
-0.32842
-0.335232
-0.342138
-0.348519
-0.353946
-0.358171
-0.36111
-0.362763
-0.363123
-0.362257
-0.360176
-0.356938
-0.352629
-0.347436
-0.341625
-0.335593
-0.329838
-0.324933
-0.321455
-0.31988
-0.320451
-0.323124
-0.327521
-0.333031
-0.338958
-0.344652
-0.34965
-0.35365
-0.356468
-0.358056
-0.358375
-0.357445
-0.355273
-0.351867
-0.347267
-0.341615
-0.335228
-0.328628
-0.322558
-0.317906
-0.315461
-0.315604
-0.318148
-0.322416
-0.327433
-0.33227
-0.336139
-0.338466
-0.338895
-0.337293
-0.333799
-0.328918
-0.323552
-0.318932
-0.316173
-0.315921
-0.318054
-0.321818
-0.326321
-0.330851
-0.335049
-0.338839
-0.342294
-0.345452
-0.348304
-0.350716
-0.352518
-0.353424
-0.353136
-0.351308
-0.347531
-0.341371
-0.332458
-0.320515
-0.305479
-0.287679
-0.267921
-0.247645
-0.228953
-0.21457
-0.207394
-0.209486
-0.221085
-0.240217
-0.263427
-0.287056
-0.308304
-0.325642
-0.338608
-0.347486
-0.352946
-0.355764
-0.356666
-0.356306
-0.355153
-0.353586
-0.351835
-0.350043
-0.348264
-0.346521
-0.34478
-0.343014
-0.341191
-0.339286
-0.337302
-0.335234
-0.333112
-0.33098
-0.32887
-0.326845
-0.324946
-0.32325
-0.321754
-0.32048
-0.319428
-0.318586
-0.31791
-0.317359
-0.316893
-0.316493
-0.316106
-0.315716
-0.3153
-0.314828
-0.314296
-0.313642
-0.312847
-0.311882
-0.310668
-0.309191
-0.307447
-0.305416
-0.303165
-0.300738
-0.298271
-0.295903
-0.293788
-0.292046
-0.290786
-0.290094
-0.289976
-0.290433
-0.291448
-0.292996
-0.295046
-0.297559
-0.300502
-0.303812
-0.307414
-0.311205
-0.315029
-0.318738
-0.322179
-0.325222
-0.327772
-0.329763
-0.331146
-0.331912
-0.332061
-0.331615
-0.330571
-0.328979
-0.32688
-0.324354
-0.321502
-0.318415
-0.315225
-0.312103
-0.309161
-0.306558
-0.304464
-0.302972
-0.302175
-0.302087
-0.302656
-0.303751
-0.305189
-0.306732
-0.308156
-0.309265
-0.309938
-0.310075
-0.309746
-0.309044
-0.308145
-0.307223
-0.306444
-0.305891
-0.305579
-0.305459
-0.305469
-0.305545
-0.305672
-0.305825
-0.305962
-0.305941
-0.30545
-0.304096
-0.301469
-0.297301
-0.291723
-0.285441
-0.27974
-0.276073
-0.275426
-0.277776
-0.282185
-0.287279
-0.291956
-0.295599
-0.2981
-0.299663
-0.300564
-0.301122
-0.301562
-0.301997
-0.302452
-0.302901
-0.303274
-0.303504
-0.303524
-0.303324
-0.302903
-0.302277
-0.301505
-0.300665
-0.299834
-0.299048
-0.298364
-0.297787
-0.297321
-0.29695
-0.296662
-0.296424
-0.29626
-0.296188
-0.296237
-0.296414
-0.296731
-0.297159
-0.297662
-0.298182
-0.298628
-0.298912
-0.298949
-0.298662
-0.297958
-0.296789
-0.295094
-0.292831
-0.29003
-0.286753
-0.283169
-0.279526
-0.27614
-0.273392
-0.271614
-0.271015
-0.271689
-0.273525
-0.276274
-0.279607
-0.283201
-0.286793
-0.290178
-0.293237
-0.295939
-0.298288
-0.300321
-0.302091
-0.303658
-0.30508
-0.306373
-0.307566
-0.308667
-0.309666
-0.310543
-0.311265
-0.311805
-0.312121
-0.312152
-0.311868
-0.311237
-0.310201
-0.308747
-0.306898
-0.304697
-0.302236
-0.299645
-0.297084
-0.294726
-0.292714
-0.291142
-0.290049
-0.289351
-0.28896
-0.288729
-0.288525
-0.288288
-0.288069
-0.288058
-0.288587
-0.290037
-0.292709
-0.296714
-0.301883
-0.30783
-0.31403
-0.320027
-0.32542
-0.329985
-0.333631
-0.336353
-0.338201
-0.339278
-0.339629
-0.339353
-0.338558
-0.33736
-0.335874
-0.334186
-0.332397
-0.330555
-0.328694
-0.326785
-0.324791
-0.322736
-0.320765
-0.319114
-0.31812
-0.318076
-0.319115
-0.321125
-0.32377
-0.326615
-0.329233
-0.331379
-0.333019
-0.334304
-0.335481
-0.336808
-0.338456
-0.340481
-0.342791
-0.345243
-0.347668
-0.349926
-0.351924
-0.353595
-0.354911
-0.355859
-0.356405
-0.35649
-0.356067
-0.355108
-0.353647
-0.351823
-0.349913
-0.348209
-0.347021
-0.346545
-0.34684
-0.347813
-0.349314
-0.351168
-0.353231
-0.355424
-0.35766
-0.359886
-0.36198
-0.363786
-0.365111
-0.365736
-0.365411
-0.363918
-0.361094
-0.356868
-0.351289
-0.344621
-0.337318
-0.330071
-0.32375
-0.31927
-0.31743
-0.318647
-0.322866
-0.329567
-0.337834
-0.346662
-0.355158
-0.362664
-0.368812
-0.373427
-0.376525
-0.378181
-0.378493
-0.377618
-0.375631
-0.372619
-0.368674
-0.363865
-0.358308
-0.352106
-0.345402
-0.338345
-0.331005
-0.323326
-0.315125
-0.306095
-0.296018
-0.285036
-0.273983
-0.264457
-0.258405
-0.257187
-0.260921
-0.268547
-0.278568
-0.289702
-0.301138
-0.312372
-0.322985
-0.332566
-0.340764
-0.347306
-0.352031
-0.354931
-0.356105
-0.355766
-0.354162
-0.351589
-0.348403
-0.344939
-0.341553
-0.338541
-0.336159
-0.334601
-0.33396
-0.3342
-0.335143
-0.336547
-0.338087
-0.339461
-0.340452
-0.340987
-0.341071
-0.340841
-0.340474
-0.340197
-0.340192
-0.340577
-0.341382
-0.342521
-0.343826
-0.345056
-0.345906
-0.346103
-0.345351
-0.343442
-0.34028
-0.33592
-0.330667
-0.325048
-0.319858
-0.315956
-0.314032
-0.314382
-0.316851
-0.320896
-0.325831
-0.33103
-0.336024
-0.340539
-0.344418
-0.347656
-0.35029
-0.35241
-0.354124
-0.355548
-0.356767
-0.357884
-0.358937
-0.359971
-0.361037
-0.362128
-0.363273
-0.364466
-0.365718
-0.367037
-0.368428
-0.369897
-0.371412
-0.372961
-0.374507
-0.376033
-0.377473
-0.378746
-0.379775
-0.380451
-0.380625
-0.380139
-0.378776
-0.376349
-0.372653
-0.367572
-0.361105
-0.35353
-0.345485
-0.337941
-0.332141
-0.329247
-0.329947
-0.334151
-0.341067
-0.349504
-0.358239
-0.366362
-0.373363
-0.379101
-0.383694
-0.387418
-0.390575
-0.39347
-0.396275
-0.399095
-0.401907
-0.404638
-0.407135
-0.409217
-0.410694
-0.411367
-0.411069
-0.409661
-0.407121
-0.403558
-0.399275
-0.394817
-0.390927
-0.38835
-0.387584
-0.388673
-0.391213
-0.394513
-0.397938
-0.401046
-0.403717
-0.40612
-0.408553
-0.411339
-0.414664
-0.418482
-0.42256
-0.426517
-0.429913
-0.432375
-0.433655
-0.433699
-0.432568
-0.430516
-0.42789
-0.425053
-0.422385
-0.420158
-0.418514
-0.417439
-0.416802
-0.416481
-0.416385
-0.41652
-0.41706
-0.418283
-0.420479
-0.423898
-0.428619
-0.434442
-0.440959
-0.447566
-0.45359
-0.458427
-0.461559
-0.462694
-0.46179
-0.459089
-0.455113
-0.450582
-0.44623
-0.442457
-0.439195
-0.435851
-0.431652
-0.426016
-0.418965
-0.411183
-0.403855
-0.398163
-0.394772
-0.393605
-0.394059
-0.395446
-0.397297
-0.399457
-0.401985
-0.405068
-0.409043
-0.414332
-0.421287
-0.429902
-0.439617
-0.449396
-0.45812
-0.464935
-0.469431
-0.471542
-0.471499
-0.469662
-0.466382
-0.461917
-0.456483
-0.450188
-0.443141
-0.435542
-0.427839
-0.420732
-0.415161
-0.412029
-0.411913
-0.414802
-0.420141
-0.426988
-0.434381
-0.441546
-0.44786
-0.452948
-0.456555
-0.45852
-0.458701
-0.45706
-0.453604
-0.448406
-0.441657
-0.433661
-0.424906
-0.416084
-0.408113
-0.401961
-0.39833
-0.397299
-0.398312
-0.400348
-0.402391
-0.403751
-0.404123
-0.403505
-0.402071
-0.400096
-0.397853
-0.395614
-0.393641
-0.39207
-0.390931
-0.390162
-0.389599
-0.389075
-0.388462
-0.38767
-0.386656
-0.385442
-0.384075
-0.382629
-0.381158
-0.379701
-0.378278
-0.376925
-0.375624
-0.374393
-0.373196
-0.372063
-0.370964
-0.369907
-0.368899
-0.367935
-0.367035
-0.366219
-0.365481
-0.364839
-0.364306
-0.363877
-0.363562
-0.36335
-0.363259
-0.363278
-0.363401
-0.363597
-0.363853
-0.36413
-0.364375
-0.364533
-0.364498
-0.364155
-0.363355
-0.361946
-0.359773
-0.356734
-0.352872
-0.348445
-0.344002
-0.34039
-0.33853
-0.339085
-0.342201
-0.347344
-0.353656
-0.360203
-0.366265
-0.371408
-0.375457
-0.378361
-0.380127
-0.38074
-0.380123
-0.378159
-0.374698
-0.369679
-0.36329
-0.356216
-0.349625
-0.34511
-0.344055
-0.346978
-0.353183
-0.361184
-0.369417
-0.376722
-0.382502
-0.386613
-0.389117
-0.390141
-0.389818
-0.388177
-0.385223
-0.38096
-0.375459
-0.369007
-0.362106
-0.355585
-0.350456
-0.347718
-0.34807
-0.351708
-0.358319
-0.367151
-0.377185
-0.38741
-0.39701
-0.405439
-0.412422
-0.417935
-0.422023
-0.424802
-0.426426
-0.426965
-0.42651
-0.425139
-0.422959
-0.420101
-0.416802
-0.41338
-0.410213
-0.40774
-0.406261
-0.405995
-0.406935
-0.408911
-0.411641
-0.414821
-0.41817
-0.421446
-0.42448
-0.427097
-0.429194
-0.430682
-0.431506
-0.43167
-0.431225
-0.43026
-0.428908
-0.427379
-0.425855
-0.424596
-0.4238
-0.423597
-0.423908
-0.424494
-0.424881
-0.424523
-0.422961
-0.420012
-0.415887
-0.411264
-0.407118
-0.404335
-0.403303
-0.40363
-0.404283
-0.403972
-0.401629
-0.396727
-0.389459
-0.380727
-0.371929
-0.364417
-0.358967
-0.355547
-0.353629
-0.352706
-0.35263
-0.353651
-0.356145
-0.360324
-0.366004
-0.372616
-0.379315
-0.385114
-0.389121
-0.390577
-0.389076
-0.384703
-0.378382
-0.372011
-0.368067
-0.368545
-0.373863
-0.382581
-0.39241
-0.401382
-0.408355
-0.412969
-0.415333
-0.415656
-0.414103
-0.410724
-0.405478
-0.398253
-0.389064
-0.378322
-0.367048
-0.356982
-0.350152
-0.347944
-0.350292
-0.355822
-0.362648
-0.369273
-0.374888
-0.379269
-0.382451
-0.384595
-0.385843
-0.386369
-0.386321
-0.385821
-0.384962
-0.383759
-0.382139
-0.379988
-0.377184
-0.373723
-0.369814
-0.365837
-0.362342
-0.359829
-0.358567
-0.358532
-0.359431
-0.360893
-0.362617
-0.364415
-0.366147
-0.367696
-0.368924
-0.369718
-0.369965
-0.36961
-0.368676
-0.367276
-0.365582
-0.363808
-0.362188
-0.36088
-0.360044
-0.359684
-0.359751
-0.360137
-0.360707
-0.361285
-0.361766
-0.362082
-0.362164
-0.362026
-0.361698
-0.361209
-0.360609
-0.359942
-0.359255
-0.358604
-0.358032
-0.357578
-0.357256
-0.357107
-0.357144
-0.357371
-0.357814
-0.358471
-0.359333
-0.360405
-0.361667
-0.363091
-0.364664
-0.366352
-0.368114
-0.369927
-0.371721
-0.373447
-0.375078
-0.376533
-0.377757
-0.378706
-0.379304
-0.379492
-0.379208
-0.378397
-0.376946
-0.374765
-0.371712
-0.367623
-0.362382
-0.356059
-0.349166
-0.342839
-0.338792
-0.338672
-0.343279
-0.351961
-0.363027
-0.374604
-0.385322
-0.394475
-0.401866
-0.407483
-0.411389
-0.413629
-0.414252
-0.413417
-0.411434
-0.408857
-0.40641
-0.404808
-0.404533
-0.40569
-0.40796
-0.410848
-0.413841
-0.416589
-0.418945
-0.420837
-0.422231
-0.423048
-0.423125
-0.422278
-0.420184
-0.416422
-0.410484
-0.401829
-0.390143
-0.375982
-0.36163
-0.351534
-0.35077
-0.361719
-0.38182
-0.405507
-0.427743
-0.445898
-0.459409
-0.468789
-0.474846
-0.478347
-0.479836
-0.479718
-0.47815
-0.475168
-0.470697
-0.464564
-0.456633
-0.446862
-0.435459
-0.423137
-0.41109
-0.400952
-0.394398
-0.392512
-0.395128
-0.400824
-0.407318
-0.412286
-0.414139
-0.412428
-0.407917
-0.402517
-0.398633
-0.398253
-0.401972
-0.408832
-0.417054
-0.424847
-0.430866
-0.434205
-0.434174
-0.430273
-0.422496
-0.411992
-0.401526
-0.394897
-0.394914
-0.40141
-0.411513
-0.421763
-0.429848
-0.434948
-0.437137
-0.436891
-0.434629
-0.430634
-0.424969
-0.417504
-0.407994
-0.39637
-0.383235
-0.370509
-0.36145
-0.359461
-0.365949
-0.379344
-0.396149
-0.412953
-0.427577
-0.438969
-0.446822
-0.4511
-0.451838
-0.449081
-0.442914
-0.433661
-0.422099
-0.409729
-0.398659
-0.391145
-0.388696
-0.391472
-0.398323
-0.407539
-0.417434
-0.426701
-0.434574
-0.440682
-0.44491
-0.447317
-0.44805
-0.447227
-0.44498
-0.441426
-0.436703
-0.431016
-0.424661
-0.418061
-0.41178
-0.406457
-0.402712
-0.400973
-0.401329
-0.403441
-0.406574
-0.409744
-0.411989
-0.41259
-0.411333
-0.408606
-0.405368
-0.402807
-0.401834
-0.402732
-0.405246
-0.408982
-0.413773
-0.41961
-0.426394
-0.433693
-0.440874
-0.447312
-0.452596
-0.456616
-0.459494
-0.461497
-0.46294
-0.464098
-0.465171
-0.466272
-0.467459
-0.468661
-0.469859
-0.470965
-0.471907
-0.472659
-0.473184
-0.473479
-0.47354
-0.473428
-0.473165
-0.472817
-0.472435
-0.472066
-0.471757
-0.471549
-0.471496
-0.471582
-0.471838
-0.472291
-0.472962
-0.473835
-0.474911
-0.476181
-0.477555
-0.478927
-0.480121
-0.480899
-0.480976
-0.480047
-0.477836
-0.474095
-0.468716
-0.461801
-0.45372
-0.445154
-0.437077
-0.430525
-0.426429
-0.425389
-0.427445
-0.43217
-0.438698
-0.44606
-0.453329
-0.459859
-0.465243
-0.469369
-0.472255
-0.474033
-0.474789
-0.474565
-0.473382
-0.471253
-0.46825
-0.464593
-0.460676
-0.457012
-0.454115
-0.452336
-0.451703
-0.451978
-0.452696
-0.453354
-0.453561
-0.453041
-0.451663
-0.449452
-0.446525
-0.443151
-0.439663
-0.43651
-0.434137
-0.432907
-0.432957
-0.434213
-0.436347
-0.43892
-0.441507
-0.443744
-0.445397
-0.446357
-0.446639
-0.446295
-0.445432
-0.444201
-0.442729
-0.441147
-0.439575
-0.438116
-0.436823
-0.435736
-0.434861
-0.434188
-0.433685
-0.433286
-0.43296
-0.432677
-0.432412
-0.43215
-0.431885
-0.431637
-0.431438
-0.431309
-0.431293
-0.431415
-0.431704
-0.432147
-0.432718
-0.433398
-0.434124
-0.434806
-0.435366
-0.43571
-0.435721
-0.435323
-0.434428
-0.432951
-0.430843
-0.42807
-0.424689
-0.420821
-0.416759
-0.41289
-0.409737
-0.40786
-0.407685
-0.409398
-0.412823
-0.417468
-0.422631
-0.427575
-0.431612
-0.434173
-0.434867
-0.433532
-0.430323
-0.425894
-0.42141
-0.418307
-0.417759
-0.420096
-0.42455
-0.42971
-0.434128
-0.436772
-0.437235
-0.435661
-0.432593
-0.428859
-0.425313
-0.422555
-0.420746
-0.41957
-0.418401
-0.416631
-0.413956
-0.410456
-0.406593
-0.403084
-0.40068
-0.40001
-0.401387
-0.404817
-0.409916
-0.41611
-0.422697
-0.429013
-0.434525
-0.438871
-0.441827
-0.443209
-0.442926
-0.440844
-0.436772
-0.430534
-0.421979
-0.411247
-0.398991
-0.386666
-0.376524
-0.370987
-0.371623
-0.378339
-0.389443
-0.402488
-0.415301
-0.426406
-0.435134
-0.441389
-0.445408
-0.447591
-0.448364
-0.448171
-0.447392
-0.446332
-0.445249
-0.444339
-0.443765
-0.443608
-0.443902
-0.444656
-0.44581
-0.447293
-0.449022
-0.450873
-0.452749
-0.454549
-0.456201
-0.457593
-0.458666
-0.45936
-0.459637
-0.459412
-0.458623
-0.457142
-0.454792
-0.451376
-0.446668
-0.440474
-0.432757
-0.423756
-0.414168
-0.405131
-0.398083
-0.394319
-0.394591
-0.398848
-0.40633
-0.415784
-0.425898
-0.435504
-0.443798
-0.450327
-0.454981
-0.457841
-0.459163
-0.459221
-0.458318
-0.456724
-0.454708
-0.45254
-0.450482
-0.448787
-0.447668
-0.447291
-0.447699
-0.44883
-0.450519
-0.452549
-0.454673
-0.456628
-0.458232
-0.459319
-0.459796
-0.459567
-0.45859
-0.456829
-0.454309
-0.451099
-0.447387
-0.443447
-0.439691
-0.436494
-0.434203
-0.432943
-0.432637
-0.433043
-0.433813
-0.434622
-0.435247
-0.435631
-0.435751
-0.435695
-0.435602
-0.435574
-0.435715
-0.43604
-0.43656
-0.437258
-0.438064
-0.438924
-0.43982
-0.440763
-0.441779
-0.442911
-0.444202
-0.445689
-0.447377
-0.449192
-0.451052
-0.45276
-0.454051
-0.454567
-0.453758
-0.450888
-0.445001
-0.434942
-0.419731
-0.39937
-0.376169
-0.355517
-0.343926
-0.344563
-0.354713
-0.368616
-0.38159
-0.391564
-0.39823
-0.402039
-0.403641
-0.403836
-0.403498
-0.403495
-0.404498
-0.406832
-0.410422
-0.414876
-0.419716
-0.424464
-0.428773
-0.432474
-0.435431
-0.4376
-0.438935
-0.439422
-0.43902
-0.437652
-0.435213
-0.431519
-0.426339
-0.419394
-0.410459
-0.399558
-0.387303
-0.375254
-0.365903
-0.361829
-0.364245
-0.372121
-0.382838
-0.393609
-0.402541
-0.408772
-0.412133
-0.412785
-0.410959
-0.40689
-0.400831
-0.393084
-0.384179
-0.374896
-0.366295
-0.359628
-0.355967
-0.355903
-0.359348
-0.365563
-0.373453
-0.381899
-0.390001
-0.397168
-0.403095
-0.407699
-0.411006
-0.413152
-0.414293
-0.414596
-0.414192
-0.413235
-0.411844
-0.410134
-0.408215
-0.406191
-0.404127
-0.402115
-0.400218
-0.398502
-0.397018
-0.395778
-0.394785
-0.394028
-0.393484
-0.393139
-0.392955
-0.392944
-0.393145
-0.393637
-0.394516
-0.395905
-0.397901
-0.400527
-0.403795
-0.407597
-0.411757
-0.416121
-0.420503
-0.424736
-0.428706
-0.432314
-0.435519
-0.438269
-0.440558
-0.442333
-0.443543
-0.444138
-0.444041
-0.443121
-0.441252
-0.438277
-0.434033
-0.428371
-0.421196
-0.41251
-0.402525
-0.391745
-0.381039
-0.371619
-0.364828
-0.361813
-0.363134
-0.368567
-0.377164
-0.387574
-0.398387
-0.408445
-0.416979
-0.423573
-0.428114
-0.430675
-0.431468
-0.430773
-0.42891
-0.426224
-0.423068
-0.419774
-0.416622
-0.413845
-0.411583
-0.409884
-0.408678
-0.407872
-0.407347
-0.407
-0.406787
-0.406767
-0.407027
-0.407673
-0.408757
-0.4102
-0.411862
-0.413515
-0.414911
-0.415863
-0.416223
-0.415945
-0.415
-0.413425
-0.411282
-0.408654
-0.40564
-0.402344
-0.39886
-0.395264
-0.391616
-0.387849
-0.383792
-0.379199
-0.373857
-0.367952
-0.362309
-0.358503
-0.358365
-0.362875
-0.371493
-0.382364
-0.393339
-0.402819
-0.410071
-0.415043
-0.418059
-0.419612
-0.420214
-0.420353
-0.420432
-0.420723
-0.421356
-0.422308
-0.423418
-0.424457
-0.425244
-0.425595
-0.425453
-0.424886
-0.424035
-0.423186
-0.422623
-0.422651
-0.423472
-0.425188
-0.427808
-0.431226
-0.435311
-0.439918
-0.444863
-0.449962
-0.454901
-0.459351
-0.462962
-0.465451
-0.46664
-0.466443
-0.464914
-0.462191
-0.458477
-0.454061
-0.449311
-0.444637
-0.440494
-0.437335
-0.435576
-0.435541
-0.437395
-0.441036
-0.446079
-0.451885
-0.457637
-0.462493
-0.46565
-0.466415
-0.464286
-0.458881
-0.450081
-0.438207
-0.424448
-0.411461
-0.403271
-0.4035
-0.412665
-0.427295
-0.442363
-0.454124
-0.461148
-0.46367
-0.46266
-0.459271
-0.454488
-0.44918
-0.444101
-0.439952
-0.437353
-0.436793
-0.438478
-0.442306
-0.44786
-0.454494
-0.46154
-0.468356
-0.474461
-0.479565
-0.483523
-0.48633
-0.488058
-0.488807
-0.488695
-0.48784
-0.486317
-0.484225
-0.48163
-0.478611
-0.4752
-0.471506
-0.467606
-0.463582
-0.459547
-0.455595
-0.45182
-0.448305
-0.445095
-0.442198
-0.439599
-0.437258
-0.435106
-0.433062
-0.431101
-0.429171
-0.427246
-0.425328
-0.423451
-0.421646
-0.419973
-0.418486
-0.417203
-0.416178
-0.415366
-0.414743
-0.414223
-0.413734
-0.41317
-0.412475
-0.411554
-0.410386
-0.408954
-0.407275
-0.405399
-0.403335
-0.401107
-0.398671
-0.395936
-0.392767
-0.38897
-0.384414
-0.379025
-0.372906
-0.366346
-0.359842
-0.354018
-0.349533
-0.346901
-0.346405
-0.347984
-0.351305
-0.355864
-0.361122
-0.366568
-0.371795
-0.37651
-0.380519
-0.383717
-0.386066
-0.3876
-0.388386
-0.388536
-0.388173
-0.387393
-0.386341
-0.385114
-0.383817
-0.382491
-0.381204
-0.379959
-0.378739
-0.377535
-0.376357
-0.375174
-0.374037
-0.373003
-0.372191
-0.371726
-0.371751
-0.372345
-0.373552
-0.375276
-0.377312
-0.379428
-0.381382
-0.382948
-0.38397
-0.38435
-0.384114
-0.383284
-0.381949
-0.380211
-0.378196
-0.376077
-0.374001
-0.372179
-0.370754
-0.369854
-0.36953
-0.369745
-0.370393
-0.371275
-0.372231
-0.37307
-0.373659
-0.373933
-0.373905
-0.373631
-0.373202
-0.37273
-0.372298
-0.371975
-0.371757
-0.371592
-0.371329
-0.370781
-0.3697
-0.367852
-0.365065
-0.361308
-0.356847
-0.352199
-0.348124
-0.345356
-0.344355
-0.345105
-0.347159
-0.349879
-0.352708
-0.355289
-0.357514
-0.359423
-0.36111
-0.362634
-0.364005
-0.365187
-0.366097
-0.366632
-0.366741
-0.366403
-0.365614
-0.364463
-0.363085
-0.361605
-0.360186
-0.358972
-0.358018
-0.35739
-0.357044
-0.356888
-0.356809
-0.356635
-0.356142
-0.35508
-0.353082
-0.349758
-0.3447
-0.337598
-0.328491
-0.318128
-0.308169
-0.300977
-0.298621
-0.301656
-0.308765
-0.317647
-0.326228
-0.333326
-0.338609
-0.342286
-0.344761
-0.346457
-0.347688
-0.34865
-0.349443
-0.350103
-0.350604
-0.350926
-0.35107
-0.350998
-0.350739
-0.35029
-0.349715
-0.349046
-0.348323
-0.347619
-0.34696
-0.346383
-0.345886
-0.345495
-0.345171
-0.344889
-0.344603
-0.3443
-0.343957
-0.343587
-0.343244
-0.343005
-0.342971
-0.343223
-0.343777
-0.344575
-0.345451
-0.346159
-0.346392
-0.345895
-0.344493
-0.342183
-0.339174
-0.335892
-0.332903
-0.330697
-0.329586
-0.329611
-0.330546
-0.332081
-0.333948
-0.336021
-0.33827
-0.340766
-0.343573
-0.346734
-0.350274
-0.354154
-0.358326
-0.362664
-0.367013
-0.371232
-0.375166
-0.378724
-0.381845
-0.384547
-0.386885
-0.388942
-0.390791
-0.392501
-0.394082
-0.395578
-0.396973
-0.398251
-0.399413
-0.400479
-0.401479
-0.402481
-0.403531
-0.404694
-0.40602
-0.407554
-0.409326
-0.411333
-0.413543
-0.415908
-0.418378
-0.420825
-0.423206
-0.425417
-0.427362
-0.428979
-0.43019
-0.430911
-0.431079
-0.430583
-0.429357
-0.427283
-0.424289
-0.420341
-0.415556
-0.410284
-0.405167
-0.401081
-0.398932
-0.399326
-0.402286
-0.407291
-0.413476
-0.420009
-0.426311
-0.432066
-0.437159
-0.441621
-0.445497
-0.448842
-0.451682
-0.454033
-0.455898
-0.457288
-0.458222
-0.458753
-0.458955
-0.458935
-0.458824
-0.458692
-0.45856
-0.458371
-0.457969
-0.457137
-0.45568
-0.453453
-0.45048
-0.446962
-0.443299
-0.440005
-0.43759
-0.436435
-0.436659
-0.438187
-0.440745
-0.443994
-0.447587
-0.451256
-0.454775
-0.458018
-0.460909
-0.463428
-0.465588
-0.467408
-0.468915
-0.470087
-0.470846
-0.471069
-0.470539
-0.46901
-0.466214
-0.461996
-0.456317
-0.449464
-0.442032
-0.434877
-0.428893
-0.424655
-0.422184
-0.42102
-0.420418
-0.4197
-0.418458
-0.416605
-0.414288
-0.411765
-0.409354
-0.407348
-0.405976
-0.405394
-0.405639
-0.40668
-0.408373
-0.410489
-0.412766
-0.414977
-0.416959
-0.418588
-0.419814
-0.420635
-0.42103
-0.421031
-0.420587
-0.419703
-0.418338
-0.416445
-0.413993
-0.41096
-0.407342
-0.403178
-0.398615
-0.393869
-0.389267
-0.385204
-0.382082
-0.380203
-0.3797
-0.380503
-0.382365
-0.384897
-0.38769
-0.390373
-0.392702
-0.394494
-0.395655
-0.396188
-0.39614
-0.395618
-0.394748
-0.393665
-0.392541
-0.391529
-0.390821
-0.390521
-0.390711
-0.391393
-0.392519
-0.393942
-0.395515
-0.397062
-0.398394
-0.399329
-0.399687
-0.399292
-0.398
-0.395654
-0.392163
-0.387477
-0.381717
-0.375172
-0.368414
-0.362216
-0.357497
-0.355117
-0.355648
-0.359141
-0.36509
-0.372665
-0.380862
-0.388869
-0.39609
-0.402244
-0.40727
-0.411216
-0.414251
-0.416513
-0.418168
-0.419326
-0.420092
-0.420552
-0.420781
-0.420826
-0.420721
-0.420516
-0.420241
-0.419919
-0.4196
-0.419317
-0.419094
-0.418965
-0.418936
-0.419058
-0.419293
-0.419661
-0.420118
-0.420639
-0.421195
-0.421752
-0.42229
-0.42285
-0.423488
-0.424267
-0.425306
-0.426701
-0.428519
-0.430781
-0.433405
-0.436277
-0.439129
-0.44166
-0.443576
-0.444534
-0.444289
-0.442652
-0.439611
-0.435313
-0.43014
-0.424646
-0.419557
-0.41557
-0.413286
-0.413047
-0.414933
-0.418717
-0.42389
-0.429775
-0.435588
-0.440621
-0.444353
-0.446489
-0.446933
-0.445784
-0.443235
-0.439539
-0.434997
-0.429865
-0.424404
-0.418809
-0.413265
-0.407919
-0.402977
-0.398672
-0.395309
-0.393232
-0.392729
-0.394079
-0.397304
-0.402234
-0.408482
-0.415484
-0.422618
-0.429362
-0.435281
-0.440111
-0.443736
-0.446136
-0.447369
-0.447551
-0.446781
-0.445168
-0.442829
-0.439863
-0.436366
-0.432446
-0.428194
-0.423732
-0.41918
-0.414664
-0.410294
-0.406197
-0.402458
-0.399164
-0.396346
-0.394007
-0.392135
-0.3907
-0.38966
-0.38896
-0.388552
-0.388436
-0.388546
-0.388844
-0.389229
-0.389588
-0.38981
-0.389799
-0.389491
-0.388892
-0.388035
-0.387035
-0.385928
-0.384682
-0.383199
-0.38124
-0.37854
-0.37485
-0.369973
-0.363961
-0.357307
-0.351129
-0.347155
-0.347116
-0.351884
-0.360806
-0.372016
-0.383372
-0.39325
-0.400835
-0.405987
-0.408981
-0.410303
-0.410524
-0.410184
-0.409752
-0.409532
-0.409644
-0.410049
-0.410582
-0.411038
-0.411261
-0.411199
-0.410881
-0.410397
-0.409853
-0.409306
-0.408748
-0.408079
-0.407208
-0.405992
-0.404323
-0.402148
-0.399421
-0.396154
-0.392404
-0.388259
-0.383879
-0.379487
-0.375376
-0.371894
-0.369408
-0.368237
-0.368577
-0.370478
-0.373804
-0.378259
-0.383434
-0.388885
-0.394172
-0.398886
-0.402677
-0.405206
-0.406182
-0.40533
-0.402414
-0.397277
-0.389943
-0.380723
-0.370401
-0.36025
-0.351863
-0.346671
-0.345395
-0.347783
-0.352891
-0.359551
-0.366758
-0.373879
-0.380568
-0.386657
-0.392071
-0.39677
-0.400704
-0.403834
-0.406068
-0.40732
-0.407509
-0.406522
-0.404261
-0.400655
-0.395671
-0.389317
-0.381683
-0.372964
-0.363475
-0.353686
-0.344284
-0.336251
-0.330777
-0.328973
-0.331426
-0.337815
-0.346964
-0.357241
-0.367164
-0.37572
-0.382384
-0.387013
-0.389669
-0.390481
-0.389597
-0.387134
-0.383221
-0.378017
-0.371724
-0.364688
-0.35744
-0.350598
-0.344883
-0.340983
-0.33929
-0.339849
-0.342282
-0.345934
-0.350057
-0.354015
-0.35743
-0.360252
-0.362692
-0.365129
-0.367878
-0.371082
-0.374683
-0.378424
-0.381999
-0.385138
-0.387667
-0.389536
-0.390756
-0.391391
-0.391554
-0.391296
-0.390704
-0.389866
-0.388859
-0.387788
-0.386759
-0.385901
-0.385302
-0.385009
-0.385046
-0.385335
-0.385779
-0.386275
-0.386703
-0.38698
-0.387044
-0.386893
-0.386537
-0.386018
-0.385366
-0.384671
-0.38398
-0.383351
-0.382805
-0.382394
-0.382145
-0.382097
-0.382285
-0.38274
-0.383453
-0.384434
-0.385642
-0.387029
-0.388468
-0.389853
-0.391016
-0.391796
-0.392026
-0.391583
-0.390384
-0.388422
-0.385783
-0.382705
-0.379488
-0.376546
-0.374286
-0.373048
-0.372986
-0.374056
-0.376015
-0.378495
-0.381055
-0.383298
-0.384928
-0.385712
-0.385555
-0.384435
-0.382432
-0.379652
-0.376269
-0.37252
-0.368703
-0.365169
-0.362296
-0.360429
-0.359846
-0.360699
-0.362948
-0.366357
-0.370605
-0.375267
-0.379889
-0.384141
-0.387789
-0.390699
-0.392843
-0.394274
-0.395134
-0.395596
-0.395862
-0.396129
-0.396505
-0.397033
-0.397593
-0.397998
-0.397936
-0.397095
-0.395257
-0.392428
-0.388948
-0.385447
-0.382733
-0.381426
-0.381718
-0.383296
-0.385544
-0.387758
-0.389365
-0.389882
-0.3888
-0.38545
-0.379103
-0.369124
-0.35547
-0.339178
-0.322687
-0.309575
-0.303134
-0.304488
-0.311594
-0.320284
-0.326909
-0.330549
-0.33357
-0.339863
-0.351624
-0.36756
-0.384111
-0.398048
-0.407865
-0.413549
-0.415877
-0.415837
-0.414343
-0.412155
-0.409836
-0.407792
-0.406253
-0.405315
-0.40493
-0.404965
-0.405174
-0.405267
-0.404958
-0.403945
-0.402006
-0.399069
-0.395321
-0.391399
-0.388349
-0.387445
-0.389577
-0.39476
-0.401997
-0.409712
-0.416432
-0.421091
-0.42305
-0.421954
-0.417519
-0.409387
-0.397179
-0.381007
-0.362495
-0.345856
-0.337254
-0.340956
-0.355536
-0.374912
-0.393088
-0.406927
-0.415972
-0.421063
-0.423364
-0.423915
-0.423511
-0.422702
-0.421868
-0.42123
-0.420929
-0.420993
-0.421419
-0.422139
-0.423038
-0.423982
-0.424813
-0.425359
-0.425448
-0.424883
-0.423505
-0.421107
-0.417548
-0.412737
-0.406676
-0.399516
-0.391626
-0.383556
-0.37603
-0.369687
-0.36491
-0.361715
-0.359839
-0.358977
-0.359046
-0.360239
-0.362885
-0.367199
-0.3731
-0.380143
-0.387695
-0.395086
-0.401792
-0.407465
-0.411991
-0.415379
-0.417746
-0.419214
-0.419944
-0.420068
-0.419668
-0.418798
-0.417453
-0.415606
-0.41316
-0.409998
-0.406
-0.401023
-0.39509
-0.388349
-0.381219
-0.374418
-0.368889
-0.365577
-0.365054
-0.367262
-0.371543
-0.376886
-0.382197
-0.386583
-0.38939
-0.390265
-0.389084
-0.385972
-0.381277
-0.375461
-0.368983
-0.362002
-0.354522
-0.346707
-0.33948
-0.334651
-0.334085
-0.338342
-0.345972
-0.354482
-0.361714
-0.366694
-0.369604
-0.371372
-0.373132
-0.375787
-0.379741
-0.384835
-0.390581
-0.396401
-0.401816
-0.406544
-0.410473
-0.413572
-0.415855
-0.417349
-0.418068
-0.417998
-0.417138
-0.415496
-0.413081
-0.409903
-0.406008
-0.401463
-0.396352
-0.39078
-0.384851
-0.378744
-0.372668
-0.366888
-0.361747
-0.357594
-0.354792
-0.353613
-0.354226
-0.356581
-0.360457
-0.365413
-0.370879
-0.376235
-0.380886
-0.384391
-0.386476
-0.387079
-0.386347
-0.384678
-0.382607
-0.380779
-0.379671
-0.379506
-0.380155
-0.381194
-0.382149
-0.382528
-0.382015
-0.380447
-0.377875
-0.374514
-0.370724
-0.366976
-0.363774
-0.361583
-0.360673
-0.36108
-0.362607
-0.364885
-0.367538
-0.370227
-0.372741
-0.374949
-0.376815
-0.378323
-0.37948
-0.380327
-0.380873
-0.38113
-0.381104
-0.380843
-0.380372
-0.379737
-0.37897
-0.378184
-0.37741
-0.376685
-0.37607
-0.375575
-0.375188
-0.374891
-0.374648
-0.374416
-0.374144
-0.373804
-0.373394
-0.372883
-0.372286
-0.371646
-0.370989
-0.370385
-0.369881
-0.369548
-0.369454
-0.369653
-0.370178
-0.371029
-0.372201
-0.373623
-0.375202
-0.376851
-0.378464
-0.379942
-0.381196
-0.38214
-0.382663
-0.38262
-0.38182
-0.37999
-0.376727
-0.371534
-0.363852
-0.353092
-0.338938
-0.321666
-0.302878
-0.286208
-0.276948
-0.27934
-0.29313
-0.313324
-0.333782
-0.350542
-0.362399
-0.369866
-0.374182
-0.376609
-0.378208
-0.379733
-0.381644
-0.38413
-0.387155
-0.390566
-0.394151
-0.397684
-0.40096
-0.403822
-0.406109
-0.407706
-0.408484
-0.408308
-0.407023
-0.40449
-0.400578
-0.395235
-0.388528
-0.380774
-0.372546
-0.364721
-0.358346
-0.354403
-0.35355
-0.355916
-0.361089
-0.368272
-0.376541
-0.385023
-0.393046
-0.40013
-0.406011
-0.41055
-0.413707
-0.415472
-0.415916
-0.415074
-0.412997
-0.409765
-0.405469
-0.40023
-0.394202
-0.38766
-0.381011
-0.374777
-0.369477
-0.365438
-0.36273
-0.361152
-0.36039
-0.360194
-0.360454
-0.361178
-0.36249
-0.364554
-0.367532
-0.371482
-0.376218
-0.381395
-0.386605
-0.39143
-0.395575
-0.398869
-0.40124
-0.402666
-0.403209
-0.402937
-0.401969
-0.400395
-0.398356
-0.395994
-0.393452
-0.390882
-0.388412
-0.386146
-0.384157
-0.382481
-0.381097
-0.379926
-0.378832
-0.377665
-0.376238
-0.374384
-0.371974
-0.368912
-0.3652
-0.36088
-0.35606
-0.350904
-0.345583
-0.340236
-0.335
-0.330049
-0.325607
-0.321989
-0.319477
-0.318253
-0.318329
-0.319542
-0.321625
-0.324318
-0.327401
-0.330707
-0.334072
-0.337343
-0.340355
-0.342975
-0.345122
-0.346719
-0.347751
-0.348239
-0.348233
-0.347744
-0.346798
-0.345411
-0.343622
-0.341455
-0.338951
-0.336205
-0.333322
-0.330453
-0.327781
-0.325492
-0.323753
-0.322675
-0.32226
-0.322438
-0.323041
-0.323845
-0.324601
-0.325072
-0.324991
-0.324133
-0.322248
-0.319093
-0.314459
-0.308314
-0.300974
-0.293311
-0.286817
-0.283242
-0.283871
-0.288793
-0.296849
-0.306297
-0.315533
-0.323567
-0.329976
-0.334732
-0.337976
-0.339893
-0.34058
-0.340063
-0.338299
-0.335182
-0.330568
-0.324338
-0.316475
-0.307119
-0.296763
-0.286201
-0.276549
-0.269052
-0.264785
-0.264343
-0.267555
-0.273519
-0.280813
-0.287929
-0.293702
-0.297458
-0.299138
-0.299202
-0.298458
-0.297888
-0.298268
-0.300034
-0.303042
-0.306769
-0.310562
-0.313923
-0.316672
-0.31896
-0.321124
-0.323525
-0.32634
-0.329482
-0.332676
-0.335522
-0.337687
-0.338954
-0.339334
-0.338956
-0.33811
-0.337093
-0.33614
-0.33537
-0.334752
-0.334144
-0.3333
-0.331962
-0.329948
-0.327178
-0.323682
-0.319653
-0.315445
-0.311512
-0.308332
-0.306334
-0.305733
-0.306502
-0.308379
-0.310956
-0.313807
-0.316562
-0.318985
-0.320954
-0.322487
-0.323719
-0.32482
-0.326021
-0.327492
-0.329347
-0.331584
-0.334138
-0.336871
-0.339613
-0.342202
-0.344514
-0.346478
-0.348034
-0.349182
-0.349931
-0.350323
-0.350385
-0.350159
-0.349676
-0.348973
-0.348087
-0.347056
-0.345909
-0.344674
-0.343414
-0.342154
-0.340952
-0.339877
-0.339039
-0.338542
-0.338504
-0.339049
-0.340257
-0.342128
-0.344591
-0.347504
-0.350664
-0.353826
-0.356701
-0.35901
-0.360481
-0.360883
-0.360052
-0.357912
-0.354593
-0.350408
-0.345953
-0.34208
-0.339678
-0.339472
-0.341736
-0.34619
-0.352133
-0.358686
-0.365065
-0.37073
-0.375362
-0.378871
-0.38129
-0.382685
-0.383184
-0.382907
-0.381942
-0.380351
-0.378175
-0.375457
-0.372258
-0.368771
-0.365361
-0.362591
-0.361179
-0.361745
-0.364493
-0.369153
-0.375005
-0.381078
-0.386589
-0.390966
-0.393946
-0.395492
-0.395707
-0.394738
-0.39284
-0.390267
-0.387382
-0.38465
-0.382564
-0.381596
-0.381981
-0.383629
-0.38611
-0.388812
-0.39114
-0.392671
-0.393271
-0.393025
-0.392183
-0.391101
-0.390101
-0.389411
-0.389177
-0.389449
-0.390196
-0.391378
-0.392922
-0.394745
-0.396774
-0.398932
-0.401144
-0.40334
-0.405478
-0.407528
-0.409489
-0.411354
-0.413122
-0.414781
-0.416326
-0.417771
-0.419095
-0.420306
-0.421399
-0.422356
-0.42316
-0.423778
-0.424158
-0.424218
-0.423873
-0.423002
-0.4215
-0.419255
-0.416166
-0.412156
-0.40721
-0.40134
-0.394663
-0.387393
-0.379842
-0.372384
-0.365474
-0.359495
-0.354709
-0.351138
-0.348569
-0.34666
-0.345107
-0.343741
-0.342639
-0.342028
-0.342188
-0.343368
-0.345689
-0.349187
-0.353812
-0.35944
-0.365896
-0.372952
-0.380278
-0.387539
-0.394398
-0.400563
-0.405832
-0.410104
-0.41336
-0.415633
-0.417003
-0.417573
-0.417482
-0.4168
-0.415679
-0.414244
-0.412598
-0.410879
-0.409198
-0.407667
-0.406374
-0.405367
-0.404651
-0.404227
-0.404029
-0.40398
-0.404002
-0.403993
-0.403863
-0.403531
-0.402911
-0.401941
-0.400565
-0.398725
-0.396359
-0.393435
-0.389939
-0.385865
-0.381337
-0.376589
-0.372037
-0.368248
-0.365868
-0.365326
-0.36674
-0.369794
-0.37377
-0.377887
-0.381454
-0.384038
-0.385414
-0.385439
-0.383936
-0.380725
-0.375983
-0.370748
-0.367173
-0.367817
-0.373985
-0.384607
-0.396733
-0.407189
-0.413826
-0.415733
-0.412946
-0.405999
-0.395741
-0.383095
-0.36897
-0.354188
-0.33961
-0.326328
-0.315879
-0.310025
-0.310089
-0.316012
-0.326132
-0.337918
-0.349075
-0.358258
-0.365151
-0.370107
-0.37383
-0.377038
-0.380258
-0.383752
-0.387522
-0.391355
-0.394969
-0.398046
-0.400401
-0.401908
-0.402537
-0.402304
-0.401277
-0.399534
-0.397123
-0.39406
-0.390373
-0.386008
-0.380917
-0.375002
-0.368192
-0.360483
-0.351922
-0.342749
-0.333398
-0.324505
-0.316934
-0.311582
-0.309211
-0.310144
-0.314134
-0.320417
-0.327949
-0.335667
-0.342714
-0.348538
-0.352859
-0.355643
-0.356971
-0.35707
-0.356199
-0.354635
-0.352635
-0.350477
-0.348374
-0.3465
-0.344963
-0.343807
-0.343014
-0.342506
-0.342179
-0.341913
-0.341596
-0.341116
-0.340359
-0.33924
-0.337731
-0.335779
-0.333412
-0.330673
-0.32767
-0.324553
-0.321474
-0.318632
-0.316227
-0.314384
-0.313201
-0.312669
-0.312686
-0.313107
-0.313713
-0.314283
-0.314645
-0.314705
-0.314483
-0.314137
-0.313942
-0.314205
-0.315168
-0.316955
-0.319495
-0.322541
-0.325734
-0.328702
-0.331094
-0.332616
-0.333008
-0.33204
-0.329528
-0.325356
-0.319606
-0.312734
-0.305686
-0.29986
-0.296734
-0.297123
-0.300737
-0.306188
-0.311541
-0.315004
-0.315216
-0.311501
-0.304075
-0.294386
-0.285273
-0.280239
-0.281611
-0.289067
-0.29997
-0.311221
-0.320757
-0.327832
-0.332621
-0.335658
-0.337538
-0.338683
-0.33941
-0.339875
-0.340135
-0.340191
-0.340021
-0.339608
-0.338907
-0.337943
-0.336725
-0.335256
-0.333593
-0.33179
-0.329901
-0.327985
-0.326078
-0.324206
-0.322358
-0.320485
-0.318483
-0.316261
-0.313756
-0.310982
-0.308119
-0.305508
-0.303688
-0.303204
-0.304411
-0.307405
-0.311901
-0.317382
-0.323325
-0.329244
-0.334812
-0.339869
-0.344406
-0.348483
-0.35221
-0.35568
-0.358997
-0.362227
-0.365377
-0.368465
-0.371448
-0.374305
-0.376996
-0.379529
-0.381864
-0.384017
-0.386008
-0.387843
-0.389556
-0.391168
-0.392694
-0.394119
-0.39546
-0.396686
-0.397759
-0.398614
-0.399174
-0.399315
-0.398857
-0.397651
-0.395488
-0.392216
-0.387765
-0.382242
-0.376029
-0.36981
-0.364453
-0.360748
-0.359149
-0.35959
-0.361652
-0.364817
-0.368714
-0.373151
-0.378012
-0.38314
-0.388314
-0.393154
-0.397239
-0.400137
-0.401433
-0.400803
-0.398028
-0.393051
-0.386042
-0.377474
-0.368147
-0.359071
-0.351294
-0.345646
-0.342626
-0.342338
-0.3446
-0.34905
-0.355209
-0.36246
-0.370077
-0.377291
-0.383485
-0.388242
-0.391404
-0.393058
-0.3935
-0.393229
-0.392842
-0.393
-0.394266
-0.396996
-0.401251
-0.406702
-0.41281
-0.418969
-0.424624
-0.429393
-0.433066
-0.435631
-0.437188
-0.437948
-0.438141
-0.438031
-0.43776
-0.437432
-0.437053
-0.436523
-0.435717
-0.434455
-0.432656
-0.430246
-0.427262
-0.423803
-0.420003
-0.416069
-0.412182
-0.408517
-0.4052
-0.402304
-0.399799
-0.397645
-0.395776
-0.394209
-0.393054
-0.392546
-0.39299
-0.394668
-0.397653
-0.401821
-0.406795
-0.412099
-0.417286
-0.421995
-0.426022
-0.429323
-0.431959
-0.43406
-0.435806
-0.437355
-0.438832
-0.440312
-0.441841
-0.443392
-0.444936
-0.446366
-0.447614
-0.448597
-0.449279
-0.449691
-0.449873
-0.449958
-0.450041
-0.450249
-0.450635
-0.451219
-0.451904
-0.452527
-0.452895
-0.452743
-0.451871
-0.45012
-0.447443
-0.443943
-0.439844
-0.435488
-0.431239
-0.427461
-0.424329
-0.421975
-0.420483
-0.419981
-0.420682
-0.422789
-0.426399
-0.431366
-0.437257
-0.443493
-0.449472
-0.454733
-0.458971
-0.462066
-0.464048
-0.465033
-0.465166
-0.464611
-0.463533
-0.462054
-0.460243
-0.458125
-0.455685
-0.452862
-0.449605
-0.445922
-0.441929
-0.437872
-0.434113
-0.431042
-0.428929
-0.427886
-0.4278
-0.428387
-0.429297
-0.430223
-0.430963
-0.431483
-0.431838
-0.432152
-0.432539
-0.433029
-0.433596
-0.434128
-0.43452
-0.434586
-0.434199
-0.433251
-0.431634
-0.429285
-0.426152
-0.422266
-0.41771
-0.412667
-0.407454
-0.402487
-0.398215
-0.395078
-0.393371
-0.393186
-0.394403
-0.396669
-0.399534
-0.402539
-0.405283
-0.407459
-0.408886
-0.409451
-0.409088
-0.407758
-0.405364
-0.401861
-0.397186
-0.391391
-0.38474
-0.377806
-0.371509
-0.366944
-0.364999
-0.366015
-0.36954
-0.374641
-0.380262
-0.385561
-0.390095
-0.393705
-0.396453
-0.39848
-0.39999
-0.401138
-0.402038
-0.402799
-0.40347
-0.404076
-0.404653
-0.405172
-0.405625
-0.405985
-0.406229
-0.406307
-0.406174
-0.405801
-0.405139
-0.404169
-0.402847
-0.401173
-0.39915
-0.39681
-0.394184
-0.391287
-0.388111
-0.384642
-0.380829
-0.376662
-0.372245
-0.367896
-0.364206
-0.361917
-0.361696
-0.36383
-0.368018
-0.373535
-0.379486
-0.385102
-0.389907
-0.393796
-0.396856
-0.399382
-0.40172
-0.40415
-0.406788
-0.409518
-0.412049
-0.413938
-0.414706
-0.413975
-0.411511
-0.407308
-0.401581
-0.39473
-0.387291
-0.379786
-0.372736
-0.366621
-0.361914
-0.359066
-0.358212
-0.359105
-0.361086
-0.363356
-0.365176
-0.366141
-0.366112
-0.365166
-0.363505
-0.361407
-0.359218
-0.357385
-0.356395
-0.356645
-0.358316
-0.361332
-0.36531
-0.369793
-0.374316
-0.378537
-0.382238
-0.385308
-0.387706
-0.389454
-0.3906
-0.391197
-0.391351
-0.391125
-0.390635
-0.389959
-0.389203
-0.388451
-0.387763
-0.387248
-0.386922
-0.386818
-0.386941
-0.387244
-0.38769
-0.388222
-0.388773
-0.389239
-0.389557
-0.389649
-0.389426
-0.388808
-0.387715
-0.386075
-0.383863
-0.381113
-0.377863
-0.374308
-0.370638
-0.367033
-0.363622
-0.360397
-0.357243
-0.354156
-0.351325
-0.34934
-0.349062
-0.351278
-0.356304
-0.363797
-0.372796
-0.382145
-0.390794
-0.397984
-0.403282
-0.406471
-0.407546
-0.406666
-0.404261
-0.400991
-0.397711
-0.395256
-0.39412
-0.394219
-0.394833
-0.394908
-0.393312
-0.389193
-0.382204
-0.37268
-0.361864
-0.351777
-0.344563
-0.3415
-0.342321
-0.345518
-0.349297
-0.352405
-0.3543
-0.354944
-0.354475
-0.353044
-0.350805
-0.347953
-0.344781
-0.34167
-0.339109
-0.337635
-0.337823
-0.34011
-0.344652
-0.351122
-0.35877
-0.366649
-0.373885
-0.379873
-0.384346
-0.387272
-0.388821
-0.389206
-0.388702
-0.387577
-0.386105
-0.384561
-0.383184
-0.382194
-0.381735
-0.38186
-0.382536
-0.38364
-0.38503
-0.386552
-0.388074
-0.389476
-0.390714
-0.391759
-0.392611
-0.393278
-0.393766
-0.394076
-0.394204
-0.394117
-0.393767
-0.393098
-0.392032
-0.390474
-0.388304
-0.385405
-0.381702
-0.377128
-0.371726
-0.365656
-0.359247
-0.353
-0.347533
-0.343452
-0.341235
-0.341057
-0.342817
-0.346182
-0.350733
-0.356081
-0.361889
-0.367912
-0.373918
-0.37966
-0.38488
-0.38929
-0.392623
-0.394653
-0.395177
-0.3941
-0.391433
-0.387368
-0.382255
-0.376621
-0.371065
-0.366146
-0.36228
-0.359718
-0.358518
-0.358687
-0.36004
-0.36229
-0.364987
-0.36766
-0.369859
-0.371292
-0.371792
-0.371364
-0.370196
-0.368697
-0.367458
-0.367179
-0.368442
-0.371412
-0.375787
-0.380772
-0.385318
-0.388388
-0.389097
-0.386904
-0.38176
-0.374433
-0.366649
-0.36085
-0.359182
-0.362301
-0.368961
-0.376848
-0.383843
-0.388666
-0.39095
-0.390861
-0.388841
-0.385401
-0.381011
-0.376131
-0.371172
-0.366538
-0.362605
-0.359669
-0.357925
-0.357392
-0.357907
-0.359208
-0.360977
-0.362889
-0.364743
-0.366417
-0.367914
-0.369257
-0.370563
-0.371916
-0.373397
-0.375023
-0.376796
-0.378645
-0.380519
-0.382353
-0.38404
-0.385514
-0.386744
-0.387652
-0.388196
-0.388343
-0.388047
-0.387281
-0.38603
-0.384251
-0.381941
-0.379122
-0.375819
-0.372128
-0.36815
-0.364076
-0.360122
-0.356575
-0.353713
-0.351808
-0.351109
-0.351696
-0.353543
-0.356443
-0.360043
-0.363849
-0.367406
-0.370264
-0.37211
-0.372752
-0.372152
-0.370403
-0.367725
-0.36438
-0.360657
-0.356812
-0.353044
-0.349482
-0.34622
-0.343305
-0.340762
-0.338574
-0.336636
-0.334713
-0.332507
-0.329689
-0.326052
-0.321605
-0.316673
-0.311853
-0.307888
-0.305529
-0.305285
-0.307357
-0.311523
-0.317277
-0.323991
-0.331022
-0.337849
-0.344144
-0.349697
-0.354461
-0.358469
-0.361811
-0.364597
-0.36693
-0.368911
-0.370589
-0.371982
-0.373114
-0.373943
-0.374429
-0.374497
-0.374098
-0.373176
-0.371678
-0.369615
-0.367089
-0.364244
-0.361352
-0.358767
-0.356864
-0.35591
-0.35607
-0.357268
-0.359242
-0.361662
-0.364205
-0.366594
-0.368681
-0.370388
-0.371735
-0.37278
-0.373588
-0.374244
-0.374803
-0.375347
-0.375927
-0.376589
-0.377334
-0.378185
-0.379104
-0.380023
-0.380871
-0.381516
-0.381811
-0.381581
-0.38067
-0.378971
-0.376396
-0.372998
-0.368953
-0.364624
-0.360503
-0.35719
-0.35527
-0.355202
-0.357101
-0.360829
-0.36595
-0.371887
-0.378025
-0.383747
-0.388504
-0.391787
-0.393104
-0.392092
-0.388586
-0.382895
-0.376048
-0.369828
-0.366288
-0.36678
-0.371135
-0.377801
-0.384756
-0.390498
-0.394375
-0.396485
-0.397434
-0.397957
-0.398673
-0.399985
-0.40198
-0.404509
-0.407293
-0.410036
-0.412487
-0.414535
-0.416144
-0.417337
-0.418188
-0.418769
-0.419151
-0.419368
-0.41942
-0.41929
-0.418925
-0.41827
-0.41727
-0.415888
-0.414105
-0.41193
-0.40941
-0.406577
-0.403518
-0.400308
-0.39708
-0.393974
-0.391264
-0.389326
-0.388627
-0.389598
-0.392433
-0.396911
-0.402371
-0.407748
-0.411793
-0.413305
-0.411282
-0.405245
-0.395526
-0.383632
-0.372267
-0.364604
-0.362857
-0.367158
-0.375466
-0.384585
-0.391406
-0.393881
-0.391509
-0.385599
-0.379192
-0.375832
-0.377765
-0.38473
-0.394452
-0.404414
-0.412996
-0.419677
-0.424626
-0.428214
-0.43084
-0.432778
-0.434234
-0.435339
-0.436161
-0.436654
-0.436601
-0.435601
-0.433124
-0.428587
-0.421621
-0.412501
-0.402593
-0.394423
-0.390935
-0.393741
-0.402025
-0.413056
-0.423891
-0.432603
-0.438463
-0.441592
-0.4425
-0.44183
-0.440203
-0.438175
-0.436241
-0.43474
-0.433901
-0.433782
-0.434303
-0.43529
-0.436516
-0.437727
-0.438752
-0.439471
-0.439809
-0.43979
-0.439408
-0.438661
-0.43755
-0.436032
-0.433993
-0.43131
-0.427875
-0.423603
-0.418529
-0.412827
-0.406857
-0.401074
-0.395917
-0.391653
-0.388218
-0.385278
-0.382464
-0.379516
-0.376514
-0.373846
-0.372021
-0.371483
-0.372396
-0.374659
-0.377948
-0.381876
-0.386139
-0.39047
-0.394689
-0.398619
-0.402098
-0.404965
-0.407102
-0.408439
-0.408975
-0.408766
-0.407919
-0.406545
-0.40484
-0.402939
-0.40102
-0.399223
-0.397654
-0.396319
-0.395177
-0.3941
-0.39285
-0.391095
-0.388377
-0.38417
-0.377989
-0.369591
-0.359418
-0.348942
-0.340708
-0.337314
-0.33993
-0.347414
-0.357176
-0.366648
-0.374292
-0.379593
-0.382682
-0.383921
-0.383683
-0.382266
-0.379899
-0.376747
-0.373069
-0.369231
-0.365677
-0.362933
-0.361475
-0.36155
-0.363059
-0.365621
-0.368676
-0.371711
-0.374321
-0.376272
-0.377561
-0.378262
-0.37858
-0.37871
-0.37882
-0.379013
-0.379326
-0.3797
-0.380016
-0.380125
-0.379889
-0.379188
-0.377997
-0.376412
-0.374595
-0.372797
-0.371303
-0.370344
-0.370034
-0.370346
-0.371075
-0.37194
-0.372554
-0.372612
-0.37192
-0.370628
-0.369212
-0.368414
-0.368861
-0.370627
-0.372987
-0.374606
-0.374009
-0.370141
-0.362701
-0.3523
-0.340347
-0.328948
-0.320634
-0.317851
-0.321939
-0.332191
-0.345957
-0.360111
-0.372393
-0.381845
-0.388437
-0.392615
-0.394942
-0.39594
-0.396078
-0.395752
-0.395313
-0.395078
-0.395231
-0.395905
-0.397042
-0.398517
-0.400128
-0.401615
-0.40278
-0.403438
-0.403467
-0.40282
-0.401504
-0.399593
-0.397261
-0.394747
-0.392269
-0.389961
-0.38774
-0.385274
-0.382107
-0.377887
-0.37274
-0.367512
-0.363626
-0.362446
-0.364516
-0.369223
-0.375136
-0.380838
-0.385451
-0.388659
-0.390612
-0.391606
-0.391953
-0.391881
-0.391627
-0.391362
-0.391285
-0.391504
-0.392102
-0.393037
-0.394144
-0.395167
-0.395765
-0.395593
-0.394316
-0.391682
-0.387525
-0.381847
-0.374878
-0.367193
-0.359615
-0.353178
-0.348831
-0.347134
-0.348119
-0.351322
-0.356042
-0.361532
-0.367152
-0.372435
-0.377016
-0.380645
-0.383132
-0.384322
-0.38409
-0.382369
-0.379156
-0.374581
-0.368978
-0.362878
-0.357009
-0.352123
-0.34875
-0.347025
-0.346649
-0.347068
-0.347686
-0.348073
-0.348014
-0.347474
-0.346482
-0.345048
-0.343077
-0.340392
-0.336851
-0.332422
-0.327307
-0.321918
-0.316768
-0.312249
-0.308587
-0.305816
-0.303989
-0.303318
-0.304178
-0.306842
-0.311302
-0.317164
-0.323769
-0.330452
-0.336657
-0.342052
-0.346487
-0.349964
-0.352555
-0.354386
-0.355596
-0.356309
-0.356647
-0.356722
-0.356619
-0.356405
-0.356145
-0.355866
-0.355604
-0.355377
-0.355182
-0.355025
-0.354908
-0.354833
-0.354804
-0.354828
-0.354909
-0.35507
-0.35529
-0.355589
-0.355935
-0.356306
-0.356637
-0.35687
-0.356937
-0.356764
-0.356293
-0.355484
-0.354322
-0.352805
-0.350986
-0.348919
-0.346728
-0.34456
-0.342592
-0.341011
-0.340032
-0.339845
-0.340536
-0.342121
-0.344475
-0.347386
-0.350582
-0.353778
-0.356673
-0.359018
-0.360597
-0.361252
-0.360891
-0.359487
-0.357073
-0.353794
-0.34979
-0.345195
-0.340056
-0.334383
-0.328185
-0.321602
-0.314945
-0.308627
-0.302972
-0.298195
-0.294632
-0.293039
-0.294486
-0.299765
-0.308721
-0.320023
-0.331831
-0.342488
-0.351039
-0.357092
-0.360766
-0.362342
-0.362218
-0.360807
-0.358535
-0.355818
-0.353054
-0.350609
-0.348711
-0.347475
-0.346838
-0.346605
-0.346455
-0.346045
-0.345029
-0.343115
-0.340104
-0.335921
-0.33076
-0.325129
-0.319866
-0.316004
-0.314451
-0.315598
-0.319104
-0.324105
-0.329537
-0.334539
-0.338581
-0.341454
-0.343201
-0.343976
-0.344032
-0.343578
-0.342876
-0.3421
-0.341414
-0.340923
-0.340699
-0.340791
-0.341195
-0.341893
-0.34285
-0.344055
-0.345447
-0.346994
-0.348639
-0.350325
-0.351984
-0.353522
-0.354857
-0.355967
-0.356875
-0.357706
-0.358645
-0.359876
-0.361565
-0.363755
-0.366375
-0.369149
-0.371713
-0.373654
-0.374553
-0.374142
-0.372326
-0.369259
-0.365451
-0.361662
-0.358834
-0.357816
-0.35911
-0.362667
-0.367931
-0.374055
-0.380198
-0.385696
-0.390129
-0.393349
-0.395382
-0.396295
-0.396221
-0.39528
-0.393607
-0.391318
-0.388568
-0.385547
-0.382491
-0.379691
-0.377442
-0.375963
-0.375351
-0.375526
-0.376264
-0.377217
-0.377968
-0.378193
-0.377704
-0.376471
-0.374659
-0.372597
-0.370739
-0.369549
-0.369458
-0.370689
-0.373244
-0.376935
-0.381382
-0.386191
-0.390973
-0.395445
-0.399391
-0.40272
-0.405358
-0.407298
-0.408556
-0.409163
-0.409158
-0.408593
-0.407519
-0.406032
-0.404238
-0.402258
-0.400199
-0.398207
-0.396406
-0.394939
-0.393863
-0.393232
-0.392983
-0.392977
-0.392951
-0.392598
-0.391615
-0.389779
-0.387022
-0.383445
-0.379355
-0.375227
-0.37156
-0.368791
-0.367146
-0.366493
-0.366382
-0.366213
-0.365439
-0.363794
-0.361483
-0.35918
-0.357787
-0.358084
-0.360286
-0.363892
-0.367885
-0.371245
-0.373371
-0.374266
-0.374491
-0.374918
-0.376397
-0.379357
-0.383677
-0.388823
-0.394057
-0.398742
-0.402492
-0.405153
-0.406735
-0.407371
-0.407193
-0.406396
-0.405132
-0.403551
-0.401789
-0.399937
-0.398124
-0.396444
-0.394952
-0.393694
-0.39269
-0.391872
-0.39116
-0.390397
-0.389367
-0.387811
-0.385429
-0.381931
-0.377054
-0.370659
-0.362851
-0.354087
-0.345234
-0.337419
-0.331681
-0.328656
-0.328366
-0.330301
-0.333727
-0.337968
-0.342484
-0.346913
-0.351078
-0.354901
-0.35843
-0.361726
-0.364816
-0.367719
-0.370346
-0.372596
-0.374317
-0.375358
-0.375654
-0.375156
-0.373927
-0.372127
-0.369997
-0.367871
-0.366117
-0.365072
-0.364899
-0.365596
-0.366983
-0.36871
-0.370408
-0.371755
-0.372532
-0.372669
-0.372205
-0.371266
-0.370047
-0.368711
-0.367377
-0.366085
-0.364795
-0.363418
-0.36186
-0.360054
-0.358036
-0.355961
-0.354067
-0.352628
-0.351887
-0.35195
-0.352826
-0.354401
-0.356552
-0.359136
-0.362034
-0.365089
-0.368141
-0.371001
-0.373484
-0.375468
-0.376884
-0.377725
-0.378045
-0.377939
-0.377497
-0.376836
-0.376029
-0.375195
-0.374369
-0.373625
-0.372997
-0.372516
-0.372198
-0.372045
-0.37204
-0.372164
-0.372347
-0.372557
-0.372726
-0.372799
-0.372747
-0.372489
-0.371987
-0.371225
-0.370182
-0.368859
-0.367289
-0.365547
-0.363723
-0.361981
-0.360484
-0.359411
-0.358933
-0.359189
-0.36023
-0.362035
-0.364519
-0.367527
-0.370864
-0.374337
-0.377782
-0.381068
-0.384107
-0.386847
-0.389273
-0.391391
-0.393211
-0.39477
-0.396091
-0.397207
-0.39815
-0.39892
-0.399517
-0.399942
-0.400173
-0.400177
-0.399887
-0.399231
-0.398086
-0.396341
-0.39383
-0.390399
-0.38593
-0.380453
-0.374224
-0.36781
-0.362175
-0.358397
-0.357328
-0.359179
-0.36343
-0.369038
-0.374908
-0.380219
-0.384549
-0.387804
-0.390115
-0.391754
-0.393062
-0.394358
-0.395906
-0.397872
-0.400287
-0.403072
-0.406063
-0.409038
-0.411817
-0.414246
-0.416233
-0.417819
-0.419093
-0.420273
-0.421574
-0.42326
-0.425502
-0.428423
-0.432035
-0.436182
-0.440644
-0.445142
-0.449377
-0.453079
-0.456045
-0.45813
-0.459261
-0.45943
-0.458663
-0.457066
-0.454797
-0.45202
-0.448922
-0.445657
-0.442355
-0.439127
-0.436086
-0.433379
-0.431256
-0.429929
-0.429598
-0.430286
-0.431882
-0.434149
-0.43686
-0.439857
-0.443046
-0.44632
-0.449457
-0.452004
-0.453371
-0.452851
-0.449747
-0.443432
-0.433383
-0.419331
-0.401471
-0.380962
-0.360563
-0.344777
-0.338459
-0.344038
-0.359671
-0.380519
-0.401779
-0.420503
-0.435674
-0.447384
-0.456117
-0.462405
-0.466679
-0.46924
-0.470361
-0.470198
-0.468915
-0.466633
-0.463459
-0.459469
-0.454746
-0.449398
-0.443576
-0.437534
-0.431613
-0.426213
-0.421753
-0.418573
-0.416865
-0.416588
-0.417525
-0.419362
-0.421733
-0.424305
-0.426796
-0.428987
-0.430742
-0.431957
-0.432573
-0.432568
-0.431932
-0.430683
-0.428827
-0.426408
-0.42343
-0.419905
-0.415801
-0.411137
-0.405929
-0.400294
-0.394448
-0.388736
-0.383626
-0.379565
-0.376889
-0.375702
-0.375892
-0.377144
-0.379055
-0.381266
-0.38348
-0.385497
-0.387177
-0.388469
-0.389322
-0.389736
-0.389708
-0.389263
-0.388414
-0.387145
-0.385499
-0.383492
-0.381252
-0.378942
-0.376799
-0.375112
-0.374134
-0.374034
-0.374793
-0.376248
-0.378093
-0.379957
-0.381551
-0.382595
-0.38295
-0.382542
-0.381392
-0.379541
-0.377134
-0.374306
-0.371245
-0.368167
-0.365296
-0.362828
-0.360914
-0.359656
-0.359037
-0.358961
-0.359318
-0.359904
-0.360554
-0.361102
-0.361429
-0.361438
-0.361117
-0.360485
-0.359615
-0.358622
-0.357579
-0.356589
-0.355707
-0.354991
-0.354481
-0.354192
-0.354148
-0.354374
-0.354848
-0.355524
-0.356298
-0.357046
-0.357612
-0.357859
-0.357685
-0.357057
-0.356016
-0.354661
-0.353162
-0.351778
-0.350766
-0.350393
-0.350871
-0.352316
-0.354729
-0.357977
-0.361846
-0.366079
-0.370429
-0.374706
-0.378755
-0.38245
-0.385757
-0.388641
-0.391087
-0.39312
-0.394759
-0.396024
-0.39694
-0.397558
-0.397902
-0.398025
-0.397987
-0.39783
-0.397594
-0.397308
-0.396985
-0.396649
-0.396307
-0.395969
-0.395675
-0.395464
-0.395433
-0.395674
-0.396325
-0.397469
-0.399173
-0.401414
-0.404123
-0.407121
-0.410202
-0.413149
-0.415745
-0.417805
-0.419178
-0.419746
-0.419475
-0.418372
-0.416543
-0.414208
-0.41169
-0.409437
-0.407929
-0.407533
-0.408415
-0.410445
-0.413194
-0.416069
-0.418452
-0.419838
-0.419858
-0.418364
-0.415395
-0.411127
-0.405905
-0.400109
-0.394102
-0.388027
-0.381732
-0.374858
-0.367258
-0.359536
-0.35332
-0.350684
-0.352912
-0.359496
-0.368482
-0.377685
-0.385581
-0.391599
-0.39579
-0.398481
-0.400028
-0.400753
-0.400945
-0.400842
-0.40067
-0.400619
-0.400796
-0.401214
-0.401815
-0.402435
-0.402896
-0.403037
-0.402708
-0.401848
-0.400461
-0.39864
-0.396499
-0.394197
-0.391916
-0.389796
-0.387934
-0.38637
-0.385076
-0.383971
-0.382978
-0.381958
-0.380797
-0.379403
-0.377697
-0.375615
-0.373113
-0.370173
-0.366763
-0.36287
-0.358524
-0.353746
-0.348597
-0.343161
-0.337545
-0.331907
-0.326408
-0.321245
-0.316602
-0.31266
-0.309545
-0.307292
-0.305889
-0.305236
-0.305245
-0.305817
-0.306926
-0.308626
-0.311014
-0.314155
-0.318009
-0.322431
-0.327147
-0.331834
-0.336189
-0.339968
-0.342995
-0.345221
-0.34665
-0.347349
-0.347396
-0.346903
-0.345959
-0.344713
-0.343259
-0.341704
-0.340154
-0.338708
-0.337445
-0.33638
-0.335542
-0.334913
-0.334473
-0.334181
-0.333957
-0.333767
-0.333565
-0.333314
-0.33297
-0.332452
-0.331632
-0.330341
-0.328384
-0.325537
-0.321736
-0.317183
-0.312447
-0.308538
-0.306634
-0.307613
-0.311608
-0.31791
-0.325347
-0.332749
-0.339336
-0.344759
-0.349007
-0.352237
-0.354659
-0.356459
-0.357779
-0.358735
-0.359359
-0.359694
-0.359758
-0.359583
-0.359158
-0.358438
-0.357313
-0.355551
-0.352821
-0.348683
-0.342657
-0.334392
-0.323904
-0.311997
-0.300518
-0.292108
-0.289169
-0.292564
-0.300994
-0.311925
-0.322878
-0.332256
-0.339355
-0.344062
-0.346548
-0.347042
-0.345814
-0.343201
-0.339635
-0.335783
-0.332392
-0.330274
-0.330003
-0.331767
-0.33525
-0.339812
-0.344689
-0.349241
-0.353053
-0.355955
-0.357932
-0.359077
-0.359535
-0.359461
-0.358972
-0.358188
-0.357191
-0.356045
-0.354778
-0.353452
-0.352058
-0.350647
-0.349218
-0.347788
-0.346399
-0.345079
-0.343858
-0.342794
-0.341919
-0.341255
-0.340859
-0.340726
-0.340848
-0.341227
-0.341809
-0.342538
-0.343344
-0.344137
-0.3448
-0.345244
-0.345299
-0.344818
-0.343603
-0.341448
-0.338213
-0.333839
-0.328563
-0.322959
-0.318015
-0.314934
-0.314659
-0.317487
-0.322823
-0.329462
-0.33609
-0.341717
-0.345802
-0.348132
-0.348821
-0.348115
-0.34637
-0.343976
-0.341327
-0.338734
-0.336432
-0.334493
-0.332932
-0.331749
-0.330957
-0.330679
-0.331023
-0.33209
-0.333861
-0.33617
-0.338753
-0.341295
-0.343492
-0.345114
-0.346064
-0.346358
-0.346133
-0.345581
-0.344943
-0.344446
-0.344265
-0.344569
-0.345509
-0.347296
-0.35014
-0.354104
-0.359095
-0.364741
-0.370513
-0.375822
-0.38018
-0.38326
-0.384861
-0.384953
-0.383592
-0.380933
-0.37724
-0.372904
-0.368439
-0.36445
-0.361511
-0.360054
-0.360208
-0.361858
-0.364722
-0.368453
-0.372789
-0.377561
-0.382665
-0.388025
-0.393508
-0.398925
-0.404026
-0.408549
-0.412249
-0.414888
-0.416317
-0.416479
-0.415407
-0.413317
-0.410572
-0.407727
-0.40534
-0.403901
-0.403599
-0.404245
-0.405337
-0.406247
-0.406454
-0.405643
-0.403816
-0.401188
-0.398099
-0.394891
-0.391789
-0.388947
-0.386407
-0.384207
-0.382334
-0.380753
-0.379341
-0.377889
-0.37616
-0.373993
-0.371461
-0.368848
-0.366645
-0.365313
-0.365162
-0.366326
-0.368738
-0.372276
-0.376795
-0.382065
-0.387771
-0.393517
-0.398882
-0.403439
-0.406835
-0.408775
-0.409042
-0.407541
-0.404285
-0.399468
-0.393462
-0.386904
-0.380576
-0.375275
-0.371596
-0.369882
-0.370151
-0.37223
-0.375866
-0.380687
-0.38618
-0.391822
-0.397076
-0.401458
-0.404617
-0.406383
-0.406713
-0.405699
-0.403553
-0.400629
-0.397356
-0.394258
-0.391808
-0.390322
-0.389936
-0.390461
-0.391517
-0.392585
-0.39318
-0.392929
-0.391695
-0.389536
-0.386735
-0.383763
-0.381118
-0.37928
-0.378572
-0.379086
-0.380613
-0.382684
-0.384728
-0.386147
-0.38663
-0.386288
-0.385676
-0.385637
-0.386902
-0.389632
-0.393351
-0.397196
-0.400327
-0.402243
-0.402846
-0.402347
-0.401109
-0.399503
-0.397821
-0.396267
-0.394927
-0.393811
-0.392917
-0.392264
-0.391944
-0.392092
-0.392873
-0.394428
-0.396827
-0.400002
-0.403783
-0.407891
-0.412018
-0.415886
-0.419262
-0.421978
-0.423956
-0.42517
-0.425663
-0.425474
-0.424695
-0.423364
-0.421499
-0.419095
-0.416093
-0.41246
-0.408243
-0.403542
-0.398568
-0.393538
-0.388652
-0.384029
-0.379791
-0.376045
-0.372855
-0.37029
-0.368259
-0.366599
-0.365108
-0.363677
-0.3623
-0.361138
-0.360464
-0.360591
-0.36176
-0.364072
-0.367413
-0.371496
-0.375984
-0.380544
-0.38496
-0.389067
-0.392806
-0.396141
-0.399041
-0.401507
-0.403508
-0.40505
-0.406155
-0.406872
-0.407215
-0.407249
-0.407034
-0.406613
-0.406033
-0.40534
-0.404583
-0.403778
-0.402972
-0.40219
-0.40145
-0.400761
-0.400156
-0.399607
-0.399127
-0.398701
-0.398319
-0.397941
-0.39754
-0.397112
-0.396655
-0.396158
-0.395636
-0.395104
-0.394573
-0.394036
-0.393482
-0.392877
-0.392163
-0.391312
-0.390281
-0.389055
-0.387678
-0.386239
-0.384864
-0.3837
-0.38292
-0.382653
-0.382966
-0.383884
-0.385354
-0.387286
-0.389544
-0.392033
-0.394665
-0.39735
-0.400013
-0.40262
-0.405097
-0.407397
-0.40945
-0.411163
-0.412407
-0.413002
-0.412692
-0.411149
-0.407958
-0.402715
-0.395139
-0.385297
-0.373916
-0.362563
-0.353316
-0.347922
-0.346861
-0.34915
-0.353127
-0.357485
-0.361701
-0.365918
-0.370564
-0.375954
-0.382109
-0.388739
-0.395339
-0.401344
-0.406293
-0.409879
-0.41197
-0.412562
-0.411802
-0.409921
-0.407188
-0.403908
-0.400388
-0.396872
-0.393542
-0.390479
-0.387667
-0.38507
-0.382592
-0.38018
-0.377871
-0.37576
-0.374064
-0.373
-0.37276
-0.373391
-0.374777
-0.376665
-0.378711
-0.380604
-0.382084
-0.38298
-0.383212
-0.38274
-0.381574
-0.379776
-0.377475
-0.37489
-0.372359
-0.370269
-0.369051
-0.369049
-0.370383
-0.372945
-0.37638
-0.380231
-0.384041
-0.387475
-0.390295
-0.392422
-0.393856
-0.394647
-0.394878
-0.394648
-0.394059
-0.393246
-0.392324
-0.39144
-0.390714
-0.390281
-0.390258
-0.390695
-0.39161
-0.392919
-0.394476
-0.396118
-0.39763
-0.398789
-0.39938
-0.399248
-0.398259
-0.396342
-0.393552
-0.39001
-0.385952
-0.381672
-0.377471
-0.373531
-0.369875
-0.366466
-0.36325
-0.360312
-0.357918
-0.356497
-0.356468
-0.35818
-0.361765
-0.367152
-0.374023
-0.381859
-0.390006
-0.39778
-0.404594
-0.409965
-0.413596
-0.415319
-0.415071
-0.412816
-0.408531
-0.402153
-0.393626
-0.38296
-0.370508
-0.357285
-0.345279
-0.337302
-0.336187
-0.343265
-0.357424
-0.375642
-0.39446
-0.411226
-0.424523
-0.433809
-0.438974
-0.440032
-0.436961
-0.429911
-0.41954
-0.407477
-0.396298
-0.388698
-0.385985
-0.387275
-0.390235
-0.392659
-0.393444
-0.392648
-0.390948
-0.389137
-0.387791
-0.387159
-0.387233
-0.38783
-0.388752
-0.389852
-0.391076
-0.392406
-0.393809
-0.395199
-0.396398
-0.397159
-0.397208
-0.396256
-0.394131
-0.390755
-0.386316
-0.381206
-0.376077
-0.371721
-0.368917
-0.368171
-0.369571
-0.372765
-0.377071
-0.381727
-0.386052
-0.389598
-0.392144
-0.393622
-0.394142
-0.393848
-0.392906
-0.391509
-0.389822
-0.388006
-0.38619
-0.384495
-0.383029
-0.381847
-0.381025
-0.380589
-0.380558
-0.380927
-0.381684
-0.382805
-0.384241
-0.385969
-0.387933
-0.390094
-0.39243
-0.394882
-0.397425
-0.400002
-0.40256
-0.405035
-0.407316
-0.409321
-0.410903
-0.411901
-0.412135
-0.411385
-0.409465
-0.406222
-0.401581
-0.39562
-0.388659
-0.381222
-0.374045
-0.367951
-0.363687
-0.361723
-0.362148
-0.364656
-0.368698
-0.373612
-0.378814
-0.383804
-0.388172
-0.391551
-0.393562
-0.393748
-0.39155
-0.386402
-0.377931
-0.366202
-0.352072
-0.337234
-0.323942
-0.314213
-0.3092
-0.30911
-0.313491
-0.321644
-0.332714
-0.345667
-0.359251
-0.372286
-0.383806
-0.393311
-0.400753
-0.406353
-0.410484
-0.413536
-0.41583
-0.417631
-0.419089
-0.420329
-0.421332
-0.422071
-0.422457
-0.422396
-0.421813
-0.420672
-0.419016
-0.416981
-0.414743
-0.412545
-0.410683
-0.409411
-0.408942
-0.40938
-0.41073
-0.412851
-0.415499
-0.418434
-0.421378
-0.424091
-0.42639
-0.42811
-0.429136
-0.429346
-0.428653
-0.426958
-0.424208
-0.420355
-0.415427
-0.409513
-0.402815
-0.395643
-0.388443
-0.381773
-0.37623
-0.372368
-0.370545
-0.370852
-0.373119
-0.376917
-0.381733
-0.387016
-0.392264
-0.397066
-0.401099
-0.404151
-0.406093
-0.406873
-0.406561
-0.405289
-0.403253
-0.400713
-0.397964
-0.395229
-0.392718
-0.390557
-0.388856
-0.387729
-0.387279
-0.38766
-0.388981
-0.391261
-0.394448
-0.398368
-0.402725
-0.407164
-0.411317
-0.414859
-0.417502
-0.419039
-0.419315
-0.41826
-0.415828
-0.412032
-0.406993
-0.400912
-0.394147
-0.387154
-0.380477
-0.374649
-0.370097
-0.367005
-0.365293
-0.364708
-0.364863
-0.365374
-0.365984
-0.366563
-0.367142
-0.367827
-0.368777
-0.370143
-0.372005
-0.374375
-0.377192
-0.380303
-0.383514
-0.386642
-0.389509
-0.39197
-0.39394
-0.39538
-0.39628
-0.396669
-0.396588
-0.396085
-0.395231
-0.394067
-0.392648
-0.391005
-0.389171
-0.387145
-0.384935
-0.382547
-0.380005
-0.37735
-0.374628
-0.371921
-0.369316
-0.366953
-0.364929
-0.36332
-0.362169
-0.361424
-0.361011
-0.360803
-0.360633
-0.360342
-0.359773
-0.358796
-0.357324
-0.35533
-0.35284
-0.349958
-0.34688
-0.343898
-0.341403
-0.339749
-0.339212
-0.339909
-0.341728
-0.344435
-0.34767
-0.351111
-0.354509
-0.357671
-0.360516
-0.363016
-0.365191
-0.367052
-0.368642
-0.369984
-0.371068
-0.371889
-0.372404
-0.372567
-0.3723
-0.37151
-0.370061
-0.367807
-0.364597
-0.360272
-0.354706
-0.347893
-0.340038
-0.331725
-0.323951
-0.318061
-0.315264
-0.316107
-0.320117
-0.326048
-0.332502
-0.338391
-0.34317
-0.346745
-0.349283
-0.351072
-0.352401
-0.353535
-0.354693
-0.356059
-0.357747
-0.359864
-0.362426
-0.365357
-0.368579
-0.371926
-0.375253
-0.378405
-0.38122
-0.38354
-0.385204
-0.38603
-0.38575
-0.384062
-0.380614
-0.375174
-0.367772
-0.359061
-0.350525
-0.34438
-0.342723
-0.346363
-0.354305
-0.364423
-0.374557
-0.383291
-0.390048
-0.394809
-0.3978
-0.399303
-0.399597
-0.398899
-0.397488
-0.395679
-0.39386
-0.392493
-0.391987
-0.392572
-0.394164
-0.396287
-0.398074
-0.398276
-0.395394
-0.387812
-0.374232
-0.354921
-0.333687
-0.318513
-0.317538
-0.331962
-0.354933
-0.378039
-0.396571
-0.409636
-0.418167
-0.423447
-0.426497
-0.427992
-0.428319
-0.427635
-0.426041
-0.423603
-0.420429
-0.416771
-0.413047
-0.409819
-0.407732
-0.407309
-0.408671
-0.411494
-0.415026
-0.418282
-0.420294
-0.420181
-0.417266
-0.411079
-0.401616
-0.38974
-0.377696
-0.369106
-0.367554
-0.374273
-0.387115
-0.401985
-0.415222
-0.424753
-0.429908
-0.430782
-0.427715
-0.421211
-0.411984
-0.401332
-0.391298
-0.384402
-0.382683
-0.386649
-0.394961
-0.405241
-0.41526
-0.423623
-0.429768
-0.433649
-0.435536
-0.435724
-0.43448
-0.432049
-0.428593
-0.424281
-0.419293
-0.413831
-0.408131
-0.402475
-0.397213
-0.39266
-0.389162
-0.386979
-0.386215
-0.386815
-0.388515
-0.390929
-0.393562
-0.395941
-0.397661
-0.398411
-0.398014
-0.396391
-0.393612
-0.389867
-0.385528
-0.381105
-0.377216
-0.374471
-0.373309
-0.373869
-0.375975
-0.379226
-0.383121
-0.387197
-0.391082
-0.394577
-0.397527
-0.399862
-0.40154
-0.402565
-0.402937
-0.402682
-0.40182
-0.400391
-0.398456
-0.396061
-0.393303
-0.390258
-0.387011
-0.383689
-0.380398
-0.377235
-0.374321
-0.371743
-0.369541
-0.367759
-0.366378
-0.365368
-0.364662
-0.3642
-0.363919
-0.363758
-0.363667
-0.363624
-0.363619
-0.363651
-0.363751
-0.363938
-0.364256
-0.364725
-0.365388
-0.366224
-0.36721
-0.368274
-0.369299
-0.370132
-0.370546
-0.370275
-0.369009
-0.366433
-0.362269
-0.356396
-0.348997
-0.340697
-0.332681
-0.326306
-0.322581
-0.321612
-0.322572
-0.324338
-0.326217
-0.328233
-0.330867
-0.334532
-0.339134
-0.344124
-0.348783
-0.352577
-0.355315
-0.35708
-0.358103
-0.358634
-0.358831
-0.358758
-0.358368
-0.357619
-0.356557
-0.355315
-0.354162
-0.353435
-0.353428
-0.354269
-0.355865
-0.357869
-0.35978
-0.361063
-0.361259
-0.360079
-0.357474
-0.353693
-0.349212
-0.344719
-0.340917
-0.338344
-0.337299
-0.337766
-0.339501
-0.342116
-0.345212
-0.348487
-0.351771
-0.355052
-0.358485
-0.362296
-0.36668
-0.37171
-0.377216
-0.382947
-0.388566
-0.393775
-0.398419
-0.402412
-0.405785
-0.408573
-0.410861
-0.41268
-0.414042
-0.414961
-0.415413
-0.415371
-0.414781
-0.413602
-0.411821
-0.409413
-0.406376
-0.402777
-0.398719
-0.394328
-0.389793
-0.385274
-0.380844
-0.376428
-0.37177
-0.366566
-0.360622
-0.354137
-0.347891
-0.343189
-0.3415
-0.343888
-0.350468
-0.360353
-0.371952
-0.383505
-0.393596
-0.401321
-0.406298
-0.408505
-0.408132
-0.405411
-0.400635
-0.394128
-0.386307
-0.377871
-0.36983
-0.363521
-0.3603
-0.360938
-0.36518
-0.371789
-0.379126
-0.385811
-0.390962
-0.394294
-0.395873
-0.396007
-0.39507
-0.39348
-0.391666
-0.390029
-0.388933
-0.388599
-0.38909
-0.390282
-0.391936
-0.393767
-0.39554
-0.397132
-0.398502
-0.399744
-0.400972
-0.402289
-0.403737
-0.405329
-0.407021
-0.408737
-0.410401
-0.411917
-0.41321
-0.414192
-0.41476
-0.41482
-0.41426
-0.413001
-0.410952
-0.408106
-0.404561
-0.40058
-0.39655
-0.392934
-0.390174
-0.388499
-0.387911
-0.388147
-0.388848
-0.389693
-0.390433
-0.390954
-0.391167
-0.390976
-0.390228
-0.388718
-0.386227
-0.382566
-0.377655
-0.371641
-0.364949
-0.358294
-0.352712
-0.349253
-0.348678
-0.351252
-0.356555
-0.363655
-0.371419
-0.378828
-0.385118
-0.389826
-0.392801
-0.394056
-0.393728
-0.392019
-0.389164
-0.385512
-0.381413
-0.377267
-0.373508
-0.370528
-0.368582
-0.367775
-0.368024
-0.369132
-0.37083
-0.372851
-0.374973
-0.37707
-0.379033
-0.380832
-0.382434
-0.383843
-0.385051
-0.386026
-0.386735
-0.38713
-0.387143
-0.386695
-0.385723
-0.384166
-0.381997
-0.379289
-0.376193
-0.37298
-0.37003
-0.36771
-0.366334
-0.366035
-0.366727
-0.36815
-0.370017
-0.372073
-0.374157
-0.376276
-0.378459
-0.380729
-0.383086
-0.385425
-0.387573
-0.389351
-0.39055
-0.391059
-0.390876
-0.390124
-0.389033
-0.387913
-0.387092
-0.386773
-0.386991
-0.387585
-0.388314
-0.388837
-0.388888
-0.388286
-0.386975
-0.385033
-0.38262
-0.379986
-0.377419
-0.375262
-0.373783
-0.373192
-0.373606
-0.375028
-0.377322
-0.380281
-0.383649
-0.387138
-0.390504
-0.393538
-0.396118
-0.398165
-0.399758
-0.400997
-0.402051
-0.403111
-0.404327
-0.405765
-0.407362
-0.409018
-0.410577
-0.411845
-0.412677
-0.41298
-0.412739
-0.411962
-0.410703
-0.40904
-0.407051
-0.404807
-0.402372
-0.399825
-0.397234
-0.394677
-0.392291
-0.390218
-0.388712
-0.38801
-0.388393
-0.390085
-0.393188
-0.397625
-0.403062
-0.409039
-0.415021
-0.420552
-0.425283
-0.428955
-0.43149
-0.432832
-0.432971
-0.431931
-0.429743
-0.42644
-0.422123
-0.416943
-0.411145
-0.405089
-0.399206
-0.393914
-0.389573
-0.386378
-0.384278
-0.383076
-0.382455
-0.382079
-0.381647
-0.380967
-0.379994
-0.378813
-0.377633
-0.376779
-0.376595
-0.377354
-0.379192
-0.382071
-0.385798
-0.390022
-0.394367
-0.398501
-0.402158
-0.405186
-0.407525
-0.409186
-0.410232
-0.410728
-0.410755
-0.410403
-0.409741
-0.408853
-0.407851
-0.406815
-0.405848
-0.405037
-0.404434
-0.404032
-0.40377
-0.403566
-0.403305
-0.402877
-0.402195
-0.401226
-0.400004
-0.398528
-0.396854
-0.394968
-0.392809
-0.390198
-0.386929
-0.382785
-0.377648
-0.371691
-0.365351
-0.359397
-0.354801
-0.352377
-0.352524
-0.354985
-0.358909
-0.363149
-0.366713
-0.369071
-0.370325
-0.371103
-0.372249
-0.374465
-0.378027
-0.382695
-0.387873
-0.392962
-0.397468
-0.401105
-0.40379
-0.405585
-0.406586
-0.406912
-0.406664
-0.405934
-0.404754
-0.403134
-0.401034
-0.398385
-0.395133
-0.391228
-0.386707
-0.381727
-0.376637
-0.371957
-0.368245
-0.365969
-0.365374
-0.366342
-0.368469
-0.371241
-0.374126
-0.3767
-0.378659
-0.37983
-0.380128
-0.379509
-0.377991
-0.375654
-0.372681
-0.369344
-0.366044
-0.36322
-0.361258
-0.360395
-0.360686
-0.362055
-0.364376
-0.367526
-0.371389
-0.375843
-0.380731
-0.385832
-0.390932
-0.395827
-0.400347
-0.404365
-0.407833
-0.410685
-0.412931
-0.414592
-0.415723
-0.416394
-0.416677
-0.416673
-0.416467
-0.41617
-0.415822
-0.415448
-0.415035
-0.414544
-0.413831
-0.412729
-0.410981
-0.408321
-0.404387
-0.398917
-0.391697
-0.382662
-0.371875
-0.359491
-0.34572
-0.331018
-0.316436
-0.30407
-0.296952
-0.297853
-0.307545
-0.324047
-0.343679
-0.362829
-0.379083
-0.3914
-0.399609
-0.404074
-0.405391
-0.404233
-0.401308
-0.397324
-0.392917
-0.388644
-0.384872
-0.381682
-0.378899
-0.376161
-0.373008
-0.369035
-0.363966
-0.357676
-0.350248
-0.341968
-0.333308
-0.324938
-0.317665
-0.312289
-0.309453
-0.309441
-0.312092
-0.316891
-0.323046
-0.329785
-0.336449
-0.342603
-0.348011
-0.35256
-0.356245
-0.359133
-0.361304
-0.362858
-0.363852
-0.364349
-0.36438
-0.363938
-0.363017
-0.361577
-0.359593
-0.357041
-0.35393
-0.350279
-0.346195
-0.341795
-0.337187
-0.332429
-0.327451
-0.322047
-0.315986
-0.309186
-0.301987
-0.295466
-0.291231
-0.290823
-0.294779
-0.302045
-0.310419
-0.317414
-0.321038
-0.320033
-0.31388
-0.303117
-0.289822
-0.277889
-0.271842
-0.274158
-0.28353
-0.296018
-0.307764
-0.316665
-0.32226
-0.325086
-0.325956
-0.325731
-0.325146
-0.324727
-0.324832
-0.325627
-0.327091
-0.329089
-0.331386
-0.333669
-0.335666
-0.337099
-0.337765
-0.337593
-0.336628
-0.335045
-0.333168
-0.33139
-0.330102
-0.329589
-0.329982
-0.331153
-0.332878
-0.334861
-0.33683
-0.338609
-0.340126
-0.341384
-0.342465
-0.34344
-0.344408
-0.34542
-0.346459
-0.347502
-0.348496
-0.349324
-0.349896
-0.350103
-0.349813
-0.348951
-0.347385
-0.345017
-0.341766
-0.337549
-0.332337
-0.326228
-0.319516
-0.312741
-0.306714
-0.3023
-0.300143
-0.300384
-0.302551
-0.305769
-0.309105
-0.311866
-0.313677
-0.314441
-0.314279
-0.313396
-0.311979
-0.310235
-0.308365
-0.306601
-0.305173
-0.30435
-0.304409
-0.305484
-0.307675
-0.310863
-0.314833
-0.319276
-0.323826
-0.328093
-0.331723
-0.334348
-0.335569
-0.334992
-0.332203
-0.326893
-0.319063
-0.309364
-0.299308
-0.291173
-0.28708
-0.287837
-0.292405
-0.29866
-0.304533
-0.30881
-0.311149
-0.311789
-0.311234
-0.309998
-0.308609
-0.307501
-0.306997
-0.30727
-0.308257
-0.309715
-0.311293
-0.312626
-0.313466
-0.31373
-0.313487
-0.312937
-0.312331
-0.311911
-0.311832
-0.312149
-0.31279
-0.31364
-0.314524
-0.315313
-0.315887
-0.316142
-0.316056
-0.315585
-0.314723
-0.313487
-0.311915
-0.310139
-0.308352
-0.306821
-0.305826
-0.305617
-0.306327
-0.307953
-0.310231
-0.31282
-0.315315
-0.317342
-0.318604
-0.31895
-0.318324
-0.316805
-0.314558
-0.311848
-0.308995
-0.306385
-0.304452
-0.303598
-0.304158
-0.306279
-0.309852
-0.314519
-0.319758
-0.324998
-0.329773
-0.333774
-0.336832
-0.338908
-0.340023
-0.340245
-0.339643
-0.338275
-0.336188
-0.333454
-0.330162
-0.326509
-0.322824
-0.319556
-0.317288
-0.316503
-0.317463
-0.320075
-0.323889
-0.328275
-0.33259
-0.336347
-0.339217
-0.341067
-0.341889
-0.341781
-0.340838
-0.339238
-0.337163
-0.334785
-0.332305
-0.329937
-0.327878
-0.32633
-0.325426
-0.325239
-0.32579
-0.326988
-0.3287
-0.33075
-0.332957
-0.335143
-0.33723
-0.33926
-0.341317
-0.343592
-0.346273
-0.349464
-0.35315
-0.357173
-0.361256
-0.36511
-0.368449
-0.371053
-0.372812
-0.373694
-0.373793
-0.373249
-0.372267
-0.371098
-0.369992
-0.369179
-0.368829
-0.369046
-0.369815
-0.371027
-0.372528
-0.37405
-0.375318
-0.376014
-0.375814
-0.374393
-0.371449
-0.366807
-0.360446
-0.352647
-0.344093
-0.335794
-0.328873
-0.324281
-0.32253
-0.323687
-0.327523
-0.333655
-0.341589
-0.350756
-0.360528
-0.370263
-0.379402
-0.387497
-0.394223
-0.399409
-0.402893
-0.404517
-0.40411
-0.401495
-0.39662
-0.389613
-0.381007
-0.371734
-0.363048
-0.356181
-0.35195
-0.350523
-0.351525
-0.354256
-0.358021
-0.362207
-0.366407
-0.370385
-0.373988
-0.377252
-0.380269
-0.383205
-0.386217
-0.389455
-0.39297
-0.396751
-0.400703
-0.404701
-0.408596
-0.412265
-0.415611
-0.418559
-0.42106
-0.423125
-0.424736
-0.425943
-0.426753
-0.427204
-0.427352
-0.427247
-0.426972
-0.426611
-0.426283
-0.426096
-0.42618
-0.426613
-0.427463
-0.428763
-0.430454
-0.432491
-0.434725
-0.437022
-0.439187
-0.441031
-0.442412
-0.443207
-0.44343
-0.443196
-0.442768
-0.442542
-0.442939
-0.444263
-0.446545
-0.449545
-0.452784
-0.455653
-0.457597
-0.458189
-0.457235
-0.454698
-0.450814
-0.446059
-0.44109
-0.436622
-0.433274
-0.431395
-0.430886
-0.431315
-0.432062
-0.432544
-0.432411
-0.431581
-0.430218
-0.428563
-0.426819
-0.42497
-0.42287
-0.420212
-0.416719
-0.412305
-0.407478
-0.403461
-0.402202
-0.405487
-0.413869
-0.426157
-0.440011
-0.45314
-0.464143
-0.4726
-0.478788
-0.483299
-0.486787
-0.489772
-0.492577
-0.495338
-0.498058
-0.500581
-0.502726
-0.504291
-0.505146
-0.505167
-0.50431
-0.502569
-0.49999
-0.496644
-0.492657
-0.488168
-0.483362
-0.478455
-0.473692
-0.469306
-0.465506
-0.462456
-0.460243
-0.458847
-0.458203
-0.458166
-0.458572
-0.45925
-0.46005
-0.460819
-0.461471
-0.46192
-0.462099
-0.461946
-0.461401
-0.460415
-0.458947
-0.456982
-0.454503
-0.451578
-0.448297
-0.444866
-0.441541
-0.438644
-0.436438
-0.435139
-0.434796
-0.435266
-0.436277
-0.437528
-0.438687
-0.439496
-0.439724
-0.439174
-0.43768
-0.435053
-0.431142
-0.42578
-0.418896
-0.410539
-0.400901
-0.390414
-0.379808
-0.370197
-0.363084
-0.359961
-0.361787
-0.368467
-0.378739
-0.390668
-0.402205
-0.411731
-0.418211
-0.421149
-0.420431
-0.416277
-0.40922
-0.400078
-0.389987
-0.380268
-0.372211
-0.366688
-0.363903
-0.363358
-0.364143
-0.365318
-0.366338
-0.367105
-0.367857
-0.36892
-0.37046
-0.372418
-0.374504
-0.376345
-0.377537
-0.377799
-0.377068
-0.375409
-0.373104
-0.370554
-0.368185
-0.366439
-0.365636
-0.365917
-0.367293
-0.369565
-0.372432
-0.375543
-0.378561
-0.381157
-0.383072
-0.384089
-0.384047
-0.382829
-0.380361
-0.376621
-0.371725
-0.365909
-0.359567
-0.35325
-0.347568
-0.343017
-0.339901
-0.338208
-0.337696
-0.338021
-0.338831
-0.339864
-0.340913
-0.341812
-0.342401
-0.342499
-0.341948
-0.340621
-0.338513
-0.335781
-0.332778
-0.330006
-0.328042
-0.327298
-0.327922
-0.329719
-0.332235
-0.334971
-0.33748
-0.33945
-0.340739
-0.341362
-0.34138
-0.3409
-0.34003
-0.338882
-0.337513
-0.335985
-0.334298
-0.332448
-0.330396
-0.328132
-0.325614
-0.322855
-0.319914
-0.316942
-0.314163
-0.311824
-0.310196
-0.309507
-0.309858
-0.311225
-0.313459
-0.316349
-0.319645
-0.323131
-0.326636
-0.330034
-0.333255
-0.336228
-0.338948
-0.341403
-0.343553
-0.345414
-0.346972
-0.348216
-0.349145
-0.349727
-0.349949
-0.349792
-0.349212
-0.348171
-0.346671
-0.3447
-0.342315
-0.339642
-0.336877
-0.334332
-0.332398
-0.331472
-0.331895
-0.333872
-0.337373
-0.342172
-0.347883
-0.354089
-0.360417
-0.366578
-0.372401
-0.377811
-0.382803
-0.387409
-0.391647
-0.395565
-0.399152
-0.402382
-0.405232
-0.407658
-0.409646
-0.411147
-0.412175
-0.412704
-0.412779
-0.41242
-0.411628
-0.410431
-0.408802
-0.406649
-0.403868
-0.400229
-0.395494
-0.389415
-0.381854
-0.372867
-0.362824
-0.35246
-0.342834
-0.334946
-0.329451
-0.326438
-0.325399
-0.325528
-0.326028
-0.32649
-0.327091
-0.328595
-0.33204
-0.338097
-0.346602
-0.356509
-0.366385
-0.374957
-0.38145
-0.385623
-0.387542
-0.387504
-0.385782
-0.382704
-0.378692
-0.374352
-0.370568
-0.368306
-0.368288
-0.370624
-0.374795
-0.379791
-0.38463
-0.388567
-0.391202
-0.392416
-0.392293
-0.390972
-0.388629
-0.385444
-0.381616
-0.377352
-0.372887
-0.368449
-0.364307
-0.360658
-0.357626
-0.355189
-0.353226
-0.351554
-0.34987
-0.347917
-0.345534
-0.34273
-0.339725
-0.337017
-0.33529
-0.335152
-0.336894
-0.340277
-0.344582
-0.348862
-0.352197
-0.353895
-0.353535
-0.35097
-0.346286
-0.339813
-0.332131
-0.32408
-0.316669
-0.310928
-0.307617
-0.30704
-0.309038
-0.31303
-0.318318
-0.32418
-0.330107
-0.335701
-0.34077
-0.345223
-0.349037
-0.352239
-0.354865
-0.35699
-0.358674
-0.360006
-0.361079
-0.361944
-0.362665
-0.36327
-0.363749
-0.364056
-0.364114
-0.363821
-0.36303
-0.361643
-0.359586
-0.356857
-0.353494
-0.349641
-0.345478
-0.341242
-0.337146
-0.333391
-0.330164
-0.327683
-0.326113
-0.325618
-0.326234
-0.327839
-0.330182
-0.33287
-0.335553
-0.337928
-0.339814
-0.341149
-0.341915
-0.342046
-0.341392
-0.339671
-0.336566
-0.331902
-0.325753
-0.318653
-0.311467
-0.305269
-0.301073
-0.299605
-0.301227
-0.305761
-0.31248
-0.320231
-0.327792
-0.334191
-0.338937
-0.341957
-0.343453
-0.343767
-0.343264
-0.342276
-0.341073
-0.339824
-0.338648
-0.337587
-0.336664
-0.335866
-0.335181
-0.334591
-0.334082
-0.333666
-0.33334
-0.333082
-0.332859
-0.332633
-0.332357
-0.331976
-0.331442
-0.330716
-0.329772
-0.328617
-0.32728
-0.325798
-0.324248
-0.322692
-0.321215
-0.319908
-0.318826
-0.318009
-0.317486
-0.317227
-0.317246
-0.317457
-0.317827
-0.318283
-0.318792
-0.319323
-0.319866
-0.320435
-0.321056
-0.321747
-0.322535
-0.323437
-0.324471
-0.325633
-0.326932
-0.328323
-0.32978
-0.331266
-0.332716
-0.334073
-0.335268
-0.33619
-0.336757
-0.336816
-0.336218
-0.334771
-0.332299
-0.328675
-0.323874
-0.318101
-0.311868
-0.305988
-0.301465
-0.299133
-0.299291
-0.301696
-0.305678
-0.310469
-0.315508
-0.32046
-0.325161
-0.329518
-0.333455
-0.336855
-0.339674
-0.341834
-0.343306
-0.344126
-0.344363
-0.344124
-0.343518
-0.342721
-0.341863
-0.341117
-0.34059
-0.340377
-0.340516
-0.340977
-0.341723
-0.342683
-0.343777
-0.344956
-0.346144
-0.347349
-0.348576
-0.349824
-0.351117
-0.352481
-0.353924
-0.355422
-0.356929
-0.358402
-0.359725
-0.360794
-0.361449
-0.3615
-0.360733
-0.358916
-0.355816
-0.351212
-0.344985
-0.337181
-0.328115
-0.318425
-0.309123
-0.301491
-0.296738
-0.295672
-0.298428
-0.304393
-0.31248
-0.321456
-0.330291
-0.338253
-0.344934
-0.350217
-0.354167
-0.356904
-0.358627
-0.359489
-0.359681
-0.35935
-0.35868
-0.357835
-0.356979
-0.356292
-0.355933
-0.356038
-0.356673
-0.357841
-0.359469
-0.361433
-0.363558
-0.365656
-0.367547
-0.369088
-0.370194
-0.37081
-0.370946
-0.370605
-0.369876
-0.368829
-0.367585
-0.366236
-0.364877
-0.363624
-0.362552
-0.361726
-0.361142
-0.360817
-0.360684
-0.360701
-0.360759
-0.360755
-0.360553
-0.360029
-0.359055
-0.357545
-0.355413
-0.352651
-0.349323
-0.345598
-0.341753
-0.33814
-0.335185
-0.333264
-0.33264
-0.3334
-0.335408
-0.338427
-0.342108
-0.346112
-0.350153
-0.35401
-0.357551
-0.360712
-0.363435
-0.365703
-0.367452
-0.368569
-0.368849
-0.368017
-0.365787
-0.3619
-0.356224
-0.348937
-0.340695
-0.332732
-0.326601
-0.32368
-0.324463
-0.328343
-0.333907
-0.339543
-0.343822
-0.34567
-0.344257
-0.338956
-0.329484
-0.316417
-0.301922
-0.29002
-0.285387
-0.290455
-0.303522
-0.320195
-0.33623
-0.349219
-0.358479
-0.364371
-0.367543
-0.36862
-0.368165
-0.366607
-0.36425
-0.361336
-0.358097
-0.354707
-0.351352
-0.348182
-0.345371
-0.343068
-0.341389
-0.340396
-0.340067
-0.340319
-0.341005
-0.341916
-0.342866
-0.343655
-0.344182
-0.344342
-0.344118
-0.343534
-0.342629
-0.341456
-0.340054
-0.338436
-0.336616
-0.334533
-0.332142
-0.329418
-0.326346
-0.323
-0.319593
-0.31647
-0.314122
-0.313032
-0.313545
-0.315681
-0.319084
-0.323169
-0.327288
-0.330888
-0.333616
-0.335358
-0.336101
-0.335981
-0.335163
-0.333841
-0.332209
-0.330437
-0.328673
-0.327021
-0.325558
-0.324324
-0.323329
-0.322555
-0.321996
-0.321615
-0.321406
-0.321336
-0.321398
-0.321573
-0.321826
-0.322144
-0.322478
-0.322799
-0.32304
-0.323162
-0.323088
-0.322774
-0.322155
-0.321219
-0.319918
-0.318283
-0.316336
-0.314151
-0.311824
-0.309491
-0.307275
-0.3053
-0.303666
-0.302427
-0.301622
-0.301256
-0.30132
-0.301778
-0.302589
-0.303678
-0.30497
-0.306354
-0.307728
-0.309012
-0.310129
-0.311052
-0.311764
-0.312303
-0.312665
-0.312891
-0.313051
-0.313164
-0.313271
-0.313418
-0.313617
-0.313886
-0.314237
-0.314681
-0.31522
-0.315839
-0.316564
-0.317372
-0.318273
-0.319237
-0.320276
-0.321371
-0.322526
-0.323695
-0.324878
-0.326034
-0.327156
-0.328205
-0.329146
-0.329912
-0.330486
-0.330797
-0.330778
-0.330365
-0.329491
-0.32809
-0.326124
-0.323561
-0.320446
-0.316856
-0.312933
-0.30892
-0.30508
-0.301764
-0.299294
-0.297981
-0.298015
-0.29941
-0.30205
-0.305654
-0.309859
-0.314307
-0.318643
-0.322583
-0.325919
-0.328564
-0.330494
-0.331721
-0.332338
-0.332438
-0.332112
-0.331428
-0.330445
-0.329179
-0.327601
-0.325705
-0.323511
-0.321074
-0.318552
-0.316199
-0.31435
-0.313406
-0.313704
-0.315441
-0.318588
-0.322876
-0.327871
-0.333062
-0.337998
-0.342334
-0.345818
-0.348325
-0.349814
-0.350261
-0.349695
-0.348176
-0.345787
-0.342615
-0.338785
-0.334465
-0.329836
-0.325124
-0.320552
-0.316366
-0.312734
-0.309765
-0.307546
-0.306087
-0.305347
-0.305212
-0.305526
-0.305983
-0.30613
-0.305272
-0.302494
-0.296811
-0.287667
-0.275953
-0.264883
-0.259634
-0.264325
-0.278583
-0.29781
-0.316774
-0.332309
-0.343558
-0.350982
-0.355415
-0.35766
-0.35833
-0.357846
-0.356509
-0.354505
-0.352002
-0.349136
-0.346109
-0.343123
-0.340427
-0.338304
-0.33704
-0.336865
-0.337903
-0.340157
-0.343475
-0.347633
-0.352302
-0.357147
-0.361841
-0.36609
-0.369679
-0.37244
-0.374254
-0.375058
-0.374844
-0.373638
-0.371534
-0.368655
-0.365209
-0.361397
-0.357484
-0.353712
-0.350318
-0.347488
-0.345377
-0.344053
-0.343494
-0.343584
-0.344185
-0.345068
-0.346025
-0.346852
-0.34737
-0.34742
-0.346922
-0.345848
-0.344267
-0.342375
-0.340496
-0.339058
-0.338528
-0.339238
-0.341223
-0.344135
-0.34724
-0.349616
-0.350398
-0.348998
-0.345252
-0.339629
-0.333271
-0.327844
-0.324996
-0.32563
-0.329459
-0.335175
-0.341263
-0.346515
-0.350336
-0.352667
-0.353736
-0.353824
-0.353199
-0.352092
-0.350712
-0.349272
-0.348028
-0.347257
-0.347098
-0.347566
-0.348526
-0.349685
-0.350765
-0.351531
-0.351816
-0.351547
-0.350693
-0.34929
-0.347387
-0.345057
-0.342393
-0.339507
-0.336507
-0.333531
-0.330649
-0.327946
-0.32548
-0.323306
-0.321562
-0.32046
-0.320283
-0.321341
-0.323913
-0.32807
-0.33361
-0.340116
-0.347042
-0.353868
-0.360165
-0.365676
-0.37024
-0.373787
-0.37629
-0.377714
-0.378043
-0.377277
-0.375525
-0.372983
-0.369974
-0.366937
-0.364287
-0.362308
-0.361025
-0.360253
-0.359689
-0.359112
-0.358507
-0.358085
-0.358165
-0.359017
-0.360698
-0.363091
-0.365854
-0.368655
-0.371221
-0.373383
-0.3751
-0.376393
-0.377356
-0.378107
-0.37874
-0.37936
-0.380051
-0.380885
-0.381897
-0.383112
-0.384522
-0.386099
-0.387803
-0.389568
-0.391339
-0.39306
-0.394662
-0.396076
-0.397246
-0.398094
-0.398555
-0.39854
-0.39797
-0.396723
-0.394689
-0.391744
-0.387797
-0.382797
-0.376781
-0.36992
-0.362505
-0.354913
-0.347556
-0.340753
-0.334715
-0.329541
-0.325354
-0.32236
-0.320819
-0.320975
-0.32294
-0.326542
-0.331323
-0.336587
-0.341658
-0.346041
-0.349553
-0.352278
-0.354447
-0.356321
-0.358128
-0.359939
-0.361765
-0.363524
-0.365081
-0.36631
-0.367145
-0.367542
-0.36753
-0.367169
-0.366596
-0.36593
-0.365328
-0.364904
-0.364743
-0.364875
-0.365289
-0.365919
-0.366646
-0.367383
-0.367995
-0.368394
-0.368503
-0.368279
-0.367671
-0.366701
-0.36542
-0.363902
-0.362237
-0.360541
-0.358907
-0.357395
-0.356016
-0.3547
-0.353345
-0.351823
-0.35007
-0.348103
-0.346064
-0.344222
-0.342882
-0.34235
-0.342752
-0.344076
-0.346104
-0.34858
-0.351243
-0.353921
-0.356537
-0.359055
-0.361484
-0.36385
-0.366131
-0.368253
-0.370142
-0.37167
-0.372717
-0.373167
-0.372949
-0.372074
-0.370734
-0.369194
-0.367879
-0.367141
-0.367108
-0.367602
-0.368134
-0.368104
-0.366996
-0.364547
-0.360852
-0.356253
-0.351192
-0.346082
-0.341189
-0.336795
-0.333229
-0.330909
-0.330212
-0.331305
-0.334061
-0.338124
-0.343007
-0.348316
-0.353827
-0.359452
-0.365197
-0.371027
-0.376878
-0.382593
-0.388028
-0.393047
-0.39759
-0.401625
-0.405205
-0.408406
-0.411289
-0.413899
-0.416239
-0.418286
-0.419991
-0.421283
-0.422104
-0.422386
-0.422097
-0.4212
-0.419745
-0.417809
-0.415548
-0.413151
-0.410842
-0.408861
-0.407321
-0.406268
-0.405606
-0.405168
-0.404772
-0.404271
-0.403613
-0.402832
-0.401992
-0.401168
-0.400342
-0.399416
-0.398185
-0.396382
-0.393832
-0.390456
-0.386445
-0.382198
-0.378324
-0.375445
-0.374024
-0.374229
-0.375867
-0.378566
-0.381849
-0.385288
-0.388635
-0.391884
-0.395221
-0.398894
-0.403024
-0.407593
-0.412376
-0.417081
-0.421404
-0.425105
-0.427969
-0.429902
-0.430865
-0.430857
-0.429964
-0.428339
-0.42618
-0.423746
-0.421298
-0.419096
-0.417318
-0.416088
-0.415409
-0.415222
-0.415426
-0.415888
-0.416488
-0.417107
-0.417632
-0.417956
-0.41802
-0.41775
-0.417092
-0.416053
-0.414626
-0.412855
-0.410778
-0.408473
-0.406021
-0.40352
-0.40105
-0.398725
-0.396692
-0.395088
-0.3941
-0.393875
-0.39452
-0.396021
-0.398263
-0.401042
-0.40407
-0.407051
-0.409716
-0.411859
-0.413352
-0.414163
-0.414334
-0.413964
-0.413221
-0.412291
-0.411345
-0.410545
-0.409997
-0.409733
-0.409738
-0.409932
-0.410197
-0.410378
-0.410315
-0.409873
-0.408954
-0.407633
-0.406164
-0.404996
-0.404654
-0.405608
-0.408083
-0.411875
-0.416518
-0.421396
-0.425915
-0.429688
-0.432495
-0.434268
-0.435062
-0.435001
-0.434248
-0.432958
-0.431321
-0.429495
-0.427646
-0.425898
-0.424311
-0.422846
-0.42136
-0.419556
-0.417013
-0.413177
-0.40742
-0.399147
-0.387895
-0.373745
-0.357767
-0.342589
-0.332166
-0.330259
-0.338028
-0.353143
-0.371416
-0.389165
-0.404381
-0.416543
-0.425927
-0.433099
-0.43861
-0.442908
-0.446233
-0.448733
-0.450393
-0.451135
-0.450837
-0.4493
-0.446311
-0.44166
-0.435165
-0.426827
-0.416904
-0.406036
-0.395248
-0.38583
-0.379024
-0.375729
-0.376212
-0.380108
-0.386491
-0.394147
-0.401916
-0.408933
-0.414747
-0.419235
-0.422486
-0.424713
-0.426155
-0.42702
-0.4275
-0.427747
-0.427848
-0.427863
-0.427834
-0.427777
-0.427687
-0.427528
-0.427274
-0.426872
-0.426259
-0.425363
-0.424117
-0.422463
-0.420322
-0.417617
-0.414298
-0.410301
-0.40562
-0.400275
-0.394296
-0.387821
-0.381007
-0.374097
-0.367354
-0.361116
-0.355735
-0.351585
-0.348955
-0.348042
-0.348875
-0.351291
-0.354995
-0.359585
-0.364683
-0.370019
-0.375433
-0.380865
-0.386323
-0.391741
-0.397003
-0.401898
-0.406219
-0.40975
-0.412349
-0.413914
-0.414424
-0.413872
-0.412282
-0.409696
-0.406176
-0.40177
-0.396557
-0.390622
-0.384116
-0.377203
-0.370114
-0.363196
-0.356885
-0.35165
-0.347944
-0.346121
-0.346278
-0.348217
-0.351508
-0.355663
-0.360219
-0.364823
-0.369205
-0.373198
-0.376682
-0.379503
-0.381506
-0.382558
-0.382468
-0.381052
-0.378137
-0.373609
-0.367455
-0.359809
-0.351134
-0.342202
-0.334167
-0.328292
-0.325715
-0.327041
-0.332108
-0.34004
-0.349537
-0.359289
-0.368266
-0.375865
-0.381787
-0.385939
-0.388328
-0.388984
-0.387859
-0.384815
-0.379657
-0.372154
-0.362138
-0.349674
-0.335159
-0.319617
-0.304675
-0.292448
-0.285071
-0.283859
-0.288691
-0.297998
-0.30944
-0.320834
-0.330656
-0.338138
-0.343105
-0.34579
-0.346645
-0.346267
-0.345364
-0.34468
-0.344799
-0.346074
-0.348581
-0.352064
-0.3561
-0.360189
-0.363889
-0.366866
-0.368937
-0.370032
-0.370198
-0.369549
-0.368269
-0.366596
-0.364807
-0.363141
-0.361835
-0.361077
-0.360958
-0.36144
-0.362427
-0.363766
-0.365259
-0.366683
-0.367861
-0.368624
-0.368798
-0.368271
-0.366903
-0.36458
-0.361243
-0.356882
-0.351593
-0.345632
-0.339411
-0.333486
-0.328508
-0.325071
-0.3236
-0.32424
-0.326875
-0.331179
-0.336678
-0.342883
-0.349304
-0.355543
-0.361303
-0.366389
-0.370697
-0.374215
-0.376997
-0.379103
-0.380632
-0.381637
-0.382176
-0.38228
-0.381959
-0.381207
-0.379995
-0.378283
-0.37605
-0.373288
-0.369987
-0.366193
-0.362031
-0.357659
-0.353269
-0.349129
-0.34547
-0.342489
-0.340315
-0.339016
-0.338573
-0.338911
-0.3399
-0.341373
-0.34314
-0.345012
-0.346811
-0.3484
-0.349699
-0.350724
-0.351518
-0.35219
-0.352833
-0.353502
-0.354217
-0.354982
-0.355758
-0.3565
-0.357161
-0.357748
-0.358323
-0.358919
-0.359649
-0.360562
-0.361699
-0.363048
-0.364524
-0.365999
-0.36731
-0.368283
-0.368746
-0.368539
-0.367569
-0.365732
-0.363009
-0.359396
-0.354936
-0.349714
-0.343809
-0.337301
-0.330253
-0.322689
-0.314585
-0.305958
-0.296966
-0.288055
-0.280201
-0.274851
-0.273543
-0.277114
-0.285094
-0.295809
-0.307161
-0.317481
-0.325862
-0.332072
-0.336337
-0.339061
-0.340735
-0.341787
-0.342544
-0.343222
-0.343961
-0.344804
-0.345727
-0.346666
-0.347525
-0.348224
-0.348709
-0.348929
-0.348869
-0.348516
-0.34786
-0.346895
-0.345601
-0.343939
-0.341878
-0.339365
-0.336367
-0.332857
-0.328865
-0.324441
-0.319732
-0.314981
-0.310522
-0.306714
-0.303923
-0.302376
-0.302112
-0.302997
-0.304717
-0.306887
-0.309147
-0.311247
-0.31305
-0.31454
-0.315763
-0.316849
-0.317927
-0.319099
-0.320448
-0.321996
-0.323715
-0.325527
-0.327343
-0.329069
-0.330611
-0.331895
-0.332883
-0.333563
-0.333937
-0.334032
-0.333851
-0.333454
-0.332895
-0.332221
-0.331503
-0.330752
-0.33003
-0.329383
-0.328837
-0.328436
-0.32817
-0.328037
-0.327995
-0.327969
-0.327834
-0.32739
-0.326406
-0.324612
-0.321743
-0.317672
-0.312535
-0.306867
-0.301759
-0.298599
-0.29864
-0.302362
-0.309263
-0.318066
-0.327357
-0.335999
-0.343306
-0.348933
-0.352703
-0.354532
-0.35432
-0.352021
-0.34772
-0.341848
-0.335288
-0.32942
-0.325734
-0.325283
-0.32811
-0.333239
-0.339193
-0.34459
-0.348554
-0.350666
-0.350908
-0.349475
-0.346685
-0.342928
-0.338639
-0.33429
-0.330353
-0.327281
-0.325444
-0.325055
-0.326105
-0.328306
-0.331178
-0.334165
-0.336765
-0.338634
-0.339636
-0.33984
-0.339503
-0.339035
-0.338818
-0.339184
-0.340274
-0.342023
-0.344182
-0.346363
-0.348166
-0.34927
-0.349449
-0.348604
-0.346754
-0.344005
-0.340495
-0.336383
-0.331864
-0.327178
-0.322649
-0.318665
-0.315705
-0.314213
-0.3145
-0.316614
-0.320282
-0.325013
-0.330207
-0.335278
-0.339799
-0.343506
-0.346293
-0.348155
-0.349172
-0.349462
-0.349173
-0.348452
-0.347444
-0.346271
-0.34506
-0.343898
-0.34283
-0.341879
-0.341024
-0.340235
-0.339435
-0.338562
-0.337552
-0.336408
-0.335115
-0.333747
-0.33237
-0.331049
-0.329833
-0.328652
-0.327383
-0.32584
-0.323787
-0.321084
-0.3177
-0.313779
-0.309616
-0.305664
-0.302488
-0.300642
-0.30057
-0.302407
-0.305905
-0.310426
-0.31517
-0.319341
-0.322429
-0.32419
-0.324664
-0.324083
-0.322749
-0.320993
-0.319126
-0.31739
-0.315921
-0.314805
-0.314096
-0.313762
-0.313687
-0.313689
-0.313492
-0.312842
-0.311538
-0.309597
-0.307328
-0.305333
-0.304387
-0.305229
-0.308291
-0.313528
-0.320407
-0.328169
-0.336007
-0.343263
-0.349543
-0.35466
-0.358573
-0.361336
-0.363029
-0.363731
-0.36348
-0.362281
-0.360111
-0.356927
-0.352679
-0.347335
-0.34092
-0.333585
-0.325574
-0.317281
-0.309175
-0.301699
-0.295166
-0.289569
-0.284733
-0.280383
-0.276451
-0.273235
-0.271391
-0.271749
-0.274895
-0.280888
-0.289135
-0.298622
-0.308206
-0.317009
-0.324579
-0.330895
-0.336271
-0.34113
-0.345807
-0.350488
-0.355136
-0.359611
-0.363743
-0.367415
-0.37058
-0.373267
-0.375532
-0.377423
-0.378989
-0.380218
-0.381094
-0.381513
-0.38139
-0.380644
-0.37915
-0.376852
-0.373723
-0.369816
-0.365262
-0.360359
-0.355528
-0.351276
-0.348152
-0.346587
-0.346787
-0.348673
-0.351929
-0.356046
-0.360517
-0.364927
-0.368988
-0.372526
-0.375461
