1.2
1.20001
1.20002
1.20003
1.20005
1.20007
1.2001
1.20013
1.20017
1.20021
1.20025
1.2003
1.20035
1.20041
1.20047
1.20054
1.20061
1.20068
1.20076
1.20085
1.20094
1.20103
1.20113
1.20123
1.20134
1.20146
1.20158
1.20171
1.20184
1.20198
1.20212
1.20227
1.20243
1.20259
1.20276
1.20293
1.20311
1.2033
1.2035
1.2037
1.20391
1.20413
1.20435
1.20458
1.20483
1.20508
1.20534
1.20561
1.20589
1.20617
1.20647
1.20678
1.20711
1.20744
1.20778
1.20814
1.20851
1.2089
1.2093
1.20971
1.21014
1.21059
1.21105
1.21153
1.21203
1.21255
1.2131
1.21366
1.21424
1.21485
1.21549
1.21615
1.21684
1.21756
1.21832
1.2191
1.21992
1.22078
1.22168
1.22262
1.2236
1.22463
1.22571
1.22684
1.22802
1.22926
1.23057
1.23194
1.23337
1.23487
1.23645
1.2381
1.23982
1.24163
1.24351
1.24546
1.24748
1.24956
1.2517
1.25386
1.25604
1.25819
1.26026
1.26221
1.26395
1.26538
1.2664
1.26687
1.26666
1.26568
1.26387
1.26129
1.25815
1.25485
1.25196
1.25007
1.24968
1.25102
1.25401
1.25828
1.26329
1.26842
1.2731
1.2769
1.2796
1.28125
1.2822
1.28305
1.28449
1.28708
1.29107
1.29624
1.30205
1.30779
1.31284
1.31677
1.31935
1.32058
1.32062
1.31974
1.31825
1.31648
1.31469
1.31304
1.31158
1.31029
1.30909
1.30793
1.30672
1.30541
1.30392
1.30233
1.30084
1.29985
1.2998
1.30108
1.30383
1.30795
1.31312
1.3189
1.32485
1.33052
1.33555
1.33968
1.34274
1.34466
1.34552
1.34546
1.34472
1.34358
1.34235
1.34133
1.34078
1.34088
1.34168
1.34315
1.34515
1.34749
1.34996
1.35236
1.35452
1.35634
1.35778
1.35885
1.35964
1.36022
1.36071
1.36115
1.36158
1.36201
1.36241
1.36278
1.36313
1.36347
1.36385
1.3643
1.36483
1.36543
1.36608
1.36674
1.36738
1.36799
1.36858
1.36918
1.36983
1.37058
1.37146
1.3725
1.37372
1.3751
1.3766
1.37819
1.3798
1.38137
1.38283
1.3841
1.38514
1.38588
1.38628
1.38631
1.38595
1.38523
1.38419
1.38293
1.38158
1.38026
1.3791
1.37815
1.37738
1.37668
1.37587
1.37475
1.37316
1.37102
1.3684
1.3655
1.36273
1.36063
1.35978
1.36063
1.36331
1.36759
1.37293
1.37861
1.38389
1.38815
1.3909
1.39176
1.39056
1.38735
1.38255
1.37712
1.37244
1.36991
1.37041
1.37381
1.37913
1.38505
1.3904
1.39429
1.3962
1.39581
1.39302
1.38788
1.38064
1.37187
1.36248
1.35369
1.34688
1.34324
1.34343
1.34733
1.35409
1.36248
1.37119
1.37921
1.38594
1.39113
1.39481
1.39721
1.39861
1.39933
1.39962
1.39971
1.39976
1.39984
1.39999
1.40022
1.40051
1.40083
1.40118
1.40155
1.40191
1.40229
1.40267
1.40307
1.40345
1.40381
1.4041
1.40427
1.40424
1.40388
1.40306
1.40161
1.39937
1.39618
1.39202
1.38699
1.38151
1.37626
1.37206
1.3696
1.36917
1.37046
1.37284
1.37556
1.37806
1.38002
1.38135
1.38212
1.38248
1.38261
1.38267
1.38279
1.38304
1.38342
1.38388
1.38436
1.38474
1.38495
1.38496
1.38477
1.38446
1.38414
1.3839
1.38385
1.38402
1.38438
1.38484
1.3853
1.38565
1.38581
1.38574
1.38544
1.38495
1.38434
1.38371
1.38312
1.38264
1.38231
1.38216
1.38215
1.38227
1.38248
1.38275
1.38305
1.38338
1.38374
1.38413
1.38457
1.38504
1.38555
1.38606
1.38653
1.3869
1.38707
1.38695
1.38642
1.38534
1.38357
1.38096
1.37741
1.37284
1.36734
1.36115
1.35477
1.34894
1.34455
1.34242
1.34306
1.34647
1.35215
1.35926
1.36689
1.37428
1.38088
1.38641
1.39072
1.39381
1.39571
1.39644
1.39605
1.39455
1.392
1.38852
1.38432
1.37976
1.37528
1.37132
1.36822
1.36609
1.36481
1.36417
1.36395
1.364
1.3643
1.36489
1.3658
1.36699
1.3684
1.3699
1.37138
1.37275
1.37397
1.37503
1.37597
1.37681
1.37759
1.37832
1.37902
1.37969
1.38033
1.38092
1.38146
1.38195
1.38238
1.38275
1.38306
1.38333
1.38356
1.38374
1.3839
1.38403
1.38414
1.38422
1.38428
1.3843
1.38428
1.38421
1.38408
1.38386
1.38355
1.38312
1.38256
1.38185
1.38098
1.37995
1.37878
1.3775
1.37616
1.37483
1.3736
1.37256
1.37177
1.37125
1.37101
1.37097
1.37105
1.37115
1.37117
1.37104
1.37071
1.3702
1.36954
1.36881
1.36811
1.36755
1.36723
1.36723
1.36759
1.3683
1.36933
1.37058
1.37194
1.37327
1.37446
1.37544
1.37614
1.37656
1.37672
1.37669
1.37653
1.3763
1.37601
1.37567
1.37523
1.37464
1.37383
1.37278
1.37149
1.37004
1.36852
1.36705
1.36577
1.36479
1.36417
1.36393
1.36402
1.36433
1.36474
1.36512
1.36539
1.36553
1.36561
1.36576
1.36614
1.36685
1.36791
1.36924
1.37072
1.3722
1.37354
1.37465
1.37545
1.37589
1.37595
1.37563
1.37498
1.37412
1.37316
1.37229
1.37162
1.37127
1.37128
1.37168
1.37248
1.37373
1.37548
1.37775
1.3805
1.3836
1.38684
1.39001
1.39291
1.39536
1.39726
1.39854
1.39917
1.39912
1.39842
1.3971
1.39525
1.393
1.39052
1.38799
1.38562
1.38356
1.38191
1.38074
1.38006
1.37985
1.38004
1.38051
1.38104
1.3814
1.38132
1.38061
1.37918
1.37708
1.37452
1.37182
1.36936
1.36748
1.36639
1.36611
1.3665
1.36728
1.36816
1.3689
1.36939
1.36964
1.3698
1.37007
1.37064
1.3716
1.37294
1.37453
1.37621
1.37791
1.37965
1.3815
1.38354
1.3858
1.38818
1.39052
1.39265
1.39439
1.39564
1.39634
1.39648
1.39607
1.39512
1.39368
1.39175
1.38938
1.38661
1.38351
1.3802
1.37688
1.37378
1.37119
1.36937
1.36851
1.36869
1.36982
1.37169
1.37404
1.37661
1.37918
1.38161
1.3838
1.38571
1.38734
1.3887
1.38981
1.3907
1.39138
1.39187
1.39218
1.39231
1.39228
1.39207
1.39173
1.39129
1.39081
1.3904
1.39016
1.39023
1.39069
1.39162
1.39301
1.39476
1.39673
1.39872
1.40049
1.40179
1.40238
1.40199
1.40037
1.39733
1.39278
1.38685
1.37994
1.37274
1.36611
1.36091
1.35798
1.35801
1.36132
1.36747
1.37523
1.38301
1.38946
1.39376
1.39556
1.39476
1.39142
1.38572
1.37817
1.36993
1.36292
1.35935
1.3606
1.3663
1.37457
1.38319
1.39058
1.39607
1.39964
1.40158
1.40224
1.40199
1.4011
1.39978
1.39822
1.39657
1.39499
1.39365
1.39274
1.39241
1.39274
1.39371
1.39519
1.39695
1.39878
1.40043
1.40175
1.40261
1.40293
1.40263
1.40162
1.39979
1.39704
1.39327
1.3885
1.38292
1.37699
1.37148
1.36728
1.3652
1.36557
1.36813
1.37218
1.37684
1.38137
1.3853
1.38841
1.39069
1.39224
1.39321
1.39377
1.39403
1.39411
1.39405
1.39386
1.39352
1.39299
1.39223
1.39124
1.39008
1.38886
1.38774
1.38689
1.38645
1.38647
1.38693
1.38775
1.3888
1.39001
1.39131
1.3926
1.39381
1.3948
1.39541
1.39551
1.39499
1.39384
1.39214
1.39008
1.38792
1.38597
1.38449
1.38364
1.38347
1.38394
1.3849
1.38623
1.38774
1.38926
1.39064
1.39176
1.39255
1.39301
1.39319
1.39318
1.3931
1.39305
1.39314
1.39345
1.39403
1.39488
1.39595
1.39712
1.39825
1.3992
1.39985
1.4001
1.39989
1.39923
1.39814
1.3967
1.39506
1.39336
1.3918
1.39055
1.38976
1.38947
1.38968
1.39034
1.39135
1.39262
1.39407
1.39563
1.39722
1.39876
1.40018
1.4014
1.40235
1.40297
1.40322
1.40306
1.40249
1.40149
1.40007
1.39826
1.3961
1.39364
1.39098
1.3882
1.38541
1.38274
1.38028
1.37814
1.37635
1.37495
1.3739
1.37315
1.37266
1.37242
1.37243
1.37279
1.37356
1.37479
1.37647
1.37848
1.38065
1.38279
1.38474
1.38638
1.38765
1.38854
1.3891
1.38938
1.38945
1.38939
1.38924
1.38908
1.38892
1.38881
1.38875
1.38874
1.38876
1.3888
1.38882
1.38878
1.38866
1.38842
1.38801
1.38741
1.38661
1.38559
1.38438
1.38302
1.38161
1.38027
1.37913
1.37835
1.37806
1.37831
1.3791
1.38032
1.38177
1.38321
1.38433
1.3848
1.38428
1.38246
1.37906
1.37396
1.36729
1.35957
1.35183
1.34549
1.34203
1.34238
1.3464
1.35279
1.35965
1.36521
1.3683
1.36851
1.36617
1.36221
1.35798
1.35491
1.35401
1.35551
1.35886
1.36308
1.36725
1.37075
1.37341
1.37539
1.37705
1.37876
1.38078
1.38317
1.38583
1.3886
1.39132
1.39386
1.39614
1.39813
1.39985
1.40129
1.40246
1.40334
1.40392
1.40415
1.40398
1.40331
1.40206
1.40013
1.39747
1.39406
1.39001
1.38558
1.38111
1.37693
1.37322
1.36983
1.36629
1.36205
1.35684
1.35106
1.34599
1.34341
1.34472
1.35002
1.35806
1.36701
1.37536
1.38225
1.38742
1.39098
1.39316
1.39429
1.39463
1.39446
1.394
1.39349
1.39314
1.39311
1.39352
1.39439
1.39565
1.39716
1.39873
1.4002
1.40142
1.4023
1.40279
1.40284
1.40244
1.40159
1.40024
1.39837
1.39592
1.39282
1.38904
1.38455
1.37943
1.37384
1.36808
1.36255
1.35766
1.3538
1.35114
1.34971
1.34935
1.34985
1.35092
1.35231
1.35375
1.35506
1.35609
1.35682
1.3573
1.35766
1.35808
1.3587
1.35964
1.36092
1.36253
1.36435
1.36627
1.36816
1.36992
1.37146
1.37276
1.37379
1.37456
1.37509
1.37541
1.37555
1.37556
1.37544
1.37524
1.37496
1.37463
1.37423
1.37378
1.37326
1.37265
1.37192
1.37103
1.36995
1.36861
1.36698
1.36502
1.3627
1.36005
1.35713
1.35407
1.35105
1.34829
1.34603
1.34446
1.34367
1.34369
1.34439
1.34563
1.34719
1.3489
1.35058
1.35215
1.35353
1.35468
1.35557
1.3562
1.35655
1.35664
1.35651
1.35627
1.35603
1.35592
1.35604
1.3564
1.35697
1.35764
1.3583
1.35887
1.35932
1.35967
1.35996
1.36028
1.36071
1.36135
1.36232
1.36371
1.36552
1.36763
1.36983
1.37179
1.37323
1.3739
1.37365
1.37241
1.37022
1.36714
1.36332
1.35894
1.35423
1.34956
1.34537
1.34223
1.34072
1.3412
1.34376
1.34805
1.35351
1.35948
1.36543
1.371
1.37598
1.38031
1.38394
1.38689
1.38915
1.39074
1.39164
1.39186
1.39139
1.39024
1.38847
1.38616
1.38349
1.38068
1.37802
1.37581
1.37424
1.37339
1.37316
1.37334
1.37366
1.37393
1.37412
1.37438
1.37504
1.37643
1.37875
1.38192
1.38564
1.38949
1.39309
1.39617
1.39863
1.4005
1.40187
1.40289
1.40368
1.40439
1.40509
1.40586
1.40672
1.40766
1.40862
1.40955
1.41036
1.41093
1.41117
1.41095
1.41014
1.40864
1.40634
1.40322
1.3993
1.39478
1.38999
1.38547
1.38184
1.37967
1.37934
1.38085
1.38386
1.38785
1.39226
1.39667
1.40087
1.40478
1.40842
1.41185
1.41512
1.41821
1.4211
1.42373
1.42604
1.42795
1.42943
1.43044
1.43093
1.4309
1.43032
1.42922
1.42761
1.42557
1.42321
1.42066
1.41806
1.41556
1.41325
1.41112
1.40911
1.40711
1.40503
1.40293
1.40105
1.39984
1.39986
1.40149
1.40474
1.40921
1.41424
1.41917
1.42355
1.42716
1.42994
1.43198
1.43339
1.43428
1.43475
1.43484
1.43459
1.43395
1.4329
1.43135
1.42923
1.42648
1.42308
1.41908
1.4146
1.40983
1.40501
1.40039
1.3962
1.39267
1.39006
1.38863
1.38863
1.39014
1.39306
1.39703
1.40157
1.40618
1.41043
1.41404
1.41686
1.41882
1.41992
1.42017
1.41959
1.41821
1.41605
1.41317
1.40971
1.40583
1.40181
1.39798
1.39471
1.39239
1.39134
1.39172
1.39351
1.39644
1.40011
1.40406
1.40786
1.41119
1.41386
1.41574
1.41679
1.41701
1.41639
1.41494
1.41266
1.4096
1.40583
1.40157
1.39716
1.39311
1.39001
1.38838
1.38848
1.39018
1.39302
1.39637
1.39959
1.40217
1.40372
1.404
1.40294
1.40061
1.39736
1.39379
1.3907
1.38887
1.3887
1.39012
1.39263
1.39563
1.39865
1.40144
1.40397
1.40627
1.40838
1.41028
1.41189
1.41309
1.4137
1.41351
1.41229
1.40976
1.40566
1.39971
1.39174
1.38171
1.36985
1.35668
1.34316
1.33069
1.32111
1.31633
1.31772
1.32545
1.3382
1.35367
1.36943
1.3836
1.39515
1.40379
1.40972
1.41336
1.41524
1.41584
1.4156
1.41483
1.41379
1.41262
1.41143
1.41024
1.40908
1.40792
1.40674
1.40553
1.40426
1.40294
1.40156
1.40014
1.39872
1.39731
1.39596
1.3947
1.39356
1.39257
1.39172
1.39102
1.39046
1.39
1.38964
1.38933
1.38906
1.38881
1.38855
1.38827
1.38797
1.3876
1.38717
1.38664
1.38599
1.38518
1.3842
1.38304
1.38168
1.38017
1.37856
1.37691
1.37533
1.37392
1.37276
1.37192
1.37145
1.37137
1.37167
1.37235
1.37338
1.37475
1.37642
1.37838
1.38059
1.38299
1.38551
1.38806
1.39053
1.39282
1.39485
1.39655
1.39788
1.3988
1.39932
1.39942
1.39912
1.39842
1.39736
1.39596
1.39428
1.39237
1.39032
1.3882
1.38611
1.38415
1.38243
1.38103
1.38004
1.37951
1.37945
1.37984
1.38057
1.38152
1.38255
1.3835
1.38424
1.38468
1.38478
1.38456
1.38409
1.38349
1.38287
1.38235
1.38198
1.38177
1.38169
1.3817
1.38175
1.38183
1.38194
1.38203
1.38201
1.38169
1.38079
1.37904
1.37625
1.37253
1.36835
1.36455
1.36211
1.36167
1.36324
1.36617
1.36957
1.37269
1.37512
1.37678
1.37781
1.37841
1.37879
1.37908
1.37937
1.37967
1.37997
1.38021
1.38036
1.38038
1.38024
1.37996
1.37955
1.37904
1.37848
1.37792
1.3774
1.37694
1.37655
1.37624
1.37599
1.3758
1.37564
1.37554
1.37549
1.37552
1.37563
1.37584
1.37612
1.37646
1.3768
1.3771
1.37729
1.37732
1.37712
1.37666
1.37588
1.37475
1.37324
1.37137
1.36919
1.3668
1.36436
1.36211
1.36028
1.35908
1.35869
1.35914
1.36036
1.36219
1.36442
1.36682
1.36921
1.37147
1.37351
1.37531
1.37687
1.37822
1.37941
1.38046
1.3814
1.38226
1.38306
1.3838
1.38446
1.38504
1.38553
1.38589
1.38609
1.38612
1.38593
1.3855
1.38481
1.38385
1.38261
1.38115
1.3795
1.37777
1.37606
1.37449
1.37315
1.37211
1.37137
1.37091
1.37065
1.37049
1.37036
1.37021
1.37007
1.37006
1.37042
1.37138
1.37316
1.37583
1.37928
1.38325
1.38739
1.39138
1.39497
1.39802
1.40045
1.40227
1.4035
1.40421
1.40444
1.40425
1.40373
1.40293
1.40193
1.40081
1.39962
1.3984
1.39715
1.39587
1.39454
1.39317
1.39186
1.39076
1.3901
1.39007
1.39076
1.39209
1.39386
1.39575
1.39749
1.39892
1.40002
1.40087
1.40165
1.40253
1.40363
1.40498
1.40652
1.40815
1.40977
1.41128
1.41261
1.41371
1.41459
1.41522
1.41558
1.41564
1.41536
1.41472
1.41375
1.41254
1.41127
1.41013
1.40934
1.40903
1.40924
1.40989
1.41089
1.41213
1.4135
1.41496
1.41646
1.41794
1.41934
1.42055
1.42144
1.42186
1.42164
1.42064
1.41876
1.41593
1.41221
1.40777
1.4029
1.39808
1.39387
1.39089
1.38965
1.39046
1.39328
1.39774
1.40325
1.40914
1.41481
1.41981
1.4239
1.42697
1.42903
1.43013
1.43035
1.42977
1.42844
1.42644
1.42381
1.42061
1.41691
1.41277
1.4083
1.4036
1.3987
1.39358
1.38811
1.38209
1.37537
1.36805
1.36067
1.35433
1.35029
1.34949
1.35198
1.35707
1.36374
1.37117
1.37879
1.38628
1.39335
1.39974
1.40521
1.40957
1.41273
1.41467
1.41546
1.41523
1.41415
1.41244
1.41031
1.408
1.40574
1.40373
1.40214
1.4011
1.40067
1.40083
1.40147
1.40241
1.40343
1.40435
1.40501
1.40536
1.40542
1.40527
1.40503
1.40485
1.40484
1.4051
1.40564
1.4064
1.40727
1.40809
1.40866
1.40879
1.40829
1.40702
1.40491
1.402
1.39849
1.39475
1.39129
1.38869
1.38741
1.38764
1.38929
1.39198
1.39527
1.39873
1.40206
1.40507
1.40766
1.40982
1.41158
1.41299
1.41414
1.41509
1.41591
1.41665
1.41736
1.41805
1.41876
1.41948
1.42024
1.42103
1.42187
1.42275
1.42368
1.42465
1.42566
1.4267
1.42774
1.42876
1.42971
1.43057
1.43126
1.43171
1.43182
1.43149
1.43059
1.42897
1.4265
1.42311
1.4188
1.41375
1.40838
1.40336
1.3995
1.39757
1.39804
1.40085
1.40546
1.41108
1.4169
1.42232
1.42699
1.43082
1.43388
1.43636
1.43847
1.44039
1.44226
1.44414
1.44601
1.44784
1.4495
1.45088
1.45187
1.45231
1.45211
1.45118
1.44948
1.4471
1.44425
1.44128
1.43869
1.43697
1.43646
1.43718
1.43887
1.44108
1.44336
1.44542
1.44721
1.44881
1.45044
1.45229
1.45451
1.45705
1.45977
1.4624
1.46466
1.4663
1.46715
1.46717
1.46642
1.46505
1.4633
1.46141
1.45964
1.45816
1.45707
1.45635
1.45593
1.45572
1.45565
1.45574
1.4561
1.45691
1.45837
1.46065
1.46379
1.46766
1.472
1.4764
1.48042
1.48364
1.48573
1.48649
1.48588
1.48407
1.48142
1.47841
1.47551
1.473
1.47082
1.46858
1.46578
1.46203
1.45734
1.45215
1.44727
1.44348
1.44122
1.44043
1.44073
1.44166
1.4429
1.44434
1.44602
1.44808
1.45073
1.45425
1.45889
1.46463
1.4711
1.47761
1.48343
1.48797
1.49096
1.49237
1.49234
1.49112
1.48893
1.48595
1.48233
1.47813
1.47343
1.46837
1.46324
1.4585
1.45478
1.45269
1.45262
1.45455
1.4581
1.46267
1.46761
1.47238
1.47659
1.47999
1.48239
1.48369
1.48382
1.48272
1.48042
1.47695
1.47245
1.46712
1.46128
1.4554
1.45008
1.44598
1.44355
1.44287
1.44355
1.4449
1.44626
1.44717
1.44741
1.447
1.44604
1.44473
1.44323
1.44175
1.44043
1.43938
1.43862
1.43811
1.43773
1.43739
1.43699
1.43645
1.43578
1.43497
1.43406
1.43309
1.43211
1.43113
1.43019
1.42928
1.42842
1.42759
1.4268
1.42604
1.42531
1.4246
1.42392
1.42328
1.42269
1.42214
1.42165
1.42122
1.42086
1.42058
1.42037
1.42023
1.42018
1.42019
1.42027
1.42041
1.42058
1.42076
1.42093
1.42103
1.42101
1.42078
1.42025
1.41931
1.41786
1.41584
1.41327
1.41032
1.40736
1.40495
1.40371
1.40409
1.40616
1.40959
1.4138
1.41817
1.42221
1.42564
1.42834
1.43027
1.43145
1.43186
1.43145
1.43013
1.42782
1.42448
1.42023
1.4155
1.4111
1.40809
1.4074
1.40934
1.41348
1.41882
1.4243
1.42917
1.43302
1.43577
1.43743
1.43812
1.4379
1.4368
1.43483
1.43199
1.42833
1.42402
1.41942
1.41508
1.41166
1.40984
1.41006
1.41249
1.41689
1.42278
1.42947
1.43629
1.44269
1.44831
1.45297
1.45665
1.45938
1.46124
1.46231
1.46267
1.46237
1.46145
1.46
1.45809
1.45589
1.45361
1.4515
1.44984
1.44885
1.44868
1.4493
1.45062
1.45244
1.45456
1.45679
1.45898
1.461
1.46275
1.46415
1.46514
1.46569
1.4658
1.4655
1.46486
1.46396
1.46293
1.46192
1.46108
1.46055
1.46041
1.46062
1.46101
1.46127
1.46104
1.46
1.45803
1.45528
1.4522
1.44943
1.44758
1.4469
1.44712
1.44755
1.44734
1.44577
1.4425
1.43766
1.43184
1.42597
1.42097
1.41734
1.41506
1.41378
1.41316
1.41311
1.4138
1.41547
1.41825
1.42203
1.42644
1.4309
1.43476
1.43743
1.43841
1.4374
1.43449
1.43028
1.42603
1.4234
1.42373
1.42728
1.43309
1.43965
1.44563
1.45028
1.45336
1.45493
1.45514
1.4541
1.45185
1.44835
1.44353
1.4374
1.43023
1.42271
1.416
1.41145
1.40998
1.41155
1.41523
1.41979
1.4242
1.42795
1.43086
1.43298
1.43441
1.43525
1.4356
1.43556
1.43523
1.43466
1.43386
1.43278
1.43134
1.42947
1.42717
1.42456
1.42191
1.41958
1.4179
1.41706
1.41704
1.41763
1.41861
1.41977
1.42096
1.42211
1.42314
1.42396
1.42448
1.42465
1.42441
1.42379
1.42286
1.42173
1.42056
1.41948
1.41862
1.41806
1.41782
1.41787
1.41813
1.4185
1.41888
1.4192
1.4194
1.41946
1.41938
1.41915
1.41883
1.41842
1.41797
1.41752
1.41708
1.4167
1.41639
1.41618
1.41608
1.4161
1.41626
1.41655
1.41699
1.41756
1.41827
1.41911
1.42006
1.42111
1.42223
1.42341
1.42461
1.42581
1.42697
1.42805
1.42901
1.42983
1.43046
1.43085
1.43098
1.43079
1.43024
1.42928
1.42783
1.42579
1.42307
1.41957
1.41535
1.41076
1.40654
1.40384
1.40377
1.40684
1.41262
1.42
1.42771
1.43486
1.44097
1.44589
1.44964
1.45224
1.45374
1.45415
1.4536
1.45228
1.45056
1.44892
1.44785
1.44767
1.44844
1.44995
1.45187
1.45386
1.4557
1.45728
1.45854
1.45947
1.46001
1.46007
1.4595
1.4581
1.45559
1.45162
1.44585
1.43806
1.42862
1.41906
1.41232
1.41182
1.41912
1.43252
1.44831
1.46314
1.47524
1.48425
1.4905
1.49454
1.49686
1.49786
1.49778
1.49673
1.49475
1.49177
1.48768
1.48239
1.47587
1.46828
1.46006
1.45202
1.44527
1.4409
1.43964
1.44138
1.44518
1.44951
1.45282
1.45406
1.45292
1.44991
1.44631
1.44372
1.44346
1.44594
1.45051
1.45599
1.46119
1.4652
1.46743
1.46742
1.46482
1.45963
1.45263
1.44565
1.44124
1.44124
1.44556
1.45229
1.45912
1.46451
1.46791
1.46937
1.4692
1.4677
1.46503
1.46125
1.45627
1.44993
1.44217
1.43342
1.42494
1.41891
1.41759
1.42192
1.43085
1.44204
1.45324
1.46299
1.47058
1.47581
1.47866
1.47916
1.47732
1.47321
1.46704
1.45933
1.45109
1.44371
1.43871
1.43708
1.43892
1.44349
1.44963
1.45621
1.46239
1.46764
1.47171
1.47453
1.47614
1.47662
1.47607
1.47457
1.4722
1.46906
1.46527
1.46103
1.45664
1.45245
1.4489
1.4464
1.44524
1.44549
1.4469
1.44898
1.45109
1.45258
1.45299
1.45215
1.45033
1.44817
1.44647
1.44582
1.44642
1.44809
1.45058
1.45378
1.45768
1.4622
1.46707
1.47186
1.47615
1.47967
1.48235
1.48426
1.4856
1.48656
1.48733
1.48805
1.48878
1.48956
1.49037
1.49117
1.4919
1.49254
1.49304
1.49338
1.49357
1.49362
1.49354
1.49337
1.49313
1.49288
1.49263
1.49242
1.49229
1.49224
1.4923
1.49247
1.49277
1.49321
1.49379
1.49452
1.49536
1.49628
1.4972
1.49799
1.49851
1.49856
1.49795
1.49648
1.49398
1.4904
1.48578
1.48039
1.47468
1.46929
1.46492
1.46219
1.4615
1.46288
1.46603
1.47038
1.47528
1.48013
1.48447
1.48806
1.49081
1.49274
1.49392
1.49442
1.49427
1.49349
1.49207
1.49007
1.48763
1.48502
1.48258
1.48065
1.47946
1.47905
1.47923
1.4797
1.48014
1.48027
1.47992
1.47901
1.47753
1.47559
1.47333
1.47101
1.46891
1.46733
1.46652
1.46656
1.46739
1.46881
1.47052
1.47224
1.47373
1.47484
1.47549
1.47568
1.47545
1.47488
1.47406
1.47308
1.47202
1.47098
1.47
1.46914
1.46842
1.46784
1.46739
1.46705
1.46679
1.46658
1.4664
1.46622
1.46604
1.46586
1.4657
1.46556
1.46548
1.46547
1.46555
1.46574
1.46603
1.46641
1.46687
1.46734
1.4678
1.46817
1.4684
1.46841
1.46815
1.46755
1.46657
1.46516
1.46331
1.46106
1.45849
1.45578
1.4532
1.45109
1.44984
1.44973
1.45087
1.45315
1.45625
1.45969
1.46298
1.46567
1.46738
1.46785
1.46695
1.46481
1.46186
1.45887
1.4568
1.45643
1.45798
1.46095
1.46439
1.46733
1.4691
1.46941
1.46836
1.46632
1.46383
1.46147
1.45963
1.45843
1.45765
1.45687
1.45569
1.4539
1.45157
1.449
1.44666
1.44506
1.44461
1.44554
1.44782
1.45123
1.45536
1.45975
1.46396
1.46764
1.47054
1.4725
1.47342
1.47323
1.47183
1.46912
1.46496
1.45926
1.45211
1.44393
1.43572
1.42895
1.42526
1.42569
1.43017
1.43756
1.44626
1.4548
1.46221
1.46804
1.4722
1.47488
1.47634
1.47686
1.47674
1.47622
1.47551
1.47478
1.47418
1.47379
1.47369
1.47389
1.47439
1.47516
1.47614
1.47729
1.47853
1.47978
1.48098
1.48208
1.48301
1.48372
1.48419
1.48437
1.48423
1.4837
1.48271
1.48115
1.47887
1.47573
1.4716
1.46644
1.46045
1.45405
1.44803
1.44333
1.44082
1.44101
1.44385
1.44883
1.45513
1.46188
1.46829
1.47382
1.47817
1.48126
1.48318
1.48406
1.4841
1.4835
1.48243
1.48108
1.47964
1.47827
1.47714
1.4764
1.47614
1.47641
1.47717
1.47831
1.47967
1.48108
1.48239
1.48345
1.48418
1.48449
1.48434
1.48369
1.48252
1.48084
1.4787
1.47622
1.4736
1.47109
1.46896
1.46743
1.46659
1.46639
1.46665
1.46716
1.4677
1.46812
1.46837
1.46845
1.46842
1.46836
1.46834
1.46842
1.46864
1.46899
1.46945
1.46998
1.47055
1.47115
1.47177
1.47245
1.4732
1.47407
1.47506
1.47619
1.4774
1.47864
1.47978
1.48065
1.48099
1.48045
1.47853
1.4746
1.4679
1.45775
1.44418
1.42872
1.41495
1.40723
1.40765
1.41443
1.42369
1.43233
1.43898
1.44343
1.44597
1.44704
1.44718
1.44695
1.44695
1.44762
1.44918
1.45158
1.45455
1.45778
1.46094
1.46382
1.46628
1.46825
1.46968
1.47057
1.4709
1.47063
1.46972
1.46809
1.46562
1.46216
1.45753
1.45158
1.44431
1.43614
1.42812
1.42189
1.41917
1.42078
1.42603
1.43317
1.44035
1.4463
1.45046
1.45269
1.45313
1.45191
1.4492
1.44516
1.44
1.43406
1.42786
1.42214
1.41769
1.41525
1.4152
1.4175
1.42164
1.4269
1.43253
1.43794
1.44272
1.44667
1.44974
1.45195
1.45338
1.45415
1.45435
1.45408
1.45344
1.45251
1.45138
1.4501
1.44875
1.44737
1.44603
1.44477
1.44363
1.44263
1.4418
1.44114
1.44064
1.44028
1.44004
1.43992
1.43991
1.44005
1.44038
1.44097
1.44189
1.44321
1.44497
1.44715
1.44968
1.45247
1.45538
1.4583
1.46112
1.46376
1.46617
1.4683
1.47014
1.47166
1.47284
1.47365
1.47404
1.47397
1.47336
1.47211
1.47012
1.46729
1.46352
1.45873
1.45294
1.44628
1.4391
1.43196
1.42568
1.42115
1.41914
1.42002
1.42364
1.42938
1.43632
1.44352
1.45023
1.45592
1.46031
1.46334
1.46505
1.46559
1.46513
1.46389
1.4621
1.45999
1.45779
1.45569
1.45384
1.45233
1.45119
1.45039
1.44986
1.44951
1.44928
1.44914
1.44912
1.4493
1.44973
1.45046
1.45143
1.45254
1.45364
1.45457
1.45521
1.45546
1.45527
1.45464
1.4536
1.45217
1.45041
1.4484
1.4462
1.44388
1.44149
1.43906
1.43655
1.43385
1.43078
1.42723
1.42329
1.41953
1.417
1.41691
1.41992
1.42566
1.43291
1.44022
1.44654
1.45138
1.4547
1.45671
1.45774
1.45814
1.45824
1.45829
1.45848
1.45891
1.45953
1.46027
1.46096
1.46148
1.46171
1.46162
1.46124
1.46068
1.46011
1.45973
1.45975
1.46029
1.46145
1.4632
1.46548
1.4682
1.47126
1.47457
1.47796
1.48126
1.48423
1.48664
1.4883
1.48909
1.48897
1.48795
1.48613
1.48365
1.48071
1.47755
1.47443
1.47167
1.46956
1.46839
1.46837
1.46961
1.47203
1.47539
1.47926
1.4831
1.48633
1.48844
1.48896
1.48754
1.48393
1.47806
1.47014
1.46098
1.45232
1.44686
1.44702
1.45312
1.46287
1.47292
1.48077
1.48545
1.48712
1.48645
1.48419
1.481
1.47746
1.47408
1.47131
1.46959
1.46922
1.47035
1.4729
1.4766
1.48103
1.48572
1.49026
1.49434
1.49774
1.50038
1.50226
1.50341
1.50391
1.50384
1.50326
1.50225
1.50086
1.49913
1.49711
1.49484
1.49238
1.48978
1.4871
1.4844
1.48177
1.47925
1.47691
1.47477
1.47283
1.4711
1.46954
1.4681
1.46675
1.46544
1.46416
1.46287
1.4616
1.46035
1.45915
1.45804
1.45704
1.4562
1.45551
1.45497
1.45455
1.4542
1.45387
1.4535
1.45303
1.45242
1.45164
1.45069
1.44957
1.44831
1.44694
1.44545
1.44383
1.44201
1.43989
1.43736
1.43432
1.43073
1.42665
1.42228
1.41794
1.41406
1.41108
1.40933
1.409
1.41005
1.41226
1.4153
1.41881
1.42244
1.42593
1.42907
1.43174
1.43387
1.43543
1.43646
1.43698
1.43708
1.43683
1.43631
1.43561
1.43479
1.43393
1.43305
1.43219
1.43136
1.43055
1.42975
1.42896
1.42818
1.42742
1.42674
1.4262
1.42589
1.4259
1.4263
1.4271
1.42824
1.4296
1.43102
1.43232
1.43336
1.43403
1.4343
1.43413
1.43358
1.43268
1.43152
1.43018
1.42876
1.42739
1.42617
1.42522
1.42462
1.4244
1.42455
1.42498
1.42558
1.42622
1.42677
1.42716
1.42735
1.42733
1.42715
1.42687
1.42655
1.42627
1.42605
1.42591
1.4258
1.42563
1.42526
1.42454
1.42331
1.42145
1.41894
1.41597
1.41287
1.41014
1.4083
1.40763
1.40813
1.4095
1.41132
1.41321
1.41493
1.41642
1.4177
1.41882
1.41984
1.42076
1.42154
1.42215
1.42251
1.42259
1.42236
1.42184
1.42108
1.42016
1.41917
1.41823
1.41741
1.41677
1.41635
1.41611
1.41601
1.41597
1.41585
1.41553
1.41481
1.41347
1.41126
1.40789
1.40315
1.39708
1.39017
1.38354
1.37875
1.37718
1.3792
1.38393
1.38986
1.39558
1.40031
1.40383
1.40628
1.40794
1.40907
1.40989
1.41053
1.41106
1.4115
1.41184
1.41206
1.41215
1.4121
1.41193
1.41163
1.41125
1.41081
1.41034
1.40987
1.40943
1.40905
1.40872
1.40845
1.40823
1.40804
1.40786
1.40766
1.40743
1.40719
1.40696
1.4068
1.40678
1.40695
1.40732
1.40786
1.40844
1.40891
1.40907
1.40874
1.4078
1.40626
1.40426
1.40208
1.40008
1.3986
1.39786
1.39788
1.3985
1.39953
1.40077
1.40215
1.40366
1.40532
1.40719
1.40931
1.41167
1.41426
1.41703
1.41992
1.42282
1.42564
1.42826
1.43063
1.43271
1.43451
1.43607
1.43745
1.43868
1.43982
1.44089
1.44189
1.44282
1.44367
1.44444
1.44516
1.44583
1.44649
1.44719
1.44795
1.44884
1.44986
1.45104
1.45237
1.45385
1.45543
1.45707
1.45871
1.4603
1.46177
1.46307
1.46415
1.46496
1.46544
1.46555
1.46522
1.4644
1.46302
1.46102
1.45839
1.4552
1.45169
1.44828
1.44555
1.44412
1.44438
1.44635
1.44968
1.45381
1.45816
1.46236
1.4662
1.4696
1.47257
1.47515
1.47738
1.47928
1.48084
1.48209
1.48301
1.48363
1.48398
1.48412
1.48411
1.48403
1.48394
1.48385
1.48372
1.48346
1.4829
1.48193
1.48044
1.47846
1.47612
1.47368
1.47149
1.46988
1.4691
1.46926
1.47028
1.47198
1.47415
1.47655
1.47899
1.48134
1.4835
1.48543
1.4871
1.48854
1.48975
1.49076
1.49154
1.49206
1.49221
1.49186
1.49083
1.48897
1.48615
1.48237
1.4778
1.47285
1.46808
1.46408
1.46125
1.4596
1.45882
1.45842
1.45794
1.45711
1.45587
1.45432
1.45264
1.45104
1.44971
1.44879
1.4484
1.44856
1.44926
1.45038
1.45178
1.4533
1.45478
1.4561
1.45718
1.458
1.45855
1.45883
1.45883
1.45855
1.45797
1.45705
1.45579
1.45416
1.45213
1.44972
1.44695
1.44391
1.44074
1.43768
1.43497
1.43288
1.43163
1.4313
1.43184
1.43307
1.43476
1.43662
1.43842
1.43997
1.44116
1.44194
1.44229
1.44227
1.44192
1.44134
1.44061
1.43986
1.4392
1.43873
1.43853
1.43865
1.43911
1.43985
1.44081
1.44186
1.44289
1.44378
1.4444
1.44463
1.44438
1.44351
1.44195
1.43962
1.4365
1.43266
1.42829
1.42378
1.41965
1.4165
1.41492
1.41527
1.4176
1.42157
1.42662
1.43208
1.43741
1.44223
1.44633
1.44968
1.45231
1.45434
1.45585
1.45694
1.45771
1.45822
1.45853
1.45869
1.45871
1.45865
1.45851
1.45833
1.45812
1.45791
1.45772
1.45757
1.45748
1.45746
1.45754
1.4577
1.45794
1.45825
1.45859
1.45896
1.45933
1.45969
1.46006
1.46048
1.461
1.46169
1.46261
1.46383
1.46533
1.46709
1.46899
1.47089
1.47258
1.47385
1.47449
1.47432
1.47323
1.4712
1.46834
1.46489
1.46123
1.45783
1.45518
1.45365
1.4535
1.45476
1.45728
1.46074
1.46466
1.46854
1.4719
1.47439
1.47581
1.4761
1.47534
1.47364
1.47117
1.46814
1.46472
1.46108
1.45735
1.45364
1.45008
1.44679
1.44393
1.44169
1.4403
1.43997
1.44086
1.44301
1.4463
1.45046
1.45513
1.45989
1.46439
1.46833
1.47155
1.47397
1.47557
1.4764
1.47652
1.476
1.47493
1.47337
1.47139
1.46906
1.46645
1.46362
1.46064
1.45761
1.45459
1.45168
1.44895
1.44646
1.44427
1.44238
1.44083
1.43958
1.43862
1.43792
1.43745
1.43718
1.4371
1.43718
1.43737
1.43762
1.43786
1.43801
1.438
1.43779
1.43738
1.43682
1.43615
1.4354
1.43457
1.43358
1.43227
1.43048
1.42802
1.42477
1.42076
1.41632
1.41221
1.40956
1.40953
1.41271
1.41865
1.42612
1.43369
1.44028
1.44534
1.44877
1.45077
1.45165
1.4518
1.45158
1.45129
1.45114
1.45122
1.4515
1.45185
1.45216
1.45231
1.45226
1.45205
1.45173
1.45136
1.451
1.45062
1.45018
1.4496
1.44879
1.44767
1.44622
1.4444
1.44223
1.43972
1.43696
1.43404
1.43111
1.42838
1.42607
1.42441
1.42363
1.42385
1.42512
1.42734
1.43031
1.43376
1.43739
1.44092
1.44407
1.4466
1.44829
1.44895
1.44838
1.44643
1.44301
1.43812
1.43197
1.42509
1.41833
1.41274
1.40927
1.40842
1.41001
1.41341
1.41785
1.42266
1.42741
1.43187
1.43593
1.43954
1.44267
1.44529
1.44737
1.44885
1.44969
1.44982
1.44916
1.44765
1.44525
1.44192
1.43768
1.43259
1.42678
1.42045
1.41392
1.40766
1.40231
1.39866
1.39745
1.39909
1.40335
1.40945
1.4163
1.42292
1.42862
1.43307
1.43615
1.43792
1.43846
1.43786
1.43623
1.43362
1.43015
1.42595
1.42127
1.41643
1.41186
1.40806
1.40545
1.40432
1.40469
1.40631
1.40874
1.41149
1.41413
1.41641
1.41829
1.41992
1.42154
1.42337
1.42551
1.42792
1.43041
1.4328
1.43489
1.43658
1.43783
1.43864
1.43907
1.43918
1.439
1.43861
1.43805
1.43737
1.43665
1.43597
1.43539
1.43499
1.4348
1.43482
1.43502
1.43532
1.43565
1.43594
1.43612
1.43617
1.43606
1.43583
1.43548
1.43505
1.43459
1.43413
1.4337
1.43334
1.43306
1.43289
1.43287
1.43299
1.43329
1.43377
1.43443
1.43524
1.43616
1.43712
1.43804
1.43881
1.43933
1.43949
1.43919
1.4384
1.43709
1.43533
1.43327
1.43113
1.42917
1.42766
1.42684
1.4268
1.42751
1.42881
1.43046
1.43217
1.43367
1.43475
1.43527
1.43517
1.43443
1.43309
1.43124
1.42899
1.42649
1.42394
1.42158
1.41966
1.41842
1.41804
1.41861
1.42011
1.42239
1.42522
1.42832
1.43141
1.43425
1.43668
1.43862
1.44004
1.441
1.44157
1.44188
1.44207
1.44224
1.44249
1.44284
1.44322
1.44349
1.44344
1.44288
1.44165
1.43977
1.43744
1.43511
1.43329
1.43242
1.43261
1.43367
1.43517
1.43664
1.43771
1.43805
1.43733
1.4351
1.43086
1.42421
1.41511
1.40425
1.39326
1.38452
1.38023
1.38113
1.38587
1.39166
1.39608
1.3985
1.40052
1.40472
1.41256
1.42318
1.4342
1.4435
1.45005
1.45384
1.45539
1.45536
1.45436
1.4529
1.45135
1.44999
1.44896
1.44833
1.44807
1.44809
1.44823
1.44829
1.44808
1.4474
1.44611
1.44415
1.44166
1.43905
1.43701
1.43641
1.43784
1.4413
1.44612
1.45126
1.45574
1.45884
1.46015
1.45942
1.45646
1.45104
1.4429
1.43213
1.41979
1.4087
1.40297
1.40543
1.41514
1.42806
1.44018
1.4494
1.45543
1.45882
1.46035
1.46072
1.46045
1.45991
1.45936
1.45893
1.45873
1.45878
1.45907
1.45954
1.46014
1.46077
1.46133
1.46169
1.46175
1.46137
1.46044
1.45884
1.45647
1.45326
1.44922
1.44444
1.43917
1.43379
1.42878
1.42455
1.42137
1.41925
1.418
1.41743
1.41748
1.41827
1.42004
1.42291
1.42684
1.43154
1.43657
1.4415
1.44596
1.44974
1.45276
1.45501
1.45658
1.45756
1.45805
1.45813
1.45787
1.45729
1.4564
1.45517
1.45353
1.45142
1.44875
1.44544
1.44149
1.437
1.43224
1.4277
1.42402
1.42181
1.42146
1.42293
1.42579
1.42935
1.43289
1.43581
1.43769
1.43827
1.43749
1.43541
1.43228
1.42841
1.42409
1.41944
1.41445
1.40924
1.40443
1.40121
1.40084
1.40366
1.40875
1.41442
1.41925
1.42256
1.4245
1.42568
1.42685
1.42862
1.43125
1.43465
1.43848
1.44236
1.44597
1.44912
1.45174
1.4538
1.45532
1.45632
1.4568
1.45675
1.45618
1.45509
1.45347
1.45136
1.44876
1.44574
1.44233
1.43861
1.43467
1.4306
1.42655
1.42269
1.41926
1.41649
1.41462
1.41383
1.41423
1.41581
1.41839
1.4217
1.42534
1.4289
1.432
1.43434
1.43573
1.43613
1.43565
1.43453
1.43315
1.43193
1.43119
1.43108
1.4315
1.43221
1.43284
1.43309
1.43274
1.4317
1.42999
1.42775
1.42522
1.42271
1.42058
1.41912
1.41851
1.41879
1.41981
1.42132
1.42308
1.42488
1.42655
1.42802
1.42926
1.43026
1.43104
1.4316
1.43196
1.43213
1.43212
1.43195
1.43163
1.43121
1.43072
1.43019
1.42967
1.4292
1.42879
1.42846
1.42821
1.42801
1.42785
1.42769
1.42752
1.42729
1.42701
1.42667
1.42628
1.42586
1.42542
1.42502
1.42468
1.42447
1.42441
1.42454
1.4249
1.42547
1.42626
1.4272
1.42826
1.42935
1.43043
1.43141
1.43224
1.43287
1.43321
1.43319
1.43266
1.43143
1.42926
1.42579
1.42066
1.41349
1.40406
1.39254
1.38002
1.36891
1.36274
1.36433
1.37352
1.38698
1.40062
1.41179
1.41969
1.42467
1.42755
1.42917
1.43023
1.43125
1.43253
1.43418
1.4362
1.43847
1.44086
1.44322
1.4454
1.4473
1.44883
1.44989
1.45041
1.45029
1.44944
1.44775
1.44514
1.44158
1.43711
1.43193
1.42645
1.42123
1.41698
1.41435
1.41378
1.41537
1.41882
1.42361
1.42912
1.43478
1.44012
1.44484
1.44877
1.45179
1.4539
1.45508
1.45537
1.45481
1.45343
1.45128
1.44842
1.44492
1.4409
1.43654
1.43211
1.42795
1.42441
1.42172
1.41991
1.41885
1.41835
1.41822
1.4184
1.41889
1.41976
1.42114
1.42313
1.42576
1.42892
1.43238
1.43585
1.43907
1.44184
1.44403
1.44561
1.44656
1.44692
1.44674
1.44609
1.44504
1.44369
1.44212
1.44043
1.43871
1.43706
1.43555
1.43423
1.43312
1.4322
1.43141
1.43069
1.4299
1.42895
1.42771
1.4261
1.42407
1.42159
1.4187
1.41549
1.41206
1.40851
1.40494
1.40144
1.39814
1.39518
1.39276
1.39109
1.39027
1.39032
1.39113
1.39252
1.39431
1.39637
1.39858
1.40082
1.403
1.40501
1.40676
1.40818
1.40925
1.40994
1.41028
1.41027
1.40994
1.40931
1.40838
1.40719
1.40574
1.40408
1.40225
1.40032
1.39841
1.39663
1.39511
1.39395
1.39323
1.39295
1.39307
1.39347
1.39401
1.39451
1.39482
1.39477
1.3942
1.39294
1.39083
1.38774
1.38365
1.37876
1.37365
1.36932
1.36694
1.36736
1.37063
1.37601
1.38231
1.38847
1.39382
1.39809
1.40126
1.40342
1.4047
1.40515
1.40481
1.40363
1.40156
1.39848
1.39433
1.38908
1.38284
1.37594
1.3689
1.36247
1.35747
1.35463
1.35433
1.35648
1.36045
1.36531
1.37005
1.3739
1.3764
1.37752
1.37757
1.37707
1.37669
1.37695
1.37813
1.38013
1.38262
1.38515
1.38739
1.38922
1.39075
1.3922
1.39379
1.39567
1.39777
1.39989
1.40179
1.40322
1.40407
1.40432
1.40407
1.40351
1.40283
1.40219
1.40168
1.40128
1.40087
1.4003
1.39942
1.39808
1.39623
1.39391
1.39122
1.38841
1.38579
1.38367
1.38234
1.38194
1.38245
1.3837
1.38543
1.38733
1.38917
1.39078
1.3921
1.39312
1.39393
1.39467
1.39546
1.39644
1.39768
1.39918
1.40089
1.40271
1.40454
1.40627
1.40782
1.40912
1.41016
1.41093
1.41144
1.4117
1.41174
1.41158
1.41126
1.41079
1.4102
1.40952
1.40876
1.40795
1.40711
1.40627
1.40547
1.40475
1.40419
1.40386
1.40384
1.40421
1.40501
1.40625
1.40789
1.40983
1.41195
1.41406
1.41598
1.41752
1.41849
1.41876
1.4182
1.41677
1.41455
1.41176
1.4088
1.40621
1.4046
1.40446
1.40597
1.40894
1.4129
1.41727
1.42153
1.4253
1.42839
1.43073
1.43233
1.43327
1.43361
1.43342
1.43277
1.43171
1.43026
1.42844
1.42631
1.42399
1.42171
1.41987
1.41893
1.41929
1.42113
1.42424
1.42813
1.43218
1.43586
1.43878
1.44077
1.4418
1.44195
1.44131
1.44004
1.43833
1.4364
1.43458
1.43319
1.43255
1.43281
1.4339
1.43556
1.43736
1.43891
1.43993
1.44033
1.44017
1.43961
1.43889
1.43822
1.43777
1.43761
1.4378
1.4383
1.43908
1.44011
1.44132
1.44267
1.44411
1.44558
1.44705
1.44848
1.44986
1.45117
1.45242
1.45359
1.4547
1.45573
1.45669
1.45757
1.45838
1.45911
1.45974
1.46028
1.46069
1.46094
1.46098
1.46075
1.46017
1.45917
1.45767
1.45561
1.45294
1.44963
1.44571
1.44126
1.43642
1.43138
1.42642
1.42181
1.41783
1.41464
1.41226
1.41054
1.40927
1.40824
1.40733
1.4066
1.40619
1.4063
1.40708
1.40864
1.41097
1.41406
1.41781
1.42211
1.42681
1.4317
1.43654
1.44112
1.44522
1.44874
1.45159
1.45376
1.45528
1.4562
1.45658
1.45652
1.45607
1.45533
1.45436
1.45327
1.45212
1.45101
1.44999
1.44913
1.44845
1.44798
1.4477
1.44757
1.44754
1.44755
1.44754
1.44745
1.44723
1.44682
1.44617
1.44525
1.44402
1.44245
1.4405
1.43816
1.43544
1.43242
1.42926
1.42623
1.42371
1.42211
1.42175
1.4227
1.42473
1.42738
1.43013
1.4325
1.43422
1.43514
1.43516
1.43415
1.43201
1.42885
1.42536
1.42298
1.4234
1.42752
1.43459
1.44268
1.44965
1.45407
1.45534
1.45348
1.44885
1.44201
1.43357
1.42415
1.4143
1.40458
1.39573
1.38876
1.38486
1.3849
1.38885
1.3956
1.40345
1.41089
1.41701
1.42161
1.42492
1.42741
1.42954
1.43169
1.43402
1.43653
1.43909
1.44149
1.44355
1.44512
1.44612
1.44654
1.44639
1.4457
1.44454
1.44293
1.4409
1.43844
1.43554
1.43214
1.4282
1.42367
1.41852
1.41282
1.40671
1.40047
1.39455
1.3895
1.38594
1.38436
1.38498
1.38764
1.39183
1.39685
1.40199
1.40669
1.41057
1.41345
1.41529
1.41618
1.41625
1.41566
1.41461
1.41327
1.41183
1.41043
1.40919
1.40817
1.4074
1.40686
1.40652
1.40631
1.40614
1.40593
1.4056
1.40509
1.40435
1.40333
1.40203
1.40044
1.39862
1.39661
1.39453
1.39248
1.39059
1.38899
1.38776
1.38697
1.38661
1.38662
1.3869
1.3873
1.38768
1.38791
1.38794
1.38779
1.38756
1.38743
1.38761
1.38826
1.38945
1.39115
1.39318
1.39531
1.39728
1.39888
1.39989
1.40014
1.3995
1.39782
1.39504
1.39121
1.38663
1.38193
1.37804
1.37596
1.37622
1.37864
1.38227
1.38584
1.38814
1.38828
1.38581
1.38086
1.3744
1.36833
1.36498
1.3659
1.37087
1.37814
1.38564
1.39199
1.39672
1.39991
1.40195
1.40319
1.40396
1.40445
1.40475
1.40493
1.40497
1.40485
1.40457
1.40411
1.40347
1.40265
1.40167
1.40056
1.39936
1.3981
1.39682
1.39555
1.3943
1.39306
1.39181
1.39048
1.38901
1.38734
1.38549
1.38358
1.38184
1.38064
1.38031
1.38112
1.38311
1.38611
1.38977
1.39374
1.39768
1.40139
1.40476
1.40779
1.41051
1.413
1.41532
1.41753
1.41968
1.42179
1.42384
1.42583
1.42773
1.42954
1.43122
1.43278
1.43421
1.43554
1.43677
1.43791
1.43899
1.44
1.44095
1.44185
1.44267
1.44338
1.44396
1.44432
1.44441
1.44411
1.4433
1.44185
1.43967
1.4367
1.43302
1.42888
1.42474
1.42117
1.4187
1.41763
1.41792
1.41929
1.4214
1.424
1.42696
1.43019
1.43362
1.43707
1.4403
1.44302
1.44495
1.44582
1.4454
1.44355
1.44023
1.43556
1.42985
1.42363
1.41758
1.41239
1.40863
1.40663
1.40644
1.40794
1.4109
1.41501
1.41984
1.42492
1.42972
1.43385
1.43702
1.43913
1.44023
1.44052
1.44034
1.44008
1.44019
1.44103
1.44286
1.44569
1.44932
1.45339
1.4575
1.46127
1.46445
1.46691
1.46862
1.46965
1.47016
1.47029
1.47021
1.47004
1.46982
1.46956
1.46921
1.46866
1.46781
1.46661
1.465
1.46301
1.4607
1.45816
1.45554
1.45295
1.45051
1.4483
1.44637
1.4447
1.44327
1.44202
1.44098
1.44021
1.43987
1.44017
1.44128
1.44327
1.44604
1.44936
1.4529
1.45636
1.45949
1.46218
1.46438
1.46613
1.46754
1.46869
1.46972
1.4707
1.47169
1.47271
1.47375
1.47477
1.47572
1.47655
1.4772
1.47766
1.47793
1.47806
1.47811
1.47816
1.47829
1.47855
1.47893
1.47939
1.47981
1.48005
1.47995
1.47937
1.47821
1.47643
1.4741
1.47136
1.46846
1.46563
1.46311
1.46103
1.45946
1.45847
1.45814
1.4586
1.46001
1.46242
1.46573
1.46966
1.47382
1.47781
1.48131
1.48413
1.4862
1.48752
1.48818
1.48826
1.48789
1.48717
1.48618
1.48498
1.48357
1.48194
1.48006
1.47788
1.47543
1.47277
1.47006
1.46756
1.4655
1.46409
1.4634
1.46334
1.46374
1.46434
1.46496
1.46546
1.4658
1.46604
1.46625
1.46651
1.46683
1.4672
1.46756
1.46781
1.46786
1.4676
1.46697
1.46589
1.46433
1.46224
1.45965
1.45661
1.45326
1.44979
1.44647
1.44362
1.44153
1.44038
1.44026
1.44107
1.44258
1.44449
1.44649
1.44831
1.44976
1.45071
1.45108
1.45084
1.44995
1.44835
1.44601
1.4429
1.43903
1.4346
1.42997
1.42577
1.42272
1.42143
1.4221
1.42445
1.42785
1.43159
1.43513
1.43815
1.44055
1.44238
1.44374
1.44475
1.44551
1.44611
1.44661
1.44706
1.44747
1.44785
1.44819
1.4485
1.44874
1.4489
1.44896
1.44888
1.44863
1.4482
1.44755
1.44667
1.44556
1.44422
1.44266
1.4409
1.43897
1.43685
1.43454
1.432
1.42922
1.42627
1.42337
1.42091
1.41939
1.41924
1.42065
1.42344
1.42711
1.43108
1.43482
1.43803
1.44061
1.44265
1.44433
1.4459
1.44752
1.44927
1.45109
1.45278
1.45403
1.45455
1.45406
1.45242
1.44961
1.44579
1.44123
1.43627
1.43127
1.42656
1.42248
1.41936
1.41746
1.41689
1.41748
1.4188
1.4203
1.42152
1.42216
1.42215
1.42152
1.42042
1.41902
1.41756
1.41633
1.41567
1.41583
1.41695
1.41895
1.4216
1.42459
1.4276
1.43041
1.43288
1.43492
1.43652
1.43768
1.43844
1.43885
1.43895
1.4388
1.43847
1.43802
1.43752
1.43702
1.43657
1.43623
1.43601
1.43594
1.43602
1.43622
1.43653
1.43689
1.43725
1.43757
1.43779
1.43785
1.4377
1.43729
1.43656
1.43547
1.434
1.43216
1.43
1.42763
1.42518
1.42278
1.42051
1.41836
1.41626
1.41421
1.41233
1.41101
1.41082
1.41229
1.41565
1.42065
1.42665
1.43289
1.43865
1.44344
1.44697
1.4491
1.44981
1.44923
1.44762
1.44544
1.44325
1.44162
1.44086
1.44093
1.44134
1.44139
1.44032
1.43758
1.43292
1.42657
1.41937
1.41264
1.40783
1.40579
1.40635
1.40848
1.411
1.41307
1.41433
1.41476
1.41444
1.41349
1.412
1.4101
1.40799
1.40591
1.4042
1.40323
1.40335
1.40489
1.40791
1.41222
1.41732
1.42258
1.4274
1.43139
1.43437
1.43632
1.43735
1.43761
1.43728
1.43653
1.43555
1.43451
1.43359
1.43293
1.43262
1.4327
1.43315
1.43389
1.43481
1.43582
1.43683
1.43777
1.43859
1.43929
1.43986
1.44031
1.44063
1.44084
1.44092
1.44086
1.44063
1.44018
1.43947
1.43843
1.43698
1.43505
1.43257
1.42952
1.42592
1.42188
1.41761
1.41344
1.4098
1.40708
1.4056
1.40548
1.40665
1.4089
1.41193
1.41548
1.41936
1.42338
1.42738
1.43122
1.4347
1.43764
1.43986
1.44121
1.44156
1.44084
1.43906
1.43635
1.43295
1.42919
1.42548
1.42221
1.41964
1.41792
1.41713
1.41724
1.41814
1.41964
1.42145
1.42322
1.42469
1.42565
1.42598
1.4257
1.42493
1.42393
1.4231
1.42292
1.42375
1.42573
1.42865
1.43197
1.435
1.43705
1.43752
1.43606
1.43263
1.42775
1.42256
1.41869
1.41758
1.41965
1.42409
1.42935
1.43401
1.43723
1.43876
1.4387
1.43736
1.43507
1.43214
1.42889
1.42558
1.42249
1.41987
1.41791
1.41674
1.41638
1.41673
1.4176
1.41877
1.42004
1.42127
1.42239
1.42337
1.42427
1.42514
1.42604
1.42702
1.4281
1.42928
1.43052
1.43178
1.433
1.43413
1.43513
1.43595
1.43655
1.43692
1.43701
1.43682
1.43631
1.43548
1.43429
1.43276
1.43088
1.42868
1.42622
1.42357
1.42086
1.41822
1.41586
1.41395
1.41269
1.41222
1.41261
1.41385
1.41578
1.41818
1.42072
1.42308
1.42499
1.42622
1.42665
1.42625
1.42509
1.4233
1.42106
1.41857
1.41601
1.4135
1.41112
1.40894
1.40699
1.40529
1.40383
1.40253
1.40125
1.39978
1.3979
1.39548
1.39252
1.38923
1.38602
1.38337
1.3818
1.38164
1.38301
1.38578
1.38962
1.3941
1.39879
1.40335
1.40754
1.41124
1.41442
1.41709
1.41931
1.42117
1.42273
1.42405
1.42517
1.4261
1.42686
1.42741
1.42773
1.42778
1.42751
1.42689
1.42589
1.42452
1.42283
1.42093
1.419
1.41728
1.416
1.41537
1.41547
1.41626
1.41757
1.41919
1.42088
1.42248
1.42387
1.42501
1.42591
1.42661
1.42714
1.42757
1.42795
1.42831
1.4287
1.42914
1.42964
1.4302
1.43082
1.43144
1.432
1.43243
1.43263
1.43247
1.43187
1.43073
1.42901
1.42675
1.42405
1.42116
1.41841
1.4162
1.41493
1.41488
1.41615
1.41864
1.42206
1.42602
1.43011
1.43392
1.43709
1.43928
1.44016
1.43948
1.43715
1.43336
1.4288
1.42465
1.42229
1.42262
1.42552
1.42996
1.4346
1.43842
1.441
1.44241
1.44304
1.44339
1.44387
1.44474
1.44607
1.44776
1.44962
1.45144
1.45308
1.45444
1.45551
1.45631
1.45688
1.45727
1.45753
1.45767
1.45771
1.45762
1.45737
1.45694
1.45627
1.45536
1.45417
1.45272
1.45103
1.44915
1.44711
1.44497
1.44281
1.44074
1.43894
1.43764
1.43718
1.43782
1.43971
1.44269
1.44633
1.4499
1.4526
1.45361
1.45227
1.44825
1.44177
1.43384
1.42627
1.42116
1.41999
1.42286
1.4284
1.43447
1.43902
1.44067
1.43908
1.43515
1.43088
1.42864
1.42993
1.43457
1.44105
1.44769
1.45341
1.45787
1.46116
1.46356
1.4653
1.46659
1.46756
1.4683
1.46885
1.46918
1.46914
1.46847
1.46682
1.46379
1.45916
1.45308
1.44647
1.44103
1.4387
1.44056
1.44608
1.45344
1.46066
1.46647
1.47038
1.47246
1.47307
1.47263
1.47154
1.4702
1.46891
1.46791
1.46736
1.46728
1.46763
1.46829
1.4691
1.46991
1.47058
1.47105
1.47128
1.47126
1.471
1.47051
1.46977
1.46875
1.46739
1.4656
1.46331
1.46046
1.45708
1.45327
1.44929
1.44543
1.442
1.43916
1.43687
1.43491
1.43303
1.43107
1.42906
1.42728
1.42606
1.4257
1.42631
1.42781
1.43
1.43262
1.43546
1.43835
1.44116
1.44378
1.4461
1.44801
1.44943
1.45033
1.45069
1.45055
1.44998
1.44907
1.44793
1.44666
1.44539
1.4442
1.44314
1.44225
1.44149
1.44078
1.43994
1.43877
1.43696
1.43416
1.43004
1.42444
1.41766
1.41068
1.40519
1.40293
1.40467
1.40967
1.41618
1.42249
1.42759
1.43112
1.43318
1.43401
1.43386
1.43292
1.43134
1.42924
1.4268
1.42424
1.42187
1.42004
1.41907
1.41912
1.42013
1.42183
1.42388
1.4259
1.42763
1.42893
1.42978
1.43025
1.43046
1.43054
1.43061
1.43074
1.43095
1.43119
1.4314
1.43148
1.43131
1.43085
1.43006
1.429
1.42779
1.42659
1.4256
1.42496
1.42476
1.42496
1.42545
1.42603
1.42645
1.42648
1.42602
1.42515
1.42421
1.42369
1.42399
1.42517
1.42675
1.42783
1.42744
1.42486
1.4199
1.41296
1.40499
1.39739
1.39185
1.38999
1.39272
1.39954
1.40872
1.41815
1.42634
1.43264
1.43703
1.43982
1.44137
1.44204
1.44214
1.44192
1.44163
1.44147
1.44158
1.44203
1.44279
1.44378
1.44485
1.44584
1.44661
1.44705
1.44707
1.44663
1.44575
1.44448
1.44293
1.44125
1.4396
1.43807
1.43659
1.43495
1.43284
1.43002
1.42659
1.42311
1.42052
1.41973
1.42111
1.42425
1.42819
1.43199
1.43506
1.4372
1.4385
1.43916
1.43938
1.43934
1.43917
1.439
1.43894
1.43909
1.43949
1.44012
1.44086
1.44154
1.44194
1.44182
1.44097
1.43921
1.43644
1.43265
1.42801
1.42289
1.41784
1.41356
1.41066
1.40952
1.41018
1.41232
1.41547
1.41912
1.42287
1.42639
1.42945
1.43187
1.43354
1.43433
1.43418
1.43304
1.43089
1.42784
1.4241
1.42003
1.41612
1.41286
1.41061
1.40946
1.40922
1.40949
1.40991
1.41016
1.41012
1.40976
1.40911
1.40815
1.40683
1.40505
1.40269
1.39974
1.39633
1.39274
1.3893
1.38629
1.38385
1.382
1.38078
1.38034
1.38091
1.38269
1.38566
1.38956
1.39397
1.39843
1.40256
1.40616
1.40911
1.41143
1.41316
1.41438
1.41519
1.41566
1.41589
1.41594
1.41587
1.41573
1.41555
1.41537
1.4152
1.41504
1.41491
1.41481
1.41473
1.41468
1.41466
1.41468
1.41473
1.41484
1.41499
1.41518
1.41541
1.41565
1.41587
1.41602
1.41607
1.41595
1.41564
1.4151
1.41432
1.41331
1.41209
1.41071
1.40926
1.40781
1.40649
1.40544
1.40479
1.40467
1.40513
1.40619
1.40776
1.4097
1.41183
1.41396
1.41589
1.41746
1.41852
1.41896
1.41872
1.41778
1.41618
1.41399
1.41133
1.40826
1.40484
1.40105
1.39692
1.39253
1.38809
1.38388
1.3801
1.37692
1.37456
1.3735
1.37446
1.37798
1.38394
1.39148
1.39935
1.40646
1.41215
1.41619
1.41864
1.41969
1.41961
1.41867
1.41715
1.41534
1.4135
1.41187
1.4106
1.40978
1.40936
1.40921
1.40911
1.40884
1.40817
1.4069
1.40489
1.40211
1.39867
1.39491
1.3914
1.38883
1.38779
1.38855
1.39089
1.39423
1.39786
1.40119
1.40389
1.40581
1.40697
1.40749
1.40753
1.40724
1.40677
1.40625
1.40579
1.40547
1.40532
1.40538
1.40565
1.40611
1.40676
1.40755
1.40848
1.4095
1.4106
1.41173
1.41284
1.41386
1.41476
1.4155
1.41611
1.41667
1.41729
1.41811
1.41924
1.4207
1.42244
1.42429
1.426
1.42729
1.42789
1.42762
1.4264
1.42436
1.42182
1.4193
1.41741
1.41673
1.41759
1.41995
1.42346
1.42755
1.43164
1.4353
1.43826
1.44041
1.44177
1.44237
1.44232
1.4417
1.44058
1.43905
1.43722
1.4352
1.43317
1.4313
1.4298
1.42881
1.4284
1.42852
1.42901
1.42964
1.43015
1.4303
1.42998
1.42916
1.42795
1.42657
1.42532
1.42453
1.42447
1.42528
1.42699
1.42944
1.43241
1.43561
1.4388
1.44178
1.44442
1.44663
1.44838
1.44968
1.45051
1.45092
1.45091
1.45053
1.44982
1.44884
1.44764
1.44632
1.44495
1.44363
1.44243
1.44145
1.44074
1.44032
1.44015
1.44015
1.44013
1.43989
1.43924
1.43801
1.43617
1.43378
1.43106
1.42831
1.42586
1.42402
1.42292
1.42248
1.42241
1.4223
1.42178
1.42068
1.41914
1.4176
1.41667
1.41687
1.41834
1.42074
1.4234
1.42564
1.42706
1.42765
1.4278
1.42809
1.42907
1.43104
1.43392
1.43735
1.44083
1.44396
1.44646
1.44823
1.44929
1.44971
1.44959
1.44906
1.44822
1.44717
1.44598
1.44476
1.44355
1.44243
1.44144
1.44061
1.43993
1.43939
1.43892
1.43841
1.43772
1.43668
1.43509
1.43276
1.4295
1.42524
1.42003
1.41419
1.40829
1.40307
1.39925
1.39724
1.39704
1.39833
1.40062
1.40344
1.40645
1.4094
1.41218
1.41473
1.41708
1.41928
1.42134
1.42327
1.42502
1.42652
1.42766
1.42836
1.42856
1.42823
1.42741
1.42621
1.42478
1.42337
1.4222
1.4215
1.42139
1.42186
1.42278
1.42393
1.42507
1.42596
1.42648
1.42658
1.42627
1.42565
1.42483
1.42394
1.42305
1.42219
1.42133
1.42042
1.41938
1.41817
1.41683
1.41544
1.41418
1.41322
1.41272
1.41277
1.41335
1.4144
1.41583
1.41755
1.41948
1.42152
1.42355
1.42546
1.42712
1.42844
1.42939
1.42995
1.43017
1.43009
1.4298
1.42936
1.42883
1.42826
1.42772
1.42722
1.4268
1.42649
1.42628
1.42618
1.42618
1.42626
1.42638
1.42652
1.42663
1.42668
1.42664
1.42647
1.42614
1.42563
1.42493
1.42405
1.423
1.42183
1.42062
1.41946
1.41846
1.41775
1.41743
1.4176
1.4183
1.41951
1.42116
1.42316
1.42538
1.42769
1.42999
1.43218
1.43421
1.43603
1.43765
1.43906
1.44027
1.44131
1.4422
1.44295
1.44357
1.44409
1.44449
1.44478
1.44493
1.44493
1.44474
1.4443
1.44354
1.44237
1.44069
1.4384
1.43543
1.43177
1.42761
1.42334
1.41958
1.41706
1.41634
1.41757
1.4204
1.42414
1.42806
1.4316
1.43449
1.43665
1.43819
1.43929
1.44016
1.44103
1.44206
1.44336
1.44497
1.44683
1.44882
1.45081
1.45267
1.45428
1.4556
1.45666
1.45751
1.45829
1.45916
1.46028
1.46178
1.46373
1.46614
1.4689
1.47187
1.47487
1.47769
1.48016
1.48213
1.48353
1.48428
1.48439
1.48387
1.48281
1.4813
1.47945
1.47739
1.47521
1.47301
1.47085
1.46881
1.46701
1.46559
1.46471
1.46448
1.46494
1.466
1.46752
1.46932
1.47131
1.47343
1.47562
1.4777
1.47941
1.48032
1.47997
1.47791
1.4737
1.46701
1.45764
1.44573
1.43205
1.41846
1.40793
1.40372
1.40744
1.41786
1.43176
1.44593
1.45842
1.46853
1.47634
1.48216
1.48636
1.48921
1.49092
1.49167
1.49156
1.4907
1.48918
1.48707
1.48441
1.48126
1.4777
1.47382
1.46979
1.46585
1.46225
1.45928
1.45717
1.45603
1.45584
1.45646
1.45768
1.45926
1.46098
1.46264
1.4641
1.46527
1.46607
1.46648
1.46647
1.46605
1.46521
1.46398
1.46237
1.46038
1.45803
1.4553
1.45218
1.44871
1.44496
1.44106
1.43725
1.43385
1.43114
1.42935
1.42857
1.4287
1.42953
1.4308
1.43228
1.43375
1.4351
1.43622
1.43708
1.43765
1.43792
1.43791
1.43761
1.43704
1.43619
1.43508
1.43375
1.43225
1.43071
1.42929
1.42816
1.42752
1.42745
1.42795
1.42892
1.43014
1.43139
1.43245
1.43315
1.43339
1.43312
1.43235
1.43112
1.42951
1.42762
1.42558
1.42353
1.42162
1.41998
1.41871
1.41786
1.41744
1.4174
1.41763
1.41803
1.41846
1.41883
1.41904
1.41905
1.41884
1.41842
1.41785
1.41718
1.41649
1.41583
1.41525
1.41477
1.41443
1.41423
1.41421
1.41435
1.41467
1.41512
1.41564
1.41614
1.41651
1.41667
1.41656
1.41614
1.41544
1.41454
1.41354
1.41262
1.41194
1.41169
1.41201
1.41297
1.41458
1.41674
1.41932
1.42215
1.42506
1.42792
1.43061
1.43308
1.43528
1.4372
1.43883
1.44019
1.44128
1.44212
1.44273
1.44313
1.44336
1.44345
1.44342
1.44331
1.44315
1.44295
1.44274
1.44252
1.44229
1.44206
1.44186
1.44171
1.44169
1.44185
1.44229
1.44305
1.44419
1.44569
1.44749
1.44948
1.45154
1.4535
1.45523
1.45661
1.45752
1.4579
1.45772
1.45698
1.45576
1.45421
1.45253
1.45103
1.45002
1.44976
1.45035
1.4517
1.45353
1.45545
1.45704
1.45796
1.45797
1.45698
1.455
1.45216
1.44867
1.44481
1.44081
1.43676
1.43256
1.42798
1.42291
1.41776
1.41362
1.41186
1.41335
1.41773
1.42373
1.42986
1.43513
1.43914
1.44194
1.44373
1.44476
1.44525
1.44537
1.4453
1.44519
1.44515
1.44526
1.44554
1.44594
1.44635
1.44666
1.44675
1.44653
1.44596
1.44504
1.44382
1.44239
1.44086
1.43934
1.43792
1.43668
1.43564
1.43478
1.43405
1.43338
1.4327
1.43193
1.431
1.42986
1.42847
1.42681
1.42484
1.42257
1.41997
1.41707
1.41389
1.41045
1.40683
1.40309
1.39933
1.39566
1.39222
1.38912
1.38649
1.38441
1.3829
1.38196
1.38153
1.38153
1.38191
1.38265
1.38379
1.38538
1.38747
1.39004
1.39299
1.39613
1.39926
1.40216
1.40467
1.40669
1.40817
1.40913
1.4096
1.40963
1.40929
1.40867
1.40783
1.40686
1.40582
1.40479
1.40383
1.40297
1.40226
1.4017
1.40129
1.401
1.40079
1.40064
1.40052
1.40038
1.40022
1.39998
1.39963
1.39908
1.39823
1.39692
1.39502
1.39249
1.38946
1.3863
1.3837
1.38243
1.38308
1.38575
1.38996
1.39492
1.39985
1.40425
1.40786
1.41069
1.41284
1.41445
1.41565
1.41653
1.41716
1.41758
1.4178
1.41785
1.41773
1.41744
1.41696
1.41621
1.41504
1.41322
1.41046
1.40644
1.40093
1.39394
1.386
1.37835
1.37274
1.37079
1.37304
1.37867
1.38595
1.39325
1.3995
1.40424
1.40738
1.40904
1.40937
1.40855
1.4068
1.40444
1.40187
1.39962
1.3982
1.39802
1.3992
1.40152
1.40456
1.40781
1.41084
1.41338
1.41531
1.41663
1.41739
1.41771
1.41766
1.41734
1.41682
1.41616
1.41539
1.41455
1.41366
1.41274
1.41179
1.41084
1.40989
1.40897
1.40809
1.40728
1.40656
1.40598
1.40554
1.40527
1.40519
1.40528
1.40553
1.40592
1.4064
1.40694
1.40746
1.40791
1.40821
1.40825
1.40793
1.40711
1.40568
1.40352
1.40061
1.39709
1.39335
1.39005
1.38799
1.38781
1.38969
1.39325
1.39767
1.4021
1.40586
1.40857
1.41013
1.41059
1.41012
1.40895
1.40735
1.40558
1.40386
1.40232
1.40104
1.40001
1.39922
1.3987
1.39851
1.39874
1.39945
1.40063
1.40217
1.40389
1.40558
1.40704
1.40813
1.40876
1.40896
1.40881
1.40844
1.40802
1.40769
1.40758
1.40778
1.40841
1.4096
1.4115
1.41415
1.41748
1.42125
1.42509
1.42863
1.43153
1.43358
1.43465
1.43471
1.4338
1.43203
1.42957
1.42668
1.4237
1.42105
1.41909
1.41812
1.41822
1.41933
1.42123
1.42372
1.4266
1.42978
1.43319
1.43676
1.44042
1.44403
1.44744
1.45045
1.45292
1.45468
1.45563
1.45573
1.45502
1.45363
1.45181
1.44991
1.44832
1.44736
1.44715
1.44758
1.44831
1.44892
1.44906
1.44853
1.44731
1.44556
1.44351
1.44136
1.4393
1.4374
1.43571
1.43424
1.433
1.43194
1.431
1.43003
1.42887
1.42742
1.42573
1.424
1.42253
1.42164
1.42155
1.42232
1.42392
1.42629
1.4293
1.43281
1.43661
1.44044
1.44402
1.44706
1.44932
1.45062
1.4508
1.4498
1.44763
1.44441
1.4404
1.43603
1.43181
1.42827
1.42582
1.42467
1.42486
1.42625
1.42868
1.43188
1.43555
1.43932
1.44282
1.44574
1.44785
1.44903
1.44925
1.44857
1.44714
1.44519
1.44301
1.44095
1.43931
1.43833
1.43806
1.43841
1.43911
1.43983
1.44022
1.44006
1.43923
1.43779
1.43593
1.43394
1.43218
1.43095
1.43048
1.43082
1.43183
1.43322
1.43458
1.43553
1.43586
1.43562
1.43521
1.43519
1.43604
1.43786
1.44034
1.4429
1.44498
1.44626
1.44667
1.44634
1.44551
1.44444
1.44333
1.44229
1.4414
1.44066
1.44006
1.43963
1.43942
1.43952
1.44003
1.44107
1.44267
1.44478
1.4473
1.45004
1.45279
1.45537
1.45762
1.45944
1.46076
1.46157
1.46189
1.46177
1.46125
1.46036
1.45912
1.45752
1.45551
1.45309
1.45028
1.44715
1.44383
1.44048
1.43722
1.43414
1.43131
1.4288
1.42668
1.42496
1.42361
1.4225
1.42151
1.42056
1.41964
1.41886
1.41841
1.4185
1.41928
1.42083
1.42306
1.42578
1.42877
1.43181
1.43475
1.43749
1.43999
1.44221
1.44415
1.44579
1.44712
1.44815
1.44888
1.44935
1.44958
1.44961
1.44946
1.44918
1.4488
1.44834
1.44783
1.4473
1.44676
1.44624
1.44575
1.44529
1.44488
1.44452
1.4442
1.44392
1.44366
1.44341
1.44316
1.44288
1.44257
1.44225
1.4419
1.44155
1.44119
1.44083
1.44047
1.44006
1.43959
1.43902
1.43833
1.43751
1.43659
1.43563
1.43471
1.43394
1.43343
1.43326
1.43347
1.43409
1.43507
1.43635
1.43786
1.43952
1.44128
1.44306
1.44484
1.44657
1.44822
1.44975
1.45112
1.45227
1.4531
1.4535
1.45329
1.45225
1.45013
1.44664
1.44158
1.43502
1.42744
1.41987
1.41371
1.41012
1.40941
1.41093
1.41359
1.4165
1.41931
1.42212
1.42521
1.42881
1.43291
1.43733
1.44173
1.44573
1.44903
1.45142
1.45282
1.45321
1.45271
1.45145
1.44962
1.44744
1.44509
1.44275
1.44052
1.43848
1.43661
1.43487
1.43322
1.43161
1.43007
1.42867
1.42754
1.42683
1.42668
1.4271
1.42802
1.42928
1.43065
1.43191
1.43289
1.43349
1.43364
1.43332
1.43254
1.43134
1.42981
1.4281
1.42641
1.42501
1.4242
1.42419
1.42509
1.42679
1.42908
1.43165
1.43419
1.43647
1.43834
1.43976
1.44071
1.44123
1.44138
1.44123
1.44084
1.4403
1.43968
1.43909
1.4386
1.43832
1.43831
1.4386
1.43921
1.44007
1.44112
1.44221
1.44321
1.44398
1.44438
1.4443
1.44364
1.44236
1.4405
1.43813
1.43543
1.43258
1.42978
1.42715
1.42472
1.42244
1.4203
1.41834
1.41675
1.41579
1.41577
1.41691
1.41929
1.42288
1.42746
1.43268
1.43811
1.44329
1.44783
1.4514
1.45382
1.45497
1.4548
1.45329
1.45043
1.44618
1.44049
1.43338
1.42508
1.41627
1.40826
1.40295
1.40221
1.40692
1.41637
1.42852
1.44105
1.45223
1.46109
1.46728
1.47073
1.47143
1.46938
1.46468
1.45777
1.44972
1.44227
1.43721
1.43541
1.43627
1.43824
1.43985
1.44038
1.43985
1.43872
1.43751
1.43662
1.43621
1.43626
1.43665
1.43727
1.438
1.43882
1.43971
1.44065
1.44157
1.44237
1.44288
1.44291
1.44228
1.44086
1.43862
1.43566
1.43225
1.42883
1.42593
1.42406
1.42357
1.42451
1.42664
1.42951
1.43261
1.4355
1.43786
1.43955
1.44054
1.44088
1.44068
1.44006
1.43913
1.43801
1.43679
1.43559
1.43446
1.43348
1.43269
1.43214
1.43185
1.43184
1.43209
1.43259
1.43334
1.4343
1.43545
1.43676
1.43821
1.43976
1.4414
1.44309
1.44481
1.44652
1.44816
1.44969
1.45102
1.45208
1.45275
1.4529
1.4524
1.45112
1.44896
1.44587
1.4419
1.43726
1.4323
1.42751
1.42344
1.4206
1.4193
1.41958
1.42126
1.42395
1.42723
1.4307
1.43402
1.43692
1.43918
1.44052
1.44064
1.43917
1.43574
1.4301
1.42228
1.41286
1.40297
1.39411
1.38762
1.38428
1.38422
1.38714
1.39258
1.39996
1.40859
1.41765
1.42634
1.43401
1.44035
1.44531
1.44904
1.4518
1.45383
1.45537
1.45656
1.45754
1.45836
1.45902
1.45952
1.45978
1.45974
1.45934
1.45858
1.45748
1.45612
1.45463
1.45316
1.45191
1.45106
1.45074
1.45104
1.45193
1.45334
1.45511
1.45707
1.45903
1.46084
1.46237
1.46352
1.4642
1.46435
1.46388
1.46275
1.46092
1.45835
1.45507
1.45113
1.44666
1.44188
1.43708
1.43263
1.42893
1.42636
1.42514
1.42535
1.42686
1.4294
1.43261
1.43613
1.43963
1.44283
1.44552
1.44755
1.44884
1.44937
1.44916
1.44831
1.44695
1.44526
1.44342
1.4416
1.43992
1.43849
1.43735
1.4366
1.4363
1.43655
1.43742
1.43894
1.44107
1.44368
1.44658
1.44954
1.45231
1.45467
1.45643
1.45746
1.45764
1.45694
1.45531
1.45278
1.44942
1.44537
1.44085
1.43619
1.43174
1.42786
1.42482
1.42276
1.42163
1.42124
1.42134
1.42168
1.42208
1.42247
1.42285
1.42331
1.42394
1.42485
1.42609
1.42767
1.42955
1.43162
1.43376
1.43584
1.43775
1.43939
1.4407
1.44166
1.44226
1.44252
1.44247
1.44213
1.44156
1.44078
1.43984
1.43874
1.43751
1.43616
1.43469
1.43311
1.43142
1.42965
1.42783
1.42603
1.4243
1.42272
1.42137
1.42029
1.41952
1.41903
1.41876
1.41862
1.41851
1.41831
1.41793
1.41728
1.4163
1.41497
1.4133
1.41137
1.40932
1.40734
1.40567
1.40456
1.4042
1.40466
1.40588
1.40768
1.40984
1.41214
1.4144
1.4165
1.4184
1.42006
1.4215
1.42274
1.4238
1.42469
1.42542
1.42596
1.42631
1.42642
1.42624
1.4257
1.42473
1.42323
1.42109
1.41821
1.4145
1.40996
1.40472
1.39918
1.394
1.39007
1.38821
1.38877
1.39144
1.3954
1.3997
1.40363
1.40681
1.40919
1.41089
1.41208
1.41297
1.41373
1.41451
1.41542
1.41655
1.41796
1.41965
1.42161
1.42375
1.42598
1.4282
1.43031
1.43218
1.43374
1.43485
1.4354
1.43521
1.43408
1.43178
1.42815
1.42322
1.41741
1.41172
1.40763
1.40652
1.40894
1.41423
1.42098
1.42773
1.43355
1.43806
1.44123
1.44323
1.44423
1.44442
1.44396
1.44303
1.44182
1.4406
1.43969
1.43934
1.43973
1.44079
1.44221
1.44339
1.44353
1.44161
1.43655
1.42749
1.41462
1.40047
1.39036
1.38972
1.39933
1.41464
1.43004
1.44239
1.4511
1.45679
1.46031
1.46235
1.46334
1.46355
1.46309
1.46203
1.46041
1.4583
1.45586
1.45337
1.45122
1.44983
1.44955
1.45046
1.45234
1.45468
1.45685
1.45819
1.45811
1.45617
1.45204
1.44573
1.43781
1.42978
1.42406
1.42302
1.4275
1.43606
1.44598
1.4548
1.46116
1.4646
1.46518
1.46313
1.45878
1.45263
1.44553
1.43885
1.43425
1.4331
1.43574
1.44128
1.44813
1.45481
1.46039
1.46448
1.46708
1.46834
1.46846
1.46763
1.46601
1.4637
1.46084
1.45751
1.45387
1.45007
1.4463
1.44278
1.43975
1.43742
1.43596
1.43545
1.43585
1.43698
1.43859
1.44034
1.44193
1.44308
1.44359
1.44333
1.44225
1.44039
1.4379
1.43501
1.43206
1.42947
1.42763
1.42685
1.42722
1.42863
1.43081
1.43341
1.43612
1.43872
1.44104
1.44301
1.44456
1.44569
1.44638
1.44663
1.44645
1.44587
1.44492
1.44362
1.44202
1.44018
1.43815
1.43598
1.43377
1.43157
1.42947
1.42753
1.42581
1.42435
1.42316
1.42224
1.42156
1.42109
1.42079
1.42061
1.4205
1.42045
1.42042
1.42042
1.42044
1.42051
1.42063
1.42085
1.42117
1.42161
1.42217
1.42283
1.42354
1.42422
1.42477
1.42505
1.42486
1.42402
1.4223
1.41952
1.4156
1.41066
1.40513
1.39978
1.39553
1.39305
1.39241
1.39305
1.39423
1.39548
1.39682
1.39857
1.40102
1.40409
1.40742
1.41053
1.41306
1.41488
1.41606
1.41674
1.41709
1.41723
1.41718
1.41692
1.41642
1.41571
1.41489
1.41412
1.41364
1.41363
1.41419
1.41525
1.41658
1.41786
1.41872
1.41885
1.41806
1.41633
1.4138
1.41082
1.40783
1.40529
1.40358
1.40288
1.40319
1.40434
1.40608
1.40815
1.41033
1.41252
1.4147
1.41699
1.41954
1.42246
1.42581
1.42949
1.4333
1.43704
1.44052
1.44362
1.44628
1.44853
1.45039
1.45192
1.45313
1.45405
1.45467
1.45498
1.45495
1.45455
1.45377
1.45258
1.45097
1.44896
1.44656
1.44385
1.44093
1.4379
1.43489
1.43193
1.42898
1.42588
1.42241
1.41845
1.41412
1.40996
1.40682
1.4057
1.40728
1.41167
1.41826
1.42599
1.4337
1.44042
1.44557
1.44889
1.45036
1.45011
1.4483
1.44511
1.44078
1.43557
1.42994
1.42458
1.42037
1.41822
1.41864
1.42146
1.42586
1.43076
1.43521
1.43865
1.44087
1.44193
1.44202
1.4414
1.44034
1.43914
1.43805
1.43733
1.4371
1.43743
1.43823
1.43933
1.44055
1.44173
1.44279
1.44371
1.44453
1.44535
1.44622
1.44718
1.44825
1.44937
1.45052
1.45163
1.45265
1.45351
1.45416
1.45454
1.45458
1.45421
1.45337
1.452
1.4501
1.44774
1.44508
1.44239
1.43999
1.43814
1.43703
1.43663
1.43679
1.43726
1.43782
1.43832
1.43866
1.4388
1.43867
1.43817
1.43716
1.4355
1.43306
1.42979
1.42578
1.42132
1.4169
1.41318
1.41087
1.41049
1.41221
1.41575
1.42048
1.42566
1.43059
1.43478
1.43792
1.4399
1.44074
1.44052
1.43938
1.43749
1.43505
1.43231
1.42955
1.42704
1.42505
1.42375
1.42321
1.42338
1.42411
1.42524
1.42659
1.42801
1.4294
1.43071
1.43191
1.43299
1.43393
1.43473
1.43538
1.43586
1.43612
1.43613
1.43583
1.43518
1.43413
1.43269
1.43088
1.42882
1.42668
1.42471
1.42317
1.42225
1.42206
1.42252
1.42347
1.42471
1.42607
1.42747
1.42888
1.43033
1.43185
1.43342
1.43499
1.43643
1.43761
1.4384
1.43874
1.43862
1.43811
1.43739
1.43665
1.4361
1.43588
1.43602
1.43643
1.43691
1.43726
1.4373
1.4369
1.43603
1.43473
1.43311
1.43135
1.42965
1.42821
1.42723
1.42684
1.42712
1.42807
1.4296
1.43157
1.43382
1.43615
1.43839
1.44042
1.44214
1.44351
1.44457
1.44539
1.44609
1.4468
1.4476
1.44856
1.44963
1.45074
1.45177
1.45261
1.45317
1.45337
1.45321
1.45269
1.45184
1.45073
1.4494
1.4479
1.44628
1.44458
1.44285
1.44115
1.43956
1.43819
1.43718
1.43671
1.43697
1.4381
1.44017
1.44313
1.44675
1.45073
1.45472
1.45841
1.46155
1.46401
1.4657
1.46659
1.46668
1.46599
1.46453
1.46233
1.45945
1.456
1.45213
1.4481
1.44417
1.44064
1.43775
1.43561
1.43421
1.43341
1.433
1.43275
1.43246
1.43201
1.43136
1.43057
1.42979
1.42922
1.42909
1.4296
1.43082
1.43275
1.43523
1.43805
1.44094
1.44369
1.44613
1.44814
1.4497
1.45081
1.45151
1.45184
1.45185
1.45161
1.45117
1.45058
1.4499
1.44921
1.44856
1.44802
1.44761
1.44734
1.44717
1.44703
1.44686
1.44657
1.44612
1.44548
1.44466
1.44367
1.44256
1.4413
1.43986
1.43812
1.43594
1.43318
1.42976
1.42579
1.42156
1.4176
1.41453
1.41291
1.41301
1.41465
1.41727
1.4201
1.42247
1.42404
1.42488
1.42539
1.42615
1.42764
1.43001
1.43312
1.43658
1.43998
1.44298
1.4454
1.4472
1.4484
1.44906
1.44928
1.44912
1.44863
1.44784
1.44676
1.44536
1.4436
1.44143
1.43882
1.4358
1.43248
1.42909
1.42596
1.42349
1.42197
1.42157
1.42221
1.42364
1.42549
1.42741
1.42913
1.43044
1.43122
1.43142
1.431
1.43
1.42844
1.42646
1.42424
1.42204
1.42016
1.41885
1.41828
1.41847
1.41939
1.42094
1.42304
1.42562
1.42859
1.43184
1.43524
1.43864
1.44191
1.44492
1.4476
1.44991
1.45181
1.4533
1.45441
1.45517
1.45561
1.4558
1.4558
1.45567
1.45547
1.45523
1.45499
1.45472
1.45439
1.45392
1.45318
1.45203
1.45024
1.44762
1.44397
1.43916
1.43314
1.42595
1.41769
1.40851
1.39871
1.38899
1.38074
1.376
1.3766
1.38306
1.39407
1.40715
1.41992
1.43076
1.43896
1.44443
1.44741
1.44829
1.44752
1.44557
1.4429
1.43996
1.43711
1.43459
1.43246
1.43061
1.42878
1.42668
1.42403
1.42064
1.41645
1.4115
1.40597
1.4002
1.39462
1.38977
1.38618
1.38429
1.38429
1.38606
1.38926
1.39336
1.39785
1.40229
1.4064
1.41
1.41303
1.41548
1.41741
1.41887
1.4199
1.42057
1.4209
1.42091
1.42062
1.42
1.41905
1.41773
1.41603
1.41395
1.41152
1.4088
1.40586
1.40279
1.39962
1.3963
1.39269
1.38865
1.38412
1.37933
1.37499
1.37216
1.3719
1.37453
1.37938
1.38496
1.38962
1.39204
1.39137
1.38727
1.3801
1.37124
1.36328
1.35925
1.3608
1.36704
1.37536
1.38319
1.38912
1.39286
1.39473
1.39531
1.39516
1.39476
1.39449
1.39456
1.39509
1.39607
1.39741
1.39894
1.40047
1.4018
1.40275
1.4032
1.40308
1.40244
1.40138
1.40013
1.39894
1.39809
1.39775
1.39801
1.39879
1.39995
1.40127
1.40258
1.40376
1.40477
1.40562
1.40634
1.407
1.40764
1.40831
1.40901
1.40971
1.41037
1.41093
1.41132
1.41145
1.41126
1.41068
1.40963
1.40806
1.40589
1.40308
1.39961
1.39554
1.39106
1.38655
1.38253
1.37958
1.37815
1.3783
1.37974
1.38188
1.3841
1.38594
1.38715
1.38766
1.38756
1.38696
1.38601
1.38485
1.38361
1.38243
1.38148
1.38093
1.38096
1.38168
1.38314
1.38527
1.38792
1.39088
1.39392
1.39677
1.39919
1.40094
1.40175
1.40137
1.3995
1.39596
1.39075
1.38428
1.37758
1.37216
1.36943
1.36993
1.37298
1.37714
1.38106
1.38391
1.38548
1.38591
1.38554
1.38471
1.38379
1.38305
1.38272
1.3829
1.38355
1.38453
1.38558
1.38647
1.38704
1.38722
1.38706
1.38669
1.38628
1.386
1.38595
1.38616
1.38659
1.38715
1.38775
1.38827
1.38865
1.38883
1.38877
1.38846
1.38788
1.38705
1.38601
1.38483
1.38364
1.38261
1.38195
1.38181
1.3823
1.38337
1.38489
1.38662
1.38828
1.38963
1.39047
1.3907
1.39028
1.38927
1.38776
1.38595
1.38405
1.38232
1.38103
1.38046
1.38083
1.38225
1.38464
1.38775
1.39124
1.39474
1.39792
1.40059
1.40262
1.404
1.40475
1.4049
1.4045
1.40359
1.40221
1.40039
1.39819
1.39576
1.3933
1.39113
1.38961
1.38909
1.38973
1.39146
1.39401
1.39693
1.39981
1.40231
1.40422
1.40546
1.40601
1.40594
1.40531
1.40425
1.40286
1.40126
1.39961
1.39803
1.39666
1.39563
1.39502
1.3949
1.39527
1.39607
1.39722
1.39859
1.40005
1.4015
1.4029
1.40425
1.40562
1.40714
1.40893
1.41105
1.41351
1.41619
1.41892
1.42149
1.42372
1.42545
1.42662
1.42721
1.42728
1.42691
1.42626
1.42548
1.42474
1.4242
1.42397
1.42411
1.42462
1.42543
1.42643
1.42745
1.4283
1.42876
1.42863
1.42768
1.42572
1.42262
1.41838
1.41318
1.40748
1.40195
1.39735
1.39429
1.39312
1.39389
1.39645
1.40054
1.40583
1.41194
1.41846
1.42495
1.43104
1.43643
1.44093
1.44438
1.4467
1.44779
1.44751
1.44577
1.44252
1.43785
1.43212
1.42594
1.42015
1.41557
1.41275
1.4118
1.41247
1.4143
1.4168
1.41959
1.4224
1.42504
1.42745
1.42963
1.43164
1.43359
1.4356
1.43776
1.4401
1.44262
1.44526
1.44793
1.45053
1.45298
1.4552
1.45716
1.45883
1.4602
1.46128
1.46209
1.46263
1.46293
1.46303
1.46296
1.46277
1.46253
1.46231
1.46219
1.46224
1.46253
1.4631
1.46396
1.46509
1.46644
1.46794
1.46947
1.47091
1.47215
1.47307
1.47361
1.47375
1.4736
1.47331
1.47316
1.47343
1.47431
1.47584
1.47784
1.47999
1.4819
1.48319
1.48359
1.48295
1.48126
1.47868
1.47551
1.4722
1.46922
1.467
1.46575
1.46541
1.4657
1.46619
1.46651
1.46641
1.46586
1.46495
1.46385
1.46268
1.46146
1.46006
1.45829
1.45596
1.45303
1.4498
1.44713
1.4463
1.44849
1.45408
1.46227
1.4715
1.48026
1.48759
1.49323
1.49735
1.50036
1.50269
1.50467
1.50654
1.50839
1.5102
1.51188
1.51331
1.51435
1.51492
1.51493
1.51436
1.5132
1.51148
1.50925
1.50659
1.5036
1.5004
1.49713
1.49396
1.49104
1.48851
1.48647
1.48499
1.48406
1.48362
1.4836
1.48387
1.48432
1.48485
1.48537
1.48581
1.48611
1.48622
1.48611
1.48575
1.48509
1.48411
1.48279
1.48114
1.47919
1.477
1.47471
1.4725
1.47056
1.4691
1.46824
1.46801
1.46831
1.46899
1.46982
1.4706
1.47114
1.47128
1.47092
1.46992
1.46818
1.46556
1.46199
1.4574
1.45183
1.4454
1.43841
1.43133
1.42493
1.42019
1.41811
1.41933
1.42378
1.43063
1.43857
1.44626
1.45261
1.45693
1.45889
1.45841
1.45564
1.45094
1.44484
1.43811
1.43164
1.42627
1.42258
1.42073
1.42038
1.4209
1.42168
1.42236
1.42288
1.42338
1.42409
1.42511
1.42641
1.42781
1.42903
1.42982
1.43
1.42951
1.42841
1.42687
1.42517
1.4236
1.42244
1.42189
1.42208
1.42299
1.4245
1.42641
1.42849
1.43049
1.43222
1.43349
1.43417
1.43414
1.43333
1.43168
1.42919
1.42593
1.42205
1.41782
1.41361
1.40982
1.40679
1.40471
1.40358
1.40324
1.40345
1.40399
1.40468
1.40537
1.40597
1.40636
1.40643
1.40606
1.40517
1.40377
1.40194
1.39994
1.39809
1.39678
1.39629
1.39671
1.39791
1.39959
1.40142
1.40308
1.40439
1.40525
1.40567
1.40568
1.40535
1.40478
1.40401
1.4031
1.40208
1.40096
1.39973
1.39836
1.39685
1.39517
1.39333
1.39137
1.3894
1.38755
1.38599
1.38491
1.38445
1.38468
1.38559
1.38708
1.389
1.3912
1.39353
1.39586
1.39813
1.40027
1.40225
1.40406
1.40569
1.40712
1.40836
1.4094
1.41023
1.41084
1.41123
1.41138
1.41127
1.41088
1.41019
1.40919
1.40788
1.40629
1.40451
1.40267
1.40098
1.39968
1.39906
1.39934
1.40066
1.40299
1.40619
1.41
1.41413
1.41835
1.42245
1.42634
1.42994
1.43327
1.43634
1.43917
1.44178
1.44416
1.44631
1.44822
1.44984
1.45116
1.45216
1.45284
1.4532
1.45324
1.453
1.45248
1.45168
1.4506
1.44917
1.4473
1.44487
1.44171
1.43766
1.43262
1.42663
1.41993
1.41303
1.40662
1.40136
1.3977
1.39569
1.395
1.39508
1.39541
1.39572
1.39612
1.39712
1.39941
1.40345
1.40912
1.41572
1.4223
1.42802
1.43235
1.43513
1.43642
1.4364
1.43525
1.43321
1.43053
1.42764
1.42512
1.42361
1.4236
1.42516
1.42793
1.43127
1.43449
1.43712
1.43888
1.43969
1.43961
1.43873
1.43717
1.43505
1.4325
1.42966
1.42668
1.42373
1.42097
1.41854
1.41651
1.41488
1.41358
1.41245
1.41133
1.41003
1.40845
1.40657
1.40457
1.40276
1.40161
1.40151
1.40267
1.40493
1.4078
1.41065
1.41287
1.414
1.41376
1.41205
1.40894
1.40462
1.3995
1.39413
1.38919
1.38537
1.38316
1.38279
1.38412
1.38678
1.3903
1.39422
1.39817
1.4019
1.40529
1.40826
1.4108
1.41292
1.41467
1.41609
1.41721
1.41811
1.41882
1.41939
1.41988
1.42028
1.4206
1.4208
1.42084
1.42063
1.42011
1.41918
1.41781
1.41599
1.41375
1.41118
1.40841
1.40559
1.40286
1.40036
1.39821
1.39655
1.3955
1.39517
1.39558
1.39666
1.39822
1.40001
1.4018
1.40338
1.40464
1.40553
1.40604
1.40613
1.40569
1.40454
1.40247
1.39935
1.39526
1.39053
1.38574
1.38161
1.37882
1.37784
1.37892
1.38194
1.38642
1.39159
1.39662
1.40089
1.40406
1.40607
1.40707
1.40728
1.40695
1.4063
1.40549
1.40466
1.40388
1.40317
1.40256
1.40203
1.40157
1.40117
1.40084
1.40057
1.40035
1.40017
1.40002
1.39987
1.39969
1.39944
1.39908
1.3986
1.39797
1.3972
1.3963
1.39532
1.39428
1.39324
1.39226
1.39139
1.39067
1.39012
1.38977
1.38961
1.38962
1.38976
1.39001
1.39031
1.39065
1.391
1.39137
1.39174
1.39215
1.39261
1.39313
1.39373
1.39442
1.3952
1.39606
1.39699
1.39796
1.39895
1.39992
1.40082
1.40162
1.40224
1.40261
1.40265
1.40224
1.40128
1.39963
1.39721
1.39401
1.39016
1.386
1.38209
1.37908
1.37751
1.37762
1.37923
1.38188
1.38508
1.38844
1.39174
1.39488
1.39778
1.40041
1.40268
1.40456
1.406
1.40698
1.40753
1.40769
1.40752
1.40712
1.40658
1.40602
1.40552
1.40517
1.40503
1.40511
1.40542
1.40592
1.40656
1.40729
1.40807
1.40888
1.40969
1.4105
1.41134
1.4122
1.41311
1.41406
1.41506
1.41607
1.41705
1.41794
1.41865
1.41909
1.41913
1.41862
1.41741
1.41534
1.41227
1.40812
1.40292
1.39687
1.39041
1.38422
1.37913
1.37596
1.37525
1.37708
1.38105
1.38644
1.39242
1.39831
1.40362
1.40807
1.4116
1.41423
1.41605
1.41719
1.41777
1.4179
1.41768
1.41724
1.41667
1.4161
1.41564
1.4154
1.41547
1.41589
1.41667
1.41776
1.41907
1.42049
1.42189
1.42315
1.42418
1.42492
1.42533
1.42541
1.42518
1.42469
1.424
1.42317
1.42227
1.42137
1.42054
1.41982
1.41926
1.41887
1.41865
1.41857
1.41858
1.41863
1.41862
1.41849
1.41814
1.41749
1.41648
1.41506
1.41321
1.411
1.40852
1.40596
1.40355
1.40159
1.40031
1.3999
1.4004
1.40175
1.40376
1.40621
1.40888
1.41157
1.41414
1.4165
1.4186
1.42042
1.42194
1.42311
1.42386
1.42404
1.42348
1.422
1.41941
1.41562
1.41076
1.40526
1.39995
1.39587
1.39392
1.39444
1.39703
1.40074
1.40449
1.40735
1.40858
1.40764
1.4041
1.39778
1.38907
1.37941
1.37148
1.36839
1.37176
1.38047
1.39159
1.40227
1.41092
1.4171
1.42103
1.42314
1.42386
1.42356
1.42251
1.42093
1.419
1.41684
1.41458
1.41234
1.41023
1.40836
1.40682
1.4057
1.40504
1.40482
1.40498
1.40544
1.40605
1.40668
1.40721
1.40755
1.40766
1.40752
1.40713
1.40652
1.40574
1.4048
1.40373
1.40251
1.40112
1.39953
1.39771
1.39566
1.39343
1.39116
1.38908
1.38751
1.38678
1.38712
1.38854
1.39081
1.39353
1.39627
1.39867
1.4005
1.40166
1.40216
1.40208
1.40153
1.40065
1.39957
1.39838
1.3972
1.3961
1.39512
1.3943
1.39363
1.39312
1.39274
1.39249
1.39236
1.39231
1.39236
1.39247
1.39264
1.39285
1.39308
1.39329
1.39345
1.39352
1.39347
1.39326
1.39286
1.39223
1.39137
1.39027
1.38897
1.38752
1.38597
1.38441
1.38294
1.38163
1.38054
1.37972
1.37918
1.37893
1.37897
1.37927
1.37981
1.38054
1.38139
1.38232
1.38324
1.38409
1.38484
1.38545
1.38593
1.38628
1.38652
1.38668
1.38679
1.38687
1.38694
1.38704
1.38717
1.38735
1.38758
1.38788
1.38823
1.38865
1.38913
1.38967
1.39027
1.39092
1.39161
1.39235
1.39311
1.39389
1.39467
1.39545
1.39619
1.39689
1.39752
1.39804
1.39842
1.39863
1.39862
1.39834
1.39776
1.39682
1.39551
1.3938
1.39173
1.38934
1.38673
1.38405
1.38149
1.37928
1.37764
1.37677
1.37679
1.37772
1.37947
1.38188
1.38469
1.38765
1.39054
1.39316
1.39539
1.39716
1.39844
1.39926
1.39967
1.39974
1.39952
1.39907
1.39842
1.39757
1.39653
1.39527
1.39381
1.39219
1.3905
1.38893
1.38771
1.38708
1.38728
1.38844
1.39054
1.39339
1.39672
1.40018
1.40347
1.40636
1.40868
1.41035
1.41134
1.41164
1.41127
1.41027
1.40868
1.40656
1.40401
1.40112
1.39804
1.3949
1.39186
1.38906
1.38663
1.38466
1.38318
1.3822
1.38171
1.38163
1.38183
1.38214
1.38224
1.38167
1.37981
1.37602
1.36993
1.36211
1.35474
1.35125
1.35438
1.36388
1.3767
1.38934
1.3997
1.4072
1.41215
1.4151
1.4166
1.41705
1.41673
1.41583
1.4145
1.41282
1.41092
1.4089
1.40691
1.40511
1.40371
1.40287
1.40275
1.40344
1.40494
1.40715
1.40993
1.41304
1.41627
1.4194
1.42223
1.42463
1.42647
1.42768
1.42822
1.42807
1.42727
1.42587
1.42396
1.42166
1.41912
1.4165
1.41399
1.41172
1.40984
1.40844
1.40755
1.40718
1.40724
1.40763
1.40822
1.40886
1.40942
1.40976
1.4098
1.40946
1.40875
1.4077
1.40644
1.40518
1.40423
1.40387
1.40435
1.40568
1.40762
1.40969
1.41127
1.41179
1.41085
1.40836
1.40462
1.40038
1.39676
1.39486
1.39528
1.39783
1.40164
1.4057
1.4092
1.41175
1.41331
1.41402
1.41407
1.41366
1.41292
1.41199
1.41103
1.41021
1.40969
1.40959
1.4099
1.41054
1.41131
1.41203
1.41254
1.41272
1.41254
1.41197
1.41103
1.40977
1.40821
1.40643
1.4045
1.4025
1.40051
1.39859
1.39679
1.39514
1.3937
1.39254
1.3918
1.39168
1.39239
1.39411
1.39688
1.40057
1.40491
1.40952
1.41407
1.41826
1.42193
1.42498
1.42735
1.42902
1.42997
1.43018
1.42967
1.4285
1.4268
1.4248
1.42277
1.42101
1.41968
1.41883
1.41831
1.41793
1.41755
1.41714
1.41686
1.41691
1.41747
1.4186
1.42019
1.42204
1.42391
1.42562
1.42706
1.4282
1.42906
1.4297
1.4302
1.43062
1.43103
1.43149
1.43205
1.43272
1.43353
1.43447
1.43552
1.43665
1.43783
1.43902
1.44017
1.44124
1.44218
1.44296
1.44353
1.44384
1.44383
1.44345
1.44261
1.44126
1.43929
1.43666
1.43333
1.42932
1.42475
1.41981
1.41475
1.40985
1.40531
1.40128
1.39783
1.39505
1.39305
1.39202
1.39212
1.39343
1.39583
1.39901
1.40252
1.4059
1.40883
1.41118
1.41299
1.41443
1.41568
1.41688
1.4181
1.41932
1.42049
1.42153
1.42235
1.4229
1.42316
1.42315
1.42291
1.42252
1.42208
1.42168
1.4214
1.42129
1.42138
1.42166
1.42207
1.42256
1.42305
1.42346
1.42373
1.4238
1.42365
1.42325
1.42261
1.42175
1.42074
1.41963
1.41849
1.4174
1.41639
1.41547
1.41459
1.41369
1.41267
1.4115
1.41019
1.40884
1.40761
1.40672
1.40636
1.40663
1.4075
1.40885
1.4105
1.41227
1.41406
1.4158
1.41748
1.41911
1.42068
1.4222
1.42361
1.42487
1.42589
1.42659
1.42689
1.42674
1.42617
1.42527
1.42425
1.42337
1.42287
1.42285
1.42318
1.42354
1.42352
1.42277
1.42114
1.41867
1.4156
1.41223
1.40882
1.40556
1.40263
1.40026
1.39871
1.39824
1.39897
1.40081
1.40351
1.40677
1.41031
1.41398
1.41773
1.42156
1.42545
1.42935
1.43316
1.43679
1.44013
1.44315
1.44584
1.44823
1.45037
1.45229
1.45403
1.45559
1.45696
1.4581
1.45896
1.4595
1.45968
1.45947
1.45887
1.4579
1.45661
1.4551
1.4535
1.45197
1.45065
1.44963
1.44893
1.44849
1.4482
1.44793
1.4476
1.44716
1.44664
1.44608
1.44553
1.44498
1.44436
1.44353
1.44233
1.44063
1.43838
1.43571
1.43287
1.43029
1.42837
1.42742
1.42755
1.42865
1.43045
1.43263
1.43492
1.43715
1.43931
1.44153
1.44398
1.44674
1.44978
1.45297
1.45611
1.45899
1.46146
1.46337
1.46466
1.4653
1.46529
1.4647
1.46361
1.46218
1.46055
1.45893
1.45746
1.45628
1.45545
1.455
1.45488
1.45502
1.45533
1.45573
1.45613
1.45648
1.4567
1.45674
1.45656
1.45613
1.45543
1.45448
1.4533
1.45191
1.45038
1.44875
1.44708
1.44543
1.44388
1.44252
1.44146
1.44081
1.44066
1.44109
1.44209
1.44359
1.44544
1.44746
1.44945
1.45122
1.45265
1.45365
1.45419
1.4543
1.45406
1.45356
1.45294
1.45231
1.45178
1.45141
1.45124
1.45124
1.45137
1.45155
1.45167
1.45162
1.45132
1.45071
1.44984
1.44886
1.44808
1.44785
1.44849
1.45014
1.45267
1.45576
1.45901
1.46203
1.46455
1.46641
1.4676
1.46813
1.46809
1.46759
1.46673
1.46563
1.46442
1.46319
1.46203
1.46097
1.45999
1.45899
1.45779
1.45609
1.45354
1.4497
1.44418
1.43668
1.42725
1.4166
1.40649
1.39955
1.39828
1.40346
1.41354
1.42572
1.43755
1.4477
1.4558
1.46206
1.46684
1.47052
1.47338
1.47561
1.47727
1.47837
1.47887
1.47867
1.47764
1.47565
1.47253
1.4682
1.46264
1.45603
1.44878
1.4416
1.43531
1.43078
1.42857
1.4289
1.4315
1.43576
1.44086
1.44604
1.45073
1.45461
1.4576
1.45976
1.46124
1.4622
1.46277
1.4631
1.46326
1.46332
1.46334
1.46332
1.46328
1.46322
1.46312
1.46295
1.46268
1.46227
1.46167
1.46085
1.45975
1.45832
1.45651
1.45429
1.45163
1.44851
1.44494
1.44096
1.43665
1.43211
1.4275
1.423
1.41884
1.41526
1.41248
1.41073
1.41012
1.41068
1.41229
1.41475
1.41781
1.42122
1.42477
1.42838
1.432
1.43564
1.43925
1.44275
1.44602
1.4489
1.45126
1.45299
1.45403
1.45437
1.454
1.45294
1.45122
1.44888
1.44594
1.44246
1.43851
1.43417
1.42956
1.42484
1.42023
1.41602
1.41253
1.41007
1.40886
1.40896
1.41024
1.41244
1.41521
1.41825
1.42131
1.42424
1.4269
1.42922
1.4311
1.43245
1.43315
1.43309
1.43214
1.4302
1.42718
1.42308
1.41798
1.4122
1.40626
1.4009
1.39698
1.39527
1.39616
1.39954
1.40483
1.41116
1.41766
1.42365
1.42871
1.43265
1.43542
1.43701
1.43745
1.4367
1.43467
1.43123
1.42623
1.41956
1.41124
1.40157
1.3912
1.38124
1.3731
1.36818
1.36737
1.37059
1.3768
1.38443
1.39203
1.39857
1.40355
1.40686
1.40865
1.40921
1.40896
1.40836
1.4079
1.40797
1.40883
1.4105
1.41283
1.41553
1.41825
1.42071
1.4227
1.42408
1.42482
1.42493
1.4245
1.42365
1.42254
1.42134
1.42023
1.41937
1.41886
1.41878
1.4191
1.41977
1.42066
1.42166
1.42261
1.42339
1.42389
1.42401
1.42365
1.42274
1.42119
1.41897
1.41606
1.41254
1.40857
1.40442
1.40047
1.39715
1.39486
1.39388
1.39431
1.39606
1.39893
1.4026
1.40673
1.41102
1.41518
1.41902
1.42241
1.42528
1.42763
1.42948
1.43089
1.4319
1.43256
1.43292
1.43299
1.43277
1.43227
1.43146
1.43033
1.42884
1.427
1.42479
1.42227
1.41949
1.41658
1.41366
1.4109
1.40846
1.40647
1.40502
1.40416
1.40386
1.40408
1.40474
1.40572
1.4069
1.40814
1.40934
1.4104
1.41127
1.41195
1.41248
1.41293
1.41336
1.4138
1.41428
1.41479
1.41531
1.4158
1.41624
1.41663
1.417
1.4174
1.41789
1.41849
1.41925
1.42015
1.42114
1.42212
1.423
1.42364
1.42395
1.42382
1.42317
1.42194
1.42012
1.41772
1.41475
1.41126
1.40733
1.403
1.3983
1.39325
1.38785
1.3821
1.3761
1.37016
1.36492
1.36136
1.36049
1.36287
1.36819
1.37532
1.38289
1.38978
1.39536
1.3995
1.40234
1.40416
1.40528
1.40598
1.40648
1.40694
1.40744
1.40801
1.40862
1.40925
1.40982
1.41028
1.41061
1.41075
1.41071
1.41048
1.41004
1.40939
1.40853
1.40742
1.40604
1.40437
1.40238
1.40005
1.39739
1.39444
1.3913
1.38813
1.38515
1.38261
1.38075
1.37972
1.37955
1.38014
1.38129
1.38273
1.38424
1.38564
1.38685
1.38784
1.38866
1.38938
1.39009
1.39088
1.39178
1.39281
1.39395
1.39516
1.39637
1.39752
1.39854
1.3994
1.40006
1.40051
1.40076
1.40081
1.40069
1.40043
1.40006
1.39962
1.39913
1.39864
1.39816
1.39773
1.39737
1.3971
1.39692
1.39683
1.3968
1.39677
1.39667
1.39638
1.39572
1.39453
1.39262
1.38991
1.38648
1.3827
1.37929
1.37718
1.3772
1.37969
1.38428
1.39015
1.39634
1.4021
1.40697
1.41072
1.41324
1.41445
1.41431
1.41277
1.40991
1.406
1.40163
1.39771
1.39525
1.39495
1.39684
1.40026
1.40423
1.40783
1.41047
1.41187
1.41204
1.41108
1.40922
1.40672
1.40386
1.40096
1.39833
1.39628
1.39506
1.39481
1.39551
1.39697
1.39889
1.40089
1.40262
1.40386
1.40452
1.40466
1.40444
1.40413
1.40398
1.40423
1.40496
1.40613
1.40757
1.40902
1.41023
1.41096
1.41108
1.41052
1.40929
1.40745
1.4051
1.40236
1.39934
1.39622
1.3932
1.39054
1.38857
1.38757
1.38777
1.38917
1.39162
1.39478
1.39824
1.40162
1.40464
1.40712
1.40898
1.41022
1.4109
1.41109
1.4109
1.41042
1.40975
1.40897
1.40816
1.40738
1.40667
1.40604
1.40547
1.40494
1.4044
1.40382
1.40315
1.40237
1.40151
1.4006
1.39968
1.3988
1.39799
1.39721
1.39636
1.39533
1.39396
1.39216
1.3899
1.38728
1.38451
1.38187
1.37976
1.37853
1.37848
1.3797
1.38203
1.38504
1.3882
1.39099
1.39305
1.39423
1.39455
1.39416
1.39327
1.3921
1.39086
1.3897
1.38871
1.38797
1.3875
1.38727
1.38722
1.38722
1.38709
1.38665
1.38578
1.38449
1.38297
1.38164
1.38101
1.38157
1.38361
1.38709
1.39168
1.39686
1.40208
1.40692
1.41111
1.41452
1.41713
1.41897
1.42011
1.42057
1.4204
1.4196
1.41816
1.41604
1.41321
1.40965
1.40537
1.40048
1.39513
1.3896
1.3842
1.37923
1.37486
1.37114
1.36791
1.36501
1.36239
1.36024
1.35902
1.35925
1.36135
1.36534
1.37084
1.37717
1.38356
1.38943
1.39448
1.3987
1.40228
1.40552
1.40864
1.41176
1.41486
1.41785
1.42061
1.42306
1.42517
1.42696
1.42846
1.42972
1.43076
1.43158
1.43215
1.43243
1.43236
1.43185
1.43086
1.42933
1.42724
1.42462
1.42159
1.41832
1.4151
1.41227
1.41018
1.40914
1.40927
1.41054
1.41271
1.41545
1.41844
1.42138
1.42409
1.42646
1.42842
