1.8
1.80001
1.80003
1.80005
1.80008
1.80011
1.80015
1.8002
1.80025
1.80031
1.80038
1.80045
1.80053
1.80061
1.8007
1.8008
1.80091
1.80102
1.80114
1.80127
1.8014
1.80154
1.80169
1.80185
1.80202
1.80219
1.80237
1.80256
1.80276
1.80297
1.80318
1.80341
1.80364
1.80388
1.80413
1.8044
1.80467
1.80495
1.80524
1.80555
1.80586
1.80619
1.80653
1.80688
1.80724
1.80762
1.80801
1.80841
1.80883
1.80926
1.80971
1.81018
1.81066
1.81116
1.81168
1.81221
1.81277
1.81335
1.81395
1.81457
1.81521
1.81588
1.81658
1.8173
1.81805
1.81883
1.81964
1.82049
1.82137
1.82228
1.82324
1.82423
1.82526
1.82635
1.82747
1.82865
1.82988
1.83117
1.83252
1.83392
1.8354
1.83694
1.83856
1.84026
1.84203
1.8439
1.84585
1.8479
1.85005
1.85231
1.85467
1.85715
1.85974
1.86244
1.86526
1.86819
1.87122
1.87435
1.87755
1.8808
1.88406
1.88728
1.8904
1.89331
1.89592
1.89807
1.89959
1.9003
1.9
1.89852
1.8958
1.89193
1.88722
1.88228
1.87794
1.87511
1.87452
1.87653
1.88102
1.88743
1.89494
1.90263
1.90965
1.91535
1.9194
1.92188
1.92331
1.92458
1.92673
1.93063
1.93661
1.94436
1.95307
1.96169
1.96927
1.97515
1.97903
1.98088
1.98094
1.97961
1.97737
1.97472
1.97204
1.96957
1.96738
1.96543
1.96363
1.96189
1.96009
1.95811
1.95589
1.9535
1.95126
1.94977
1.9497
1.95162
1.95575
1.96192
1.96968
1.97835
1.98727
1.99578
2.00333
2.00952
2.01411
2.017
2.01828
2.0182
2.01708
2.01537
2.01352
2.012
2.01118
2.01132
2.01252
2.01472
2.01772
2.02124
2.02494
2.02854
2.03178
2.03451
2.03666
2.03828
2.03946
2.04034
2.04106
2.04172
2.04238
2.04302
2.04362
2.04418
2.04469
2.04521
2.04578
2.04645
2.04724
2.04815
2.04912
2.0501
2.05106
2.05198
2.05287
2.05377
2.05475
2.05586
2.05719
2.05875
2.06058
2.06265
2.06491
2.06729
2.06971
2.07206
2.07424
2.07615
2.07771
2.07882
2.07942
2.07947
2.07893
2.07784
2.07628
2.0744
2.07237
2.07039
2.06865
2.06723
2.06607
2.06502
2.0638
2.06212
2.05974
2.05654
2.05259
2.04824
2.04409
2.04095
2.03968
2.04094
2.04496
2.05139
2.0594
2.06792
2.07584
2.08223
2.08634
2.08764
2.08584
2.08102
2.07383
2.06568
2.05865
2.05487
2.05562
2.06071
2.06869
2.07758
2.08559
2.09144
2.0943
2.09372
2.08953
2.08181
2.07096
2.05781
2.04372
2.03054
2.02032
2.01486
2.01515
2.02099
2.03114
2.04371
2.05678
2.06882
2.07891
2.08669
2.09222
2.09582
2.09792
2.09899
2.09943
2.09957
2.09964
2.09975
2.09998
2.10033
2.10076
2.10125
2.10178
2.10232
2.10287
2.10344
2.10401
2.1046
2.10518
2.10572
2.10616
2.10641
2.10635
2.10581
2.10458
2.10241
2.09905
2.09428
2.08802
2.08049
2.07227
2.06439
2.05808
2.05441
2.05375
2.05569
2.05926
2.06334
2.06709
2.07003
2.07203
2.07318
2.07372
2.07392
2.07401
2.07419
2.07456
2.07513
2.07583
2.07654
2.07711
2.07743
2.07744
2.07716
2.0767
2.0762
2.07585
2.07578
2.07603
2.07656
2.07726
2.07795
2.07847
2.07871
2.07861
2.07815
2.07742
2.07652
2.07556
2.07467
2.07396
2.07347
2.07324
2.07323
2.07341
2.07372
2.07412
2.07457
2.07507
2.07561
2.0762
2.07685
2.07757
2.07833
2.07909
2.0798
2.08035
2.08061
2.08043
2.07963
2.07801
2.07535
2.07145
2.06611
2.05926
2.05101
2.04172
2.03215
2.02341
2.01682
2.01363
2.01458
2.0197
2.02822
2.03889
2.05034
2.06142
2.07133
2.07961
2.08608
2.09072
2.09356
2.09466
2.09407
2.09182
2.088
2.08277
2.07648
2.06964
2.06292
2.05699
2.05233
2.04913
2.04722
2.04626
2.04592
2.04599
2.04645
2.04734
2.04869
2.05049
2.0526
2.05486
2.05707
2.05912
2.06095
2.06255
2.06395
2.06521
2.06638
2.06748
2.06853
2.06954
2.07049
2.07138
2.07219
2.07292
2.07356
2.07412
2.07459
2.075
2.07533
2.07562
2.07585
2.07605
2.07621
2.07633
2.07642
2.07645
2.07643
2.07632
2.07612
2.07579
2.07532
2.07468
2.07384
2.07277
2.07147
2.06993
2.06817
2.06625
2.06424
2.06225
2.06041
2.05884
2.05765
2.05688
2.05651
2.05646
2.05658
2.05673
2.05676
2.05655
2.05606
2.05529
2.05431
2.05321
2.05217
2.05133
2.05084
2.05084
2.05138
2.05246
2.054
2.05587
2.0579
2.0599
2.0617
2.06316
2.06421
2.06484
2.06509
2.06504
2.0648
2.06444
2.06402
2.06351
2.06285
2.06195
2.06074
2.05916
2.05724
2.05506
2.05278
2.05058
2.04866
2.04718
2.04626
2.0459
2.04603
2.0465
2.04711
2.04768
2.04808
2.04829
2.04841
2.04864
2.04921
2.05027
2.05186
2.05386
2.05609
2.0583
2.06032
2.06198
2.06317
2.06384
2.06392
2.06344
2.06248
2.06117
2.05975
2.05843
2.05743
2.05691
2.05692
2.05751
2.05871
2.06059
2.06322
2.06663
2.07076
2.0754
2.08026
2.08502
2.08936
2.09304
2.0959
2.09782
2.09875
2.09868
2.09762
2.09565
2.09288
2.0895
2.08577
2.08199
2.07843
2.07534
2.07287
2.07111
2.07009
2.06978
2.07007
2.07076
2.07157
2.0721
2.07198
2.07092
2.06877
2.06562
2.06178
2.05773
2.05404
2.05122
2.04958
2.04917
2.04975
2.05092
2.05224
2.05335
2.05408
2.05446
2.0547
2.0551
2.05595
2.0574
2.05941
2.06179
2.06432
2.06687
2.06947
2.07225
2.07532
2.0787
2.08227
2.08579
2.08897
2.09159
2.09346
2.09451
2.09472
2.0941
2.09268
2.09051
2.08763
2.08407
2.07991
2.07526
2.07031
2.06532
2.06067
2.05678
2.05405
2.05277
2.05304
2.05472
2.05753
2.06105
2.06491
2.06877
2.07241
2.07569
2.07856
2.08101
2.08305
2.08472
2.08605
2.08707
2.08781
2.08827
2.08847
2.08841
2.08811
2.0876
2.08693
2.08622
2.0856
2.08525
2.08534
2.08604
2.08743
2.08951
2.09214
2.0951
2.09808
2.10073
2.10269
2.10357
2.10298
2.10056
2.096
2.08917
2.08028
2.06992
2.05912
2.04916
2.04136
2.03697
2.03702
2.04198
2.05121
2.06285
2.07451
2.08419
2.09064
2.09334
2.09215
2.08713
2.07858
2.06725
2.0549
2.04439
2.03903
2.0409
2.04946
2.06186
2.07478
2.08587
2.09411
2.09946
2.10236
2.10337
2.10299
2.10165
2.09967
2.09733
2.09486
2.09249
2.09048
2.08911
2.08862
2.08911
2.09057
2.09278
2.09543
2.09816
2.10065
2.10263
2.10392
2.1044
2.10395
2.10243
2.09969
2.09556
2.08991
2.08275
2.07437
2.06549
2.05721
2.05092
2.0478
2.04835
2.0522
2.05826
2.06526
2.07205
2.07794
2.08261
2.08603
2.08836
2.08982
2.09065
2.09105
2.09117
2.09108
2.0908
2.09028
2.08948
2.08834
2.08687
2.08513
2.08329
2.08161
2.08034
2.07967
2.07971
2.0804
2.08162
2.0832
2.08502
2.08696
2.0889
2.09072
2.0922
2.09312
2.09326
2.09249
2.09076
2.08821
2.08511
2.08188
2.07895
2.07673
2.07546
2.07521
2.0759
2.07736
2.07934
2.0816
2.08389
2.08596
2.08763
2.08882
2.08951
2.08979
2.08978
2.08965
2.08957
2.0897
2.09017
2.09105
2.09233
2.09392
2.09567
2.09737
2.0988
2.09977
2.10014
2.09984
2.09884
2.09721
2.09506
2.09258
2.09004
2.0877
2.08583
2.08463
2.0842
2.08452
2.08551
2.08702
2.08892
2.0911
2.09344
2.09583
2.09814
2.10027
2.1021
2.10352
2.10446
2.10483
2.1046
2.10373
2.10223
2.1001
2.09739
2.09415
2.09047
2.08647
2.0823
2.07812
2.07411
2.07043
2.0672
2.06453
2.06242
2.06084
2.05973
2.05899
2.05862
2.05865
2.05918
2.06034
2.06219
2.0647
2.06771
2.07097
2.07418
2.07711
2.07957
2.08147
2.08282
2.08365
2.08407
2.08418
2.08408
2.08386
2.08361
2.08339
2.08322
2.08313
2.08311
2.08315
2.0832
2.08322
2.08317
2.08299
2.08262
2.08201
2.08112
2.07991
2.07838
2.07656
2.07453
2.07242
2.0704
2.0687
2.06753
2.06709
2.06747
2.06865
2.07047
2.07266
2.07482
2.0765
2.0772
2.07643
2.07369
2.06859
2.06094
2.05093
2.03936
2.02774
2.01823
2.01304
2.01357
2.0196
2.02918
2.03948
2.04782
2.05245
2.05277
2.04926
2.04331
2.03696
2.03236
2.03102
2.03327
2.03829
2.04463
2.05087
2.05613
2.06011
2.06308
2.06557
2.06814
2.07117
2.07475
2.07874
2.08291
2.08698
2.09078
2.0942
2.0972
2.09978
2.10194
2.10369
2.10501
2.10588
2.10623
2.10596
2.10496
2.10309
2.1002
2.0962
2.09109
2.08502
2.07837
2.07166
2.06539
2.05983
2.05474
2.04944
2.04308
2.03526
2.02659
2.01898
2.01512
2.01708
2.02504
2.03709
2.05052
2.06304
2.07338
2.08114
2.08646
2.08975
2.09143
2.09195
2.09169
2.09101
2.09024
2.0897
2.08966
2.09028
2.09159
2.09348
2.09574
2.09809
2.1003
2.10213
2.10345
2.10418
2.10426
2.10367
2.10238
2.10036
2.09755
2.09387
2.08923
2.08356
2.07683
2.06915
2.06077
2.05212
2.04382
2.03649
2.03069
2.02671
2.02456
2.02403
2.02477
2.02638
2.02846
2.03063
2.03259
2.03414
2.03523
2.03595
2.03649
2.03712
2.03805
2.03946
2.04139
2.04379
2.04652
2.0494
2.05224
2.05487
2.0572
2.05914
2.06068
2.06184
2.06263
2.06311
2.06333
2.06333
2.06316
2.06286
2.06244
2.06194
2.06135
2.06067
2.05989
2.05897
2.05788
2.05655
2.05492
2.05292
2.05047
2.04753
2.04405
2.04008
2.0357
2.0311
2.02657
2.02244
2.01905
2.01669
2.01551
2.01553
2.01659
2.01844
2.02079
2.02334
2.02588
2.02823
2.03029
2.03201
2.03336
2.0343
2.03482
2.03495
2.03477
2.0344
2.03404
2.03388
2.03405
2.0346
2.03545
2.03646
2.03745
2.0383
2.03898
2.0395
2.03995
2.04042
2.04106
2.04202
2.04348
2.04556
2.04828
2.05145
2.05474
2.05769
2.05985
2.06085
2.06047
2.05862
2.05533
2.05071
2.04498
2.0384
2.03135
2.02434
2.01805
2.01335
2.01107
2.01181
2.01564
2.02208
2.03026
2.03922
2.04815
2.0565
2.06398
2.07046
2.07591
2.08033
2.08373
2.0861
2.08746
2.08779
2.08708
2.08537
2.08271
2.07925
2.07523
2.07101
2.06703
2.06371
2.06136
2.06008
2.05974
2.06001
2.06049
2.06089
2.06117
2.06157
2.06256
2.06465
2.06812
2.07288
2.07846
2.08424
2.08963
2.09426
2.09795
2.10075
2.10281
2.10433
2.10552
2.10658
2.10764
2.1088
2.11008
2.11148
2.11293
2.11433
2.11554
2.1164
2.11676
2.11642
2.11521
2.11295
2.10951
2.10482
2.09895
2.09217
2.08499
2.07821
2.07275
2.06951
2.06901
2.07127
2.07579
2.08177
2.08838
2.09501
2.10131
2.10717
2.11263
2.11778
2.12268
2.12732
2.13165
2.1356
2.13905
2.14193
2.14415
2.14566
2.1464
2.14635
2.14548
2.14382
2.14142
2.13836
2.13482
2.13098
2.12709
2.12334
2.11987
2.11667
2.11366
2.11066
2.10755
2.10439
2.10157
2.09976
2.09979
2.10224
2.10712
2.11382
2.12136
2.12876
2.13533
2.14073
2.14491
2.14797
2.15008
2.15142
2.15212
2.15226
2.15188
2.15093
2.14935
2.14702
2.14384
2.13972
2.13462
2.12862
2.1219
2.11475
2.10752
2.10058
2.09429
2.089
2.08509
2.08295
2.08294
2.08521
2.08959
2.09555
2.10236
2.10927
2.11565
2.12106
2.12528
2.12823
2.12988
2.13026
2.12939
2.12731
2.12407
2.11976
2.11456
2.10875
2.10272
2.09696
2.09206
2.08858
2.08701
2.08758
2.09026
2.09466
2.10017
2.10609
2.11179
2.11679
2.12078
2.1236
2.12518
2.12551
2.12458
2.12241
2.11899
2.11439
2.10875
2.10235
2.09573
2.08966
2.08502
2.08258
2.08272
2.08527
2.08953
2.09455
2.09939
2.10325
2.10557
2.10601
2.10441
2.10092
2.09603
2.09068
2.08606
2.0833
2.08306
2.08518
2.08895
2.09345
2.09797
2.10216
2.10596
2.10941
2.11257
2.11542
2.11784
2.11963
2.12054
2.12026
2.11843
2.11464
2.10849
2.09957
2.08761
2.07257
2.05477
2.03501
2.01473
1.99604
1.98167
1.97449
1.97659
1.98818
2.00731
2.03051
2.05414
2.0754
2.09273
2.10569
2.11458
2.12004
2.12286
2.12376
2.12339
2.12225
2.12068
2.11893
2.11714
2.11536
2.11362
2.11188
2.11011
2.10829
2.10639
2.1044
2.10234
2.10022
2.09808
2.09597
2.09394
2.09205
2.09034
2.08885
2.08758
2.08653
2.08568
2.08501
2.08446
2.084
2.08359
2.08321
2.08283
2.08241
2.08195
2.08141
2.08076
2.07996
2.07898
2.07778
2.07631
2.07455
2.07253
2.07026
2.06784
2.06537
2.063
2.06088
2.05914
2.05788
2.05717
2.05705
2.05751
2.05853
2.06008
2.06212
2.06463
2.06757
2.07088
2.07448
2.07826
2.08209
2.08579
2.08923
2.09228
2.09482
2.09681
2.0982
2.09898
2.09913
2.09868
2.09763
2.09604
2.09394
2.09142
2.08856
2.08548
2.0823
2.07916
2.07623
2.07364
2.07154
2.07006
2.06926
2.06918
2.06975
2.07085
2.07228
2.07383
2.07525
2.07636
2.07702
2.07717
2.07684
2.07613
2.07523
2.07431
2.07353
2.07297
2.07266
2.07254
2.07254
2.07262
2.07275
2.07291
2.07305
2.07302
2.07254
2.07119
2.06855
2.06438
2.0588
2.05253
2.04683
2.04316
2.04251
2.04486
2.04926
2.05436
2.05903
2.06268
2.06517
2.06672
2.06762
2.06818
2.06862
2.06905
2.06951
2.06995
2.07032
2.07055
2.07057
2.07037
2.06994
2.06932
2.06856
2.06772
2.06688
2.06609
2.0654
2.06483
2.06436
2.06399
2.06369
2.06347
2.06331
2.06323
2.06327
2.06345
2.06376
2.06419
2.06469
2.06521
2.06565
2.06593
2.06597
2.06568
2.06499
2.06382
2.06212
2.05987
2.05706
2.05378
2.05019
2.04654
2.04316
2.04041
2.03863
2.03804
2.03871
2.04054
2.04328
2.04662
2.05023
2.05382
2.0572
2.06026
2.06296
2.0653
2.06734
2.06911
2.07068
2.0721
2.0734
2.07459
2.07569
2.07669
2.07757
2.07829
2.07883
2.07914
2.07918
2.0789
2.07826
2.07722
2.07577
2.07392
2.07172
2.06925
2.06666
2.0641
2.06174
2.05973
2.05816
2.05706
2.05636
2.05597
2.05574
2.05554
2.05531
2.0551
2.0551
2.05563
2.05707
2.05975
2.06375
2.06893
2.07488
2.08109
2.08707
2.09246
2.09703
2.10068
2.1034
2.10526
2.10631
2.10666
2.10638
2.10559
2.10439
2.10289
2.10121
2.09942
2.09759
2.09573
2.09381
2.09181
2.08976
2.08779
2.08615
2.08515
2.0851
2.08614
2.08814
2.09079
2.09362
2.09624
2.09838
2.10002
2.10131
2.10248
2.1038
2.10545
2.10746
2.10978
2.11223
2.11466
2.11692
2.11891
2.12057
2.12189
2.12283
2.12338
2.12347
2.12305
2.12209
2.12063
2.11881
2.1169
2.1152
2.11401
2.11355
2.11385
2.11484
2.11634
2.11819
2.12025
2.12244
2.12469
2.12692
2.12902
2.13083
2.13216
2.13279
2.13246
2.13096
2.12813
2.1239
2.11832
2.11165
2.10435
2.09712
2.0908
2.08633
2.08448
2.08569
2.08992
2.09661
2.10488
2.11371
2.12221
2.12971
2.13585
2.14046
2.14355
2.1452
2.14553
2.14465
2.14266
2.13966
2.13572
2.13092
2.12536
2.11916
2.11246
2.10539
2.09805
2.09037
2.08216
2.07313
2.06306
2.05207
2.04101
2.03149
2.02544
2.02423
2.02797
2.0356
2.04561
2.05675
2.06819
2.07942
2.09003
2.09961
2.10782
2.11436
2.1191
2.122
2.12319
2.12284
2.12123
2.11865
2.11546
2.112
2.10861
2.10559
2.10321
2.10165
2.10101
2.10125
2.1022
2.10361
2.10515
2.10652
2.10752
2.10805
2.10813
2.1079
2.10754
2.10727
2.10727
2.10765
2.10846
2.1096
2.11091
2.11213
2.11299
2.11318
2.11243
2.11053
2.10737
2.10301
2.09774
2.09212
2.08694
2.08303
2.08111
2.08146
2.08393
2.08797
2.0929
2.0981
2.1031
2.1076
2.11149
2.11473
2.11736
2.11949
2.12121
2.12263
2.12386
2.12497
2.12603
2.12708
2.12814
2.12923
2.13036
2.13155
2.1328
2.13412
2.13552
2.13698
2.13849
2.14005
2.14161
2.14313
2.14457
2.14585
2.14688
2.14756
2.14773
2.14724
2.14588
2.14345
2.13976
2.13466
2.1282
2.12062
2.11257
2.10503
2.09924
2.09636
2.09706
2.10127
2.10819
2.11662
2.12536
2.13348
2.14049
2.14623
2.15082
2.15454
2.1577
2.16058
2.16339
2.1662
2.16902
2.17175
2.17425
2.17633
2.1778
2.17847
2.17817
2.17676
2.17422
2.17065
2.16637
2.16192
2.15803
2.15546
2.15469
2.15577
2.15831
2.16161
2.16503
2.16814
2.17081
2.17321
2.17565
2.17844
2.18176
2.18558
2.18966
2.1936
2.19699
2.19945
2.20073
2.20076
2.19963
2.19758
2.19495
2.19212
2.18946
2.18724
2.1856
2.18452
2.1839
2.18358
2.18348
2.18362
2.18415
2.18536
2.18756
2.19098
2.19568
2.2015
2.208
2.2146
2.22063
2.22547
2.2286
2.22974
2.22883
2.22611
2.22213
2.21761
2.21327
2.2095
2.20623
2.20287
2.19867
2.19305
2.186
2.17823
2.1709
2.16521
2.16182
2.16065
2.1611
2.16249
2.16434
2.16651
2.16903
2.17212
2.17609
2.18137
2.18833
2.19695
2.20665
2.21642
2.22514
2.23196
2.23644
2.23855
2.23851
2.23668
2.23339
2.22893
2.22349
2.2172
2.21015
2.20256
2.19486
2.18775
2.18217
2.17904
2.17893
2.18182
2.18716
2.19401
2.20141
2.20857
2.21489
2.21998
2.22359
2.22554
2.22572
2.22408
2.22062
2.21543
2.20868
2.20068
2.19192
2.18309
2.17512
2.16897
2.16533
2.16431
2.16532
2.16735
2.16939
2.17075
2.17112
2.1705
2.16907
2.16709
2.16485
2.16262
2.16065
2.15907
2.15793
2.15716
2.1566
2.15609
2.15548
2.15468
2.15366
2.15245
2.15109
2.14964
2.14816
2.1467
2.14528
2.14392
2.14263
2.14139
2.1402
2.13906
2.13796
2.1369
2.13589
2.13493
2.13403
2.13321
2.13248
2.13183
2.1313
2.13087
2.13055
2.13035
2.13027
2.13029
2.13041
2.13061
2.13087
2.13115
2.13139
2.13155
2.13151
2.13116
2.13037
2.12896
2.12679
2.12376
2.11991
2.11548
2.11104
2.10743
2.10557
2.10613
2.10924
2.11439
2.1207
2.12725
2.13331
2.13846
2.1425
2.14541
2.14717
2.14778
2.14717
2.1452
2.14174
2.13672
2.13034
2.12325
2.11665
2.11214
2.1111
2.11402
2.12022
2.12823
2.13645
2.14375
2.14954
2.15365
2.15615
2.15718
2.15685
2.15521
2.15225
2.14798
2.14249
2.13603
2.12913
2.12261
2.11749
2.11475
2.11509
2.11873
2.12534
2.13417
2.1442
2.15443
2.16403
2.17246
2.17946
2.18497
2.18906
2.19185
2.19347
2.194
2.19355
2.19218
2.18999
2.18714
2.18384
2.18041
2.17725
2.17476
2.17328
2.17302
2.17396
2.17593
2.17866
2.18184
2.18519
2.18847
2.1915
2.19412
2.19622
2.19771
2.19854
2.19871
2.19826
2.19729
2.19594
2.1944
2.19288
2.19162
2.19083
2.19061
2.19093
2.19152
2.1919
2.19155
2.19
2.18704
2.18292
2.17829
2.17415
2.17137
2.17034
2.17067
2.17132
2.17101
2.16866
2.16376
2.15648
2.14775
2.13896
2.13145
2.126
2.12259
2.12067
2.11974
2.11967
2.1207
2.1232
2.12737
2.13305
2.13966
2.14635
2.15215
2.15615
2.15761
2.1561
2.15173
2.14541
2.13905
2.13511
2.1356
2.14091
2.14963
2.15947
2.16844
2.17542
2.18004
2.1824
2.18271
2.18115
2.17777
2.17252
2.16529
2.1561
2.14535
2.13407
2.124
2.11718
2.11497
2.11732
2.12285
2.12968
2.1363
2.14192
2.14629
2.14947
2.15161
2.15287
2.1534
2.15335
2.15284
2.15199
2.15078
2.14917
2.14701
2.14421
2.14075
2.13684
2.13286
2.12937
2.12686
2.1256
2.12555
2.12645
2.12792
2.12965
2.13144
2.13317
2.13471
2.13594
2.13673
2.13697
2.13661
2.13568
2.13429
2.1326
2.13084
2.12922
2.12793
2.12709
2.12673
2.12681
2.12719
2.12775
2.12832
2.1288
2.1291
2.12919
2.12906
2.12873
2.12824
2.12763
2.12696
2.12627
2.12562
2.12505
2.12459
2.12427
2.12412
2.12416
2.12439
2.12483
2.12548
2.12634
2.12741
2.12866
2.13009
2.13166
2.13335
2.13512
2.13692
2.13871
2.14045
2.14207
2.14352
2.14475
2.14569
2.14628
2.14647
2.14618
2.14536
2.14392
2.14174
2.13869
2.1346
2.12935
2.12303
2.11614
2.10982
2.10576
2.10565
2.11025
2.11893
2.12999
2.14157
2.15229
2.16145
2.16884
2.17446
2.17837
2.18061
2.18123
2.1804
2.17842
2.17584
2.17338
2.17177
2.1715
2.17265
2.17493
2.17781
2.1808
2.18356
2.18592
2.18781
2.1892
2.19001
2.1901
2.18925
2.18715
2.18338
2.17743
2.16877
2.15709
2.14293
2.12859
2.11848
2.11773
2.12867
2.14879
2.17247
2.19471
2.21286
2.22637
2.23575
2.2418
2.24529
2.24679
2.24667
2.2451
2.24213
2.23765
2.23152
2.22359
2.21381
2.20242
2.19009
2.17803
2.1679
2.16136
2.15946
2.16208
2.16777
2.17426
2.17924
2.1811
2.17937
2.17486
2.16946
2.16558
2.16519
2.1689
2.17577
2.18399
2.19178
2.1978
2.20115
2.20113
2.19723
2.18945
2.17894
2.16848
2.16185
2.16186
2.16835
2.17844
2.18869
2.19677
2.20186
2.20406
2.20381
2.20155
2.19755
2.19188
2.18441
2.17489
2.16326
2.15013
2.13741
2.12837
2.12638
2.13288
2.14627
2.16306
2.17987
2.19448
2.20587
2.21372
2.21799
2.21873
2.21598
2.20981
2.20056
2.189
2.17663
2.16557
2.15807
2.15562
2.15837
2.16523
2.17444
2.18432
2.19359
2.20146
2.20756
2.21179
2.2142
2.21493
2.21411
2.21186
2.2083
2.20359
2.1979
2.19155
2.18495
2.17867
2.17334
2.1696
2.16786
2.16823
2.17035
2.17347
2.17664
2.17887
2.17948
2.17822
2.1755
2.17226
2.1697
2.16873
2.16963
2.17214
2.17587
2.18067
2.18651
2.1933
2.2006
2.20778
2.21422
2.2195
2.22352
2.22639
2.2284
2.22984
2.23099
2.23207
2.23317
2.23435
2.23556
2.23675
2.23786
2.23881
2.23955
2.24007
2.24036
2.24043
2.24032
2.24005
2.2397
2.23931
2.23894
2.23863
2.23843
2.23836
2.23845
2.23871
2.23916
2.23982
2.24069
2.24177
2.24304
2.24442
2.2458
2.24699
2.24776
2.24785
2.24693
2.24472
2.24098
2.2356
2.22867
2.22059
2.21202
2.20393
2.19738
2.19329
2.19225
2.19432
2.19904
2.20557
2.21292
2.22019
2.22671
2.23209
2.23621
2.23911
2.24088
2.24163
2.24141
2.24023
2.2381
2.2351
2.23145
2.22753
2.22386
2.22097
2.2192
2.21857
2.21885
2.21956
2.22021
2.22041
2.21989
2.21851
2.2163
2.21338
2.21
2.20651
2.20336
2.201
2.19977
2.19983
2.20108
2.20321
2.20579
2.20837
2.2106
2.21226
2.21323
2.21352
2.21318
2.21233
2.21109
2.20962
2.20804
2.20647
2.205
2.20371
2.20263
2.20176
2.20109
2.20058
2.20019
2.19987
2.19959
2.19933
2.19906
2.19879
2.19855
2.19834
2.19822
2.1982
2.19832
2.19861
2.19904
2.19962
2.2003
2.20102
2.2017
2.20226
2.2026
2.20262
2.20223
2.20133
2.19985
2.19774
2.19497
2.19159
2.18773
2.18367
2.17979
2.17664
2.17476
2.17459
2.1763
2.17973
2.18437
2.18953
2.19447
2.19851
2.20107
2.20177
2.20043
2.19722
2.19279
2.1883
2.1852
2.18465
2.18697
2.19143
2.19658
2.201
2.20365
2.20411
2.20254
2.19947
2.19574
2.1922
2.18945
2.18765
2.18647
2.1853
2.18353
2.18086
2.17735
2.17349
2.16999
2.16759
2.16692
2.16831
2.17173
2.17684
2.18304
2.18962
2.19594
2.20146
2.20581
2.20875
2.21013
2.20984
2.20775
2.20368
2.19744
2.18889
2.17816
2.1659
2.15358
2.14343
2.13789
2.13853
2.14525
2.15635
2.1694
2.18221
2.19332
2.20205
2.20831
2.21233
2.21451
2.21529
2.21511
2.21432
2.21326
2.21217
2.21127
2.21069
2.21053
2.21083
2.21158
2.21273
2.21422
2.21594
2.21779
2.21967
2.22148
2.22312
2.22451
2.22558
2.22628
2.22656
2.22634
2.22555
2.22406
2.22172
2.21831
2.21359
2.20739
2.19967
2.19067
2.18108
2.17205
2.165
2.16123
2.16151
2.16577
2.17324
2.1827
2.19281
2.20243
2.21073
2.21725
2.2219
2.22476
2.22609
2.22615
2.22524
2.22364
2.22163
2.21946
2.2174
2.21571
2.21459
2.21421
2.21462
2.21576
2.21746
2.2195
2.22162
2.22358
2.22518
2.22627
2.22674
2.22652
2.22554
2.22379
2.22126
2.21805
2.21434
2.2104
2.20663
2.20344
2.20114
2.19988
2.19958
2.19998
2.20074
2.20155
2.20219
2.20256
2.20268
2.20263
2.20253
2.20251
2.20264
2.20297
2.20349
2.20418
2.20497
2.20583
2.20672
2.20766
2.20867
2.2098
2.2111
2.21259
2.21428
2.2161
2.21796
2.21967
2.22097
2.22148
2.22067
2.2178
2.21191
2.20184
2.18663
2.16627
2.14308
2.12242
2.11084
2.11148
2.12164
2.13553
2.1485
2.15847
2.16514
2.16895
2.17056
2.17076
2.17043
2.17043
2.17143
2.17377
2.17737
2.18183
2.18666
2.19141
2.19573
2.19942
2.20237
2.20452
2.20586
2.20634
2.20594
2.20458
2.20213
2.19843
2.19325
2.1863
2.17737
2.16647
2.15422
2.14217
2.13283
2.12876
2.13117
2.13904
2.14975
2.16052
2.16946
2.17568
2.17904
2.17969
2.17787
2.1738
2.16774
2.16
2.15109
2.1418
2.1332
2.12653
2.12287
2.12281
2.12625
2.13246
2.14035
2.1488
2.15691
2.16408
2.17
2.1746
2.17792
2.18008
2.18122
2.18152
2.18112
2.18016
2.17877
2.17707
2.17515
2.17312
2.17106
2.16905
2.16716
2.16544
2.16395
2.16271
2.16171
2.16096
2.16042
2.16006
2.15988
2.15987
2.16007
2.16057
2.16145
2.16284
2.16482
2.16746
2.17073
2.17452
2.1787
2.18307
2.18745
2.19168
2.19564
2.19925
2.20245
2.2052
2.20748
2.20925
2.21047
2.21106
2.21096
2.21003
2.20816
2.20518
2.20094
2.19528
2.1881
2.17941
2.16943
2.15865
2.14794
2.13852
2.13172
2.12871
2.13003
2.13547
2.14407
2.15447
2.16528
2.17534
2.18387
2.19047
2.19501
2.19758
2.19838
2.19769
2.19583
2.19315
2.18999
2.18669
2.18354
2.18076
2.17849
2.17679
2.17559
2.17479
2.17427
2.17391
2.1737
2.17368
2.17395
2.1746
2.17569
2.17714
2.1788
2.18045
2.18186
2.18281
2.18319
2.18291
2.18197
2.18039
2.17825
2.17562
2.1726
2.1693
2.16582
2.16224
2.15859
2.15482
2.15077
2.14617
2.14084
2.13493
2.12929
2.1255
2.12536
2.12987
2.13849
2.14936
2.16033
2.16981
2.17707
2.18204
2.18506
2.18661
2.18722
2.18736
2.18743
2.18773
2.18836
2.1893
2.1904
2.19145
2.19222
2.19257
2.19243
2.19186
2.19102
2.19017
2.1896
2.18962
2.19044
2.19217
2.19479
2.19821
2.20229
2.20689
2.21185
2.21695
2.22189
2.22634
2.22995
2.23245
2.23364
2.23345
2.23193
2.2292
2.22548
2.22107
2.21632
2.21165
2.20751
2.20435
2.20259
2.20256
2.20441
2.20805
2.21309
2.21889
2.22465
2.2295
2.23266
2.23344
2.2313
2.2259
2.21709
2.20521
2.19146
2.17849
2.1703
2.17053
2.17968
2.19431
2.20938
2.22115
2.22817
2.23069
2.22968
2.22628
2.2215
2.2162
2.21112
2.20697
2.20439
2.20383
2.20552
2.20935
2.2149
2.22154
2.22858
2.2354
2.2415
2.24661
2.25057
2.25339
2.25512
2.25587
2.25576
2.2549
2.25338
2.25129
2.24869
2.24566
2.24226
2.23857
2.23466
2.23064
2.22661
2.22265
2.21888
2.21536
2.21215
2.20925
2.20665
2.20431
2.20215
2.20012
2.19817
2.19623
2.19431
2.1924
2.19052
2.18872
2.18705
2.18557
2.1843
2.18326
2.18245
2.18182
2.1813
2.1808
2.18025
2.17954
2.17863
2.17746
2.17603
2.17435
2.17247
2.17041
2.16818
2.16575
2.16302
2.15984
2.15604
2.15148
2.14609
2.13997
2.13342
2.12691
2.1211
2.11662
2.114
2.1135
2.11508
2.1184
2.12296
2.12821
2.13366
2.13889
2.14361
2.14761
2.1508
2.15315
2.15468
2.15547
2.15562
2.15524
2.15447
2.15341
2.15219
2.15089
2.14957
2.14829
2.14704
2.14582
2.14463
2.14344
2.14227
2.14114
2.14011
2.1393
2.13883
2.13884
2.13944
2.14064
2.14236
2.1444
2.14653
2.14848
2.15004
2.15105
2.15144
2.1512
2.15037
2.14902
2.14728
2.14527
2.14314
2.14108
2.13926
2.13783
2.13693
2.13661
2.13682
2.13747
2.13837
2.13932
2.14016
2.14075
2.14103
2.141
2.14073
2.1403
2.13983
2.1394
2.13908
2.13886
2.13869
2.13844
2.13789
2.13682
2.13497
2.13217
2.12842
2.12395
2.1193
2.11522
2.11245
2.11144
2.1122
2.11425
2.11698
2.11981
2.1224
2.12463
2.12655
2.12824
2.12976
2.13113
2.13231
2.13322
2.13376
2.13388
2.13354
2.13276
2.13162
2.13024
2.12876
2.12734
2.12611
2.12516
2.12452
2.12417
2.12402
2.12395
2.12378
2.12329
2.12221
2.12021
2.11689
2.11183
2.10473
2.09563
2.08526
2.07531
2.06812
2.06577
2.06879
2.0759
2.08479
2.09337
2.10046
2.10574
2.10942
2.1119
2.1136
2.11483
2.11579
2.11659
2.11725
2.11775
2.11809
2.11822
2.11816
2.11789
2.11745
2.11688
2.11621
2.1155
2.1148
2.11415
2.11357
2.11308
2.11268
2.11235
2.11207
2.11179
2.11148
2.11114
2.11078
2.11044
2.1102
2.11017
2.11042
2.11098
2.11178
2.11266
2.11337
2.11361
2.11311
2.11171
2.1094
2.10639
2.10312
2.10011
2.0979
2.09679
2.09681
2.09775
2.09929
2.10116
2.10323
2.10548
2.10798
2.11079
2.11396
2.1175
2.12139
2.12555
2.12988
2.13423
2.13845
2.14239
2.14595
2.14907
2.15177
2.15411
2.15617
2.15802
2.15974
2.16134
2.16283
2.16423
2.1655
2.16667
2.16773
2.16874
2.16974
2.17078
2.17193
2.17325
2.17479
2.17656
2.17856
2.18077
2.18314
2.1856
2.18807
2.19045
2.19266
2.19461
2.19623
2.19744
2.19816
2.19832
2.19783
2.1966
2.19453
2.19153
2.18759
2.18281
2.17754
2.17241
2.16832
2.16617
2.16657
2.16953
2.17453
2.18071
2.18725
2.19355
2.1993
2.20439
2.20885
2.21273
2.21607
2.21891
2.22126
2.22313
2.22452
2.22545
2.22597
2.22618
2.22617
2.22605
2.22591
2.22578
2.22559
2.22518
2.22436
2.22289
2.22067
2.21769
2.21418
2.21052
2.20723
2.20482
2.20366
2.20389
2.20541
2.20797
2.21122
2.21482
2.21849
2.22201
2.22525
2.22814
2.23065
2.23281
2.23463
2.23614
2.23731
2.23808
2.23831
2.23778
2.23625
2.23346
2.22923
2.22355
2.2167
2.20927
2.20211
2.19612
2.19187
2.1894
2.18824
2.18763
2.18691
2.18567
2.18381
2.18148
2.17896
2.17656
2.17456
2.17319
2.1726
2.17284
2.17388
2.17557
2.17768
2.17996
2.18217
2.18415
2.18577
2.187
2.18783
2.18824
2.18825
2.18783
2.18695
2.18558
2.18369
2.18124
2.1782
2.17458
2.17043
2.16586
2.16112
2.15651
2.15245
2.14933
2.14745
2.14695
2.14776
2.14961
2.15213
2.15493
2.15762
2.15995
2.16174
2.1629
2.16344
2.1634
2.16288
2.16201
2.16092
2.1598
2.1588
2.15809
2.15779
2.15798
2.15866
2.15978
2.16121
2.16279
2.16434
2.16567
2.1666
2.16695
2.16656
2.16527
2.16293
2.15943
2.15475
2.14898
2.14244
2.13568
2.12947
2.12475
2.12238
2.12291
2.1264
2.13236
2.13992
2.14813
2.15612
2.16334
2.16949
2.17451
2.17847
2.1815
2.18377
2.18541
2.18657
2.18734
2.1878
2.18803
2.18807
2.18797
2.18777
2.18749
2.18718
2.18686
2.18657
2.18635
2.18621
2.1862
2.18631
2.18655
2.18691
2.18737
2.18789
2.18844
2.18899
2.18953
2.19009
2.19072
2.1915
2.19253
2.19392
2.19574
2.198
2.20063
2.20348
2.20633
2.20887
2.21077
2.21173
2.21148
2.20984
2.2068
2.2025
2.19733
2.19184
2.18675
2.18277
2.18048
2.18025
2.18214
2.18592
2.19111
2.197
2.20281
2.20785
2.21158
2.21371
2.21416
2.213
2.21045
2.20676
2.20222
2.19709
2.19162
2.18602
2.18047
2.17513
2.17019
2.16589
2.16253
2.16045
2.15996
2.16129
2.16452
2.16945
2.1757
2.1827
2.18984
2.19658
2.2025
2.20733
2.21095
2.21336
2.2146
2.21477
2.214
2.21239
2.21005
2.20709
2.20359
2.19967
2.19542
2.19096
2.18641
2.18189
2.17752
2.17343
2.1697
2.1664
2.16358
2.16124
2.15937
2.15793
2.15688
2.15617
2.15577
2.15565
2.15577
2.15605
2.15643
2.15679
2.15701
2.15699
2.15668
2.15607
2.15523
2.15422
2.15311
2.15186
2.15036
2.1484
2.14571
2.14202
2.13715
2.13114
2.12448
2.11831
2.11434
2.1143
2.11906
2.12797
2.13918
2.15054
2.16042
2.16801
2.17316
2.17615
2.17748
2.1777
2.17737
2.17693
2.17672
2.17684
2.17725
2.17778
2.17824
2.17846
2.1784
2.17808
2.17759
2.17705
2.1765
2.17593
2.17527
2.1744
2.17318
2.17151
2.16933
2.1666
2.16334
2.15959
2.15544
2.15106
2.14667
2.14257
2.1391
2.13662
2.13544
2.13578
2.13768
2.14101
2.14546
2.15064
2.15609
2.16138
2.1661
2.1699
2.17244
2.17342
2.17257
2.16965
2.16452
2.15718
2.14796
2.13764
2.12749
2.1191
2.11391
2.11262
2.11501
2.12012
2.12677
2.13399
2.14111
2.1478
2.15389
2.1593
2.164
2.16793
2.17105
2.17328
2.17454
2.17472
2.17374
2.17148
2.16788
2.16288
2.15652
2.14888
2.14017
2.13068
2.12089
2.11149
2.10346
2.09798
2.09618
2.09863
2.10502
2.11417
2.12445
2.13438
2.14294
2.1496
2.15423
2.15688
2.15768
2.1568
2.15434
2.15043
2.14522
2.13893
2.1319
2.12464
2.11779
2.11209
2.10818
2.10648
2.10703
2.10946
2.11311
2.11724
2.1212
2.12461
2.12744
2.12988
2.13231
2.13506
2.13827
2.14187
2.14562
2.1492
2.15234
2.15487
2.15674
2.15796
2.15861
2.15876
2.15851
2.15791
2.15707
2.15606
2.15498
2.15395
2.15309
2.15249
2.1522
2.15223
2.15253
2.15298
2.15348
2.15391
2.15418
2.15425
2.1541
2.15374
2.15322
2.15258
2.15189
2.15119
2.15055
2.15
2.14959
2.14934
2.1493
2.14949
2.14994
2.15066
2.15164
2.15285
2.15423
2.15568
2.15706
2.15822
2.159
2.15923
2.15879
2.15759
2.15563
2.15299
2.14991
2.14669
2.14375
2.1415
2.14026
2.1402
2.14126
2.14322
2.1457
2.14825
2.1505
2.15212
2.15291
2.15275
2.15164
2.14964
2.14686
2.14348
2.13973
2.13591
2.13237
2.12949
2.12763
2.12705
2.12791
2.13016
2.13359
2.13784
2.14248
2.14711
2.15137
2.15502
2.15793
2.16007
2.1615
2.16236
2.16283
2.1631
2.16336
2.16374
2.16426
2.16483
2.16523
2.16516
2.16432
2.16248
2.15965
2.15617
2.15267
2.14994
2.14863
2.14892
2.15051
2.15275
2.15496
2.15656
2.15708
2.15599
2.15265
2.14629
2.13632
2.12267
2.10637
2.08989
2.07678
2.07034
2.0717
2.0788
2.08749
2.09411
2.09776
2.10078
2.10708
2.11884
2.13477
2.15131
2.16525
2.17507
2.18076
2.18308
2.18304
2.18154
2.17935
2.17703
2.17498
2.17344
2.17249
2.17211
2.17213
2.17234
2.17243
2.17212
2.1711
2.16917
2.16623
2.16249
2.15857
2.15552
2.15462
2.15676
2.16194
2.16917
2.17689
2.18362
2.18827
2.19022
2.18913
2.18469
2.17656
2.16435
2.14819
2.12968
2.11305
2.10445
2.10815
2.12272
2.1421
2.16027
2.1741
2.18314
2.18823
2.19053
2.19108
2.19068
2.18987
2.18904
2.1884
2.1881
2.18817
2.1886
2.18932
2.19021
2.19116
2.19199
2.19254
2.19262
2.19206
2.19066
2.18826
2.1847
2.17989
2.17382
2.16666
2.15876
2.15069
2.14317
2.13683
2.13206
2.12888
2.127
2.12614
2.12621
2.12741
2.13005
2.13437
2.14026
2.14731
2.15485
2.16224
2.16894
2.17461
2.17913
2.18252
2.18487
2.18634
2.18708
2.1872
2.1868
2.18594
2.1846
2.18275
2.1803
2.17714
2.17313
2.16817
2.16224
2.1555
2.14836
2.14156
2.13603
2.13272
2.13218
2.13439
2.13868
2.14402
2.14933
2.15372
2.15653
2.15741
2.15623
2.15312
2.14842
2.14262
2.13614
2.12916
2.12168
2.11386
2.10664
2.10182
2.10126
2.10549
2.11312
2.12163
2.12887
2.13384
2.13675
2.13851
2.14027
2.14293
2.14687
2.15197
2.15772
2.16353
2.16895
2.17368
2.17761
2.1807
2.18299
2.18448
2.18519
2.18513
2.18428
2.18263
2.18021
2.17703
2.17314
2.1686
2.1635
2.15792
2.152
2.14589
2.13982
2.13404
2.12889
2.12474
2.12193
2.12075
2.12135
2.12371
2.12759
2.13255
2.13801
2.14335
2.148
2.15151
2.1536
2.1542
2.15347
2.15179
2.14973
2.1479
2.14679
2.14661
2.14726
2.14831
2.14926
2.14963
2.14911
2.14755
2.14498
2.14163
2.13783
2.13407
2.13087
2.12867
2.12777
2.12819
2.12971
2.13198
2.13463
2.13731
2.13982
2.14203
2.14389
2.1454
2.14656
2.14741
2.14795
2.1482
2.14818
2.14792
2.14745
2.14682
2.14607
2.14528
2.14451
2.1438
2.14319
2.14269
2.14231
2.14202
2.14178
2.14154
2.14127
2.14094
2.14052
2.14001
2.13942
2.13878
2.13814
2.13753
2.13703
2.1367
2.13661
2.13681
2.13734
2.13821
2.13938
2.1408
2.14238
2.14403
2.14564
2.14711
2.14836
2.1493
2.14982
2.14978
2.14899
2.14715
2.14389
2.13869
2.131
2.12024
2.10608
2.08881
2.07003
2.05337
2.04411
2.0465
2.06028
2.08047
2.10093
2.11769
2.12954
2.13701
2.14132
2.14375
2.14535
2.14688
2.14879
2.15127
2.1543
2.15771
2.1613
2.16483
2.1681
2.17096
2.17324
2.17484
2.17561
2.17543
2.17416
2.17163
2.16772
2.16237
2.15566
2.1479
2.13967
2.13185
2.12547
2.12152
2.12068
2.12305
2.12823
2.13542
2.14368
2.15216
2.16018
2.16727
2.17315
2.17769
2.18085
2.18262
2.18306
2.18221
2.18014
2.17691
2.17262
2.16738
2.16135
2.15481
2.14817
2.14193
2.13662
2.13258
2.12986
2.12828
2.12752
2.12733
2.1276
2.12833
2.12964
2.13171
2.1347
2.13865
2.14339
2.14857
2.15378
2.15861
2.16276
2.16605
2.16841
2.16984
2.17038
2.17011
2.16914
2.16757
2.16553
2.16318
2.16064
2.15807
2.15559
2.15333
2.15135
2.14968
2.1483
2.14712
2.14603
2.14485
2.14342
2.14157
2.13916
2.1361
2.13238
2.12805
2.12324
2.11808
2.11276
2.10741
2.10216
2.09721
2.09277
2.08914
2.08663
2.08541
2.08548
2.08669
2.08878
2.09147
2.09456
2.09786
2.10123
2.1045
2.10752
2.11014
2.11228
2.11387
2.11491
2.11542
2.1154
2.11491
2.11396
2.11258
2.11078
2.10861
2.10612
2.10337
2.10049
2.09762
2.09495
2.09266
2.09092
2.08984
2.08943
2.08961
2.09021
2.09101
2.09177
2.09223
2.09215
2.0913
2.08941
2.08625
2.08162
2.07547
2.06813
2.06048
2.05398
2.05041
2.05103
2.05595
2.06401
2.07346
2.0827
2.09073
2.09714
2.10189
2.10514
2.10704
2.10772
2.10721
2.10545
2.10234
2.09773
2.09149
2.08361
2.07427
2.06391
2.05335
2.0437
2.0362
2.03194
2.0315
2.03472
2.04068
2.04796
2.05508
2.06084
2.0646
2.06629
2.06635
2.06561
2.06503
2.06542
2.06719
2.0702
2.07393
2.07772
2.08108
2.08384
2.08612
2.08829
2.09069
2.0935
2.09665
2.09984
2.10268
2.10484
2.10611
2.10648
2.10611
2.10527
2.10425
2.10329
2.10252
2.10191
2.1013
2.10046
2.09913
2.09712
2.09435
2.09086
2.08683
2.08262
2.07868
2.0755
2.0735
2.07291
2.07368
2.07556
2.07814
2.081
2.08376
2.08618
2.08814
2.08968
2.0909
2.092
2.09319
2.09466
2.09651
2.09876
2.10133
2.10407
2.10681
2.10941
2.11172
2.11368
2.11524
2.1164
2.11715
2.11755
2.11761
2.11737
2.11689
2.11618
2.1153
2.11428
2.11314
2.11192
2.11066
2.1094
2.1082
2.10713
2.10629
2.10579
2.10577
2.10631
2.10751
2.10937
2.11183
2.11475
2.11792
2.12109
2.12397
2.12627
2.12774
2.12813
2.12729
2.12516
2.12183
2.11765
2.1132
2.10931
2.10691
2.10669
2.10896
2.11341
2.11935
2.12591
2.13229
2.13795
2.14258
2.14609
2.1485
2.1499
2.15041
2.15013
2.14916
2.14756
2.14538
2.14266
2.13946
2.13598
2.13257
2.12981
2.12839
2.12894
2.13169
2.13635
2.14219
2.14828
2.15379
2.15817
2.16115
2.16271
2.16292
2.16196
2.16006
2.15749
2.1546
2.15186
2.14978
2.14882
2.14921
2.15086
2.15334
2.15604
2.15836
2.1599
2.1605
2.16025
2.15941
2.15833
2.15733
2.15665
2.15642
2.15669
2.15745
2.15862
2.16016
2.16198
2.16401
2.16616
2.16837
2.17057
2.17272
2.17478
2.17676
2.17863
2.18039
2.18205
2.1836
2.18504
2.18636
2.18757
2.18866
2.18962
2.19042
2.19104
2.19142
2.19147
2.19112
2.19025
2.18875
2.18651
2.18342
2.17941
2.17445
2.16857
2.1619
2.15463
2.14708
2.13963
2.13272
2.12674
2.12196
2.11838
2.11581
2.11391
2.11235
2.111
2.1099
2.10928
2.10945
2.11063
2.11296
2.11646
2.12108
2.12671
2.13317
2.14022
2.14755
2.15482
2.16167
2.16784
2.17311
2.17738
2.18064
2.18292
2.18429
2.18488
2.18477
2.1841
2.18299
2.18155
2.1799
2.17818
2.17651
2.17498
2.17369
2.17268
2.17198
2.17155
2.17136
2.17131
2.17133
2.17132
2.17118
2.17084
2.17022
2.16925
2.16788
2.16603
2.16367
2.16074
2.15724
2.15316
2.14864
2.14389
2.13934
2.13556
2.13316
2.13262
2.13404
2.13709
2.14107
2.14519
2.14876
2.15134
2.15271
2.15273
2.15123
2.14802
2.14327
2.13804
2.13447
2.13511
2.14127
2.15189
2.16401
2.17447
2.1811
2.18301
2.18022
2.17327
2.16301
2.15036
2.13623
2.12145
2.10687
2.09359
2.08314
2.07729
2.07735
2.08327
2.09339
2.10518
2.11633
2.12552
2.13241
2.13738
2.14111
2.14432
2.14753
2.15103
2.1548
2.15863
2.16223
2.16532
2.16767
2.16918
2.16981
2.16958
2.16856
2.16681
2.16439
2.16134
2.15766
2.1533
2.14821
2.1423
2.1355
2.12778
2.11923
2.11006
2.1007
2.09182
2.08425
2.0789
2.07654
2.07747
2.08146
2.08774
2.09527
2.10298
2.11003
2.11585
2.12017
2.12294
2.12427
2.12437
2.12349
2.12191
2.11991
2.11775
2.11565
2.11378
2.11225
2.11109
2.1103
2.10979
2.10946
2.1092
2.10889
2.1084
2.10764
2.10652
2.105
2.10304
2.10066
2.09792
2.09492
2.0918
2.08872
2.08589
2.08348
2.08164
2.08045
2.07991
2.07993
2.08035
2.08095
2.08152
2.08187
2.08192
2.08169
2.08134
2.08115
2.08141
2.08239
2.08418
2.08672
2.08977
2.09296
2.09593
2.09831
2.09983
2.10021
2.09925
2.09673
2.09256
2.08681
2.07994
2.07289
2.06707
2.06393
2.06433
2.06795
2.0734
2.07876
2.08221
2.08243
2.07872
2.0713
2.06161
2.0525
2.04747
2.04885
2.05631
2.06721
2.07846
2.08799
2.09507
2.09987
2.10292
2.10479
2.10594
2.10667
2.10713
2.10739
2.10745
2.10728
2.10686
2.10617
2.1052
2.10397
2.1025
2.10084
2.09904
2.09715
2.09523
2.09332
2.09145
2.0896
2.08772
2.08572
2.08351
2.08101
2.07823
2.07537
2.07277
2.07095
2.07046
2.07168
2.07467
2.07916
2.08466
2.0906
2.09651
2.10208
2.10714
2.11169
2.11577
2.1195
2.12298
2.1263
2.12952
2.13268
2.13576
2.13875
2.1416
2.1443
2.14683
2.14916
2.15132
2.15331
2.15515
2.15687
2.15848
2.16
2.16143
2.16277
2.164
2.16507
2.16593
2.16649
2.16661
2.16616
2.16495
2.16278
2.15951
2.15505
2.14953
2.14332
2.13711
2.13175
2.12805
2.12644
2.12688
2.12894
2.1321
2.136
2.14043
2.14529
2.15043
2.15561
2.16045
2.16454
2.16743
2.16873
2.1681
2.16532
2.16034
2.15334
2.14478
2.13545
2.12637
2.11858
2.11295
2.10994
2.10965
2.11191
2.11635
2.12252
2.12977
2.13737
2.14459
2.15078
2.15553
2.15869
2.16034
2.16079
2.16051
2.16013
2.16028
2.16155
2.16429
2.16853
2.17398
2.18009
2.18625
2.19191
2.19668
2.20036
2.20292
2.20448
2.20524
2.20544
2.20532
2.20505
2.20473
2.20435
2.20381
2.20298
2.20172
2.19991
2.1975
2.19451
2.19104
2.18725
2.18331
2.17942
2.17576
2.17245
2.16955
2.16705
2.1649
2.16304
2.16147
2.16031
2.1598
2.16025
2.16192
2.16491
2.16906
2.17404
2.17935
2.18453
2.18924
2.19327
2.19657
2.1992
2.2013
2.20304
2.20458
2.20605
2.20754
2.20907
2.21063
2.21216
2.21359
2.21482
2.2158
2.21649
2.2169
2.21709
2.21716
2.21724
2.21743
2.21782
2.2184
2.21909
2.21972
2.22007
2.21993
2.21906
2.21731
2.21465
2.21115
2.20705
2.20269
2.19845
2.19466
2.19154
2.18919
2.1877
2.1872
2.18791
2.19002
2.19364
2.1986
2.2045
2.21073
2.21671
2.22197
2.2262
2.2293
2.23129
2.23227
2.2324
2.23184
2.23076
2.22928
2.22747
2.22536
2.22292
2.22009
2.21683
2.21314
2.20915
2.2051
2.20134
2.19825
2.19614
2.1951
2.19501
2.1956
2.19651
2.19744
2.19818
2.19871
2.19907
2.19938
2.19976
2.20024
2.20081
2.20134
2.20172
2.20179
2.20141
2.20046
2.19884
2.19649
2.19336
2.18948
2.18492
2.17989
2.17468
2.16971
2.16543
2.16229
2.16058
2.1604
2.16161
2.16387
2.16673
2.16973
2.17247
2.17464
2.17606
2.17663
2.17626
2.17492
2.17253
2.16902
2.16435
2.15855
2.15189
2.14496
2.13865
2.13408
2.13214
2.13314
2.13667
2.14177
2.14739
2.15269
2.15722
2.16083
2.16357
2.16561
2.16712
2.16826
2.16916
2.16992
2.17059
2.1712
2.17177
2.17229
2.17275
2.17311
2.17335
2.17343
2.17331
2.17295
2.1723
2.17133
2.17001
2.16834
2.16633
2.16399
2.16135
2.15845
2.15528
2.15181
2.148
2.14382
2.1394
2.13506
2.13137
2.12909
2.12886
2.13098
2.13516
2.14067
2.14662
2.15223
2.15704
2.16091
2.16397
2.1665
2.16884
2.17127
2.17391
2.17664
2.17917
2.18105
2.18183
2.1811
2.17863
2.17442
2.16868
2.16184
2.1544
2.1469
2.13985
2.13373
2.12903
2.12618
2.12533
2.12622
2.1282
2.13045
2.13228
2.13324
2.13322
2.13228
2.13063
2.12853
2.12634
2.1245
2.1235
2.12374
2.12542
2.12843
2.13241
2.13688
2.1414
2.14562
2.14932
2.15238
2.15478
2.15652
2.15766
2.15827
2.15842
2.1582
2.15771
2.15704
2.15628
2.15553
2.15486
2.15434
2.15402
2.15391
2.15403
2.15434
2.15479
2.15533
2.15588
2.15636
2.15668
2.15678
2.15655
2.15593
2.15484
2.1532
2.151
2.14823
2.145
2.14144
2.13777
2.13417
2.13077
2.12754
2.1244
2.12131
2.11849
2.11651
2.11623
2.11844
2.12347
2.13097
2.13998
2.14933
2.15797
2.16517
2.17046
2.17365
2.17471
2.17384
2.17143
2.16816
2.16488
2.16243
2.1613
2.16139
2.16201
2.16208
2.16049
2.15637
2.14938
2.13986
2.12905
2.11896
2.11175
2.10869
2.10952
2.11272
2.1165
2.1196
2.1215
2.12214
2.12166
2.12023
2.118
2.11515
2.11198
2.10887
2.1063
2.10484
2.10503
2.10733
2.11187
2.11833
2.12598
2.13386
2.1411
2.14709
2.15156
2.15449
2.15603
2.15642
2.15591
2.15479
2.15332
2.15177
2.15039
2.1494
2.14893
2.14905
2.14972
2.15083
2.15222
2.15374
2.15525
2.15665
2.15789
2.15894
2.1598
2.16046
2.16095
2.16126
2.16138
2.16129
2.16094
2.16028
2.15921
2.15765
2.15547
2.15257
2.14886
2.14429
2.13888
2.13281
2.12641
2.12017
2.1147
2.11062
2.1084
2.10823
2.10998
2.11334
2.11789
2.12323
2.12904
2.13507
2.14108
2.14682
2.15204
2.15646
2.15979
2.16181
2.16233
2.16126
2.1586
2.15453
2.14942
2.14378
2.13823
2.13331
2.12945
2.12689
2.12569
2.12586
2.12722
2.12947
2.13217
2.13484
2.13704
2.13847
2.13897
2.13855
2.13739
2.13589
2.13465
2.13437
2.13562
2.1386
2.14297
2.14795
2.1525
2.15557
2.15629
2.15409
2.14895
2.14162
2.13384
2.12804
2.12637
2.12948
2.13614
2.14403
2.15102
2.15585
2.15813
2.15805
2.15604
2.1526
2.14822
2.14334
2.13838
2.13374
2.1298
2.12686
2.12511
2.12457
2.12509
2.1264
2.12815
2.13007
2.13191
2.13358
2.13506
2.1364
2.1377
2.13906
2.14053
2.14216
2.14392
2.14578
2.14767
2.1495
2.1512
2.15269
2.15392
2.15483
2.15537
2.15552
2.15523
2.15447
2.15321
2.15144
2.14914
2.14632
2.14303
2.13933
2.13536
2.13128
2.12734
2.12379
2.12093
2.11903
2.11832
2.11892
2.12077
2.12367
2.12726
2.13107
2.13463
2.13749
2.13934
2.13998
2.13938
2.13763
2.13495
2.13159
2.12786
2.12401
2.12024
2.11668
2.11341
2.11049
2.10794
2.10574
2.10379
2.10187
2.09967
2.09685
2.09321
2.08877
2.08385
2.07902
2.07506
2.0727
2.07245
2.07452
2.07868
2.08444
2.09115
2.09818
2.10502
2.11131
2.11686
2.12162
2.12563
2.12897
2.13175
2.13409
2.13607
2.13775
2.13915
2.14028
2.14111
2.14159
2.14167
2.14127
2.14034
2.13884
2.13679
2.13425
2.1314
2.1285
2.12592
2.124
2.12305
2.12321
2.12439
2.12636
2.12878
2.13132
2.13372
2.1358
2.13752
2.13887
2.13991
2.14071
2.14136
2.14192
2.14247
2.14305
2.14371
2.14446
2.14531
2.14623
2.14716
2.14801
2.14865
2.14894
2.14871
2.1478
2.14609
2.14352
2.14012
2.13608
2.13174
2.12761
2.1243
2.12239
2.12232
2.12423
2.12796
2.13308
2.13903
2.14516
2.15088
2.15564
2.15891
2.16024
2.15922
2.15572
2.15004
2.14319
2.13698
2.13344
2.13393
2.13829
2.14495
2.1519
2.15763
2.1615
2.16361
2.16457
2.16508
2.1658
2.16711
2.16911
2.17164
2.17443
2.17716
2.17962
2.18167
2.18327
2.18447
2.18532
2.18591
2.18629
2.18651
2.18656
2.18642
2.18606
2.18541
2.18441
2.18303
2.18125
2.17908
2.17655
2.17372
2.17066
2.16746
2.16422
2.16111
2.1584
2.15647
2.15577
2.15673
2.15956
2.16404
2.16949
2.17486
2.1789
2.18041
2.1784
2.17237
2.16265
2.15076
2.1394
2.13173
2.12999
2.13429
2.1426
2.15171
2.15853
2.161
2.15862
2.15273
2.14632
2.14296
2.1449
2.15185
2.16158
2.17153
2.18011
2.1868
2.19174
2.19534
2.19796
2.19989
2.20134
2.20245
2.20327
2.20376
2.20371
2.20271
2.20023
2.19569
2.18873
2.17962
2.1697
2.16154
2.15804
2.16085
2.16912
2.18016
2.19099
2.1997
2.20557
2.2087
2.20961
2.20894
2.20732
2.2053
2.20337
2.20187
2.20103
2.20092
2.20145
2.20244
2.20365
2.20486
2.20588
2.20658
2.20692
2.20689
2.2065
2.20576
2.20466
2.20313
2.20108
2.1984
2.19497
2.19069
2.18561
2.17991
2.17393
2.16815
2.163
2.15874
2.1553
2.15237
2.14955
2.1466
2.1436
2.14092
2.13909
2.13855
2.13946
2.14172
2.145
2.14893
2.15319
2.15753
2.16175
2.16568
2.16915
2.17202
2.17415
2.17549
2.17603
2.17583
2.17497
2.1736
2.17189
2.17
2.16809
2.1663
2.16472
2.16338
2.16224
2.16117
2.15992
2.15816
2.15544
2.15124
2.14505
2.13666
2.12648
2.11602
2.10778
2.1044
2.10701
2.1145
2.12427
2.13374
2.14138
2.14668
2.14977
2.15102
2.15079
2.14938
2.14701
2.14387
2.1402
2.13636
2.1328
2.13006
2.12861
2.12868
2.13019
2.13275
2.13582
2.13885
2.14144
2.14339
2.14466
2.14537
2.14569
2.14581
2.14592
2.14611
2.14642
2.14679
2.14711
2.14722
2.14697
2.14627
2.14509
2.1435
2.14168
2.13989
2.1384
2.13744
2.13713
2.13744
2.13818
2.13904
2.13967
2.13972
2.13903
2.13773
2.13632
2.13553
2.13599
2.13776
2.14013
2.14175
2.14115
2.13729
2.12985
2.11944
2.10749
2.09609
2.08778
2.08499
2.08908
2.09931
2.11307
2.12723
2.13951
2.14895
2.15554
2.15973
2.16206
2.16307
2.16321
2.16288
2.16245
2.1622
2.16237
2.16304
2.16419
2.16567
2.16728
2.16876
2.16992
2.17057
2.1706
2.16995
2.16863
2.16672
2.16439
2.16188
2.1594
2.1571
2.15489
2.15243
2.14926
2.14503
2.13989
2.13466
2.13077
2.12959
2.13167
2.13637
2.14229
2.14799
2.15259
2.15581
2.15775
2.15874
2.15907
2.15901
2.15875
2.1585
2.15842
2.15864
2.15924
2.16017
2.16128
2.1623
2.1629
2.16273
2.16146
2.15882
2.15466
2.14897
2.14202
2.13433
2.12676
2.12033
2.11598
2.11429
2.11527
2.11848
2.1232
2.12869
2.13431
2.13959
2.14417
2.14781
2.15031
2.1515
2.15127
2.14955
2.14634
2.14176
2.13615
2.13005
2.12418
2.11929
2.11592
2.11419
2.11382
2.11424
2.11486
2.11524
2.11518
2.11464
2.11366
2.11222
2.11025
2.10757
2.10403
2.09961
2.0945
2.08911
2.08395
2.07944
2.07578
2.073
2.07117
2.07051
2.07136
2.07403
2.07849
2.08434
2.09096
2.09764
2.10384
2.10924
2.11367
2.11715
2.11974
2.12157
2.12278
2.1235
2.12383
2.12391
2.1238
2.12359
2.12333
2.12305
2.12279
2.12256
2.12237
2.12221
2.12209
2.12202
2.12199
2.12201
2.1221
2.12225
2.12248
2.12278
2.12312
2.12348
2.1238
2.12403
2.1241
2.12393
2.12346
2.12265
2.12148
2.11996
2.11813
2.11607
2.11388
2.11171
2.10974
2.10816
2.10719
2.107
2.1077
2.10928
2.11163
2.11455
2.11775
2.12094
2.12384
2.12619
2.12777
2.12844
2.12808
2.12667
2.12427
2.12099
2.11699
2.11239
2.10725
2.10158
2.09538
2.08879
2.08214
2.07582
2.07016
2.06538
2.06184
2.06025
2.06169
2.06697
2.07592
2.08722
2.09902
2.10969
2.11822
2.12429
2.12796
2.12954
2.12941
2.12801
2.12573
2.12301
2.12025
2.1178
2.11591
2.11468
2.11405
2.11381
2.11367
2.11327
2.11226
2.11035
2.10734
2.10316
2.098
2.09237
2.0871
2.08324
2.08169
2.08283
2.08634
2.09134
2.09678
2.10179
2.10583
2.10871
2.11045
2.11124
2.11129
2.11085
2.11015
2.10938
2.10869
2.1082
2.10798
2.10807
2.10848
2.10917
2.11013
2.11133
2.11271
2.11426
2.11591
2.1176
2.11926
2.1208
2.12214
2.12325
2.12417
2.125
2.12594
2.12717
2.12885
2.13105
2.13366
2.13643
2.139
2.14094
2.14184
2.14143
2.1396
2.13654
2.13273
2.12894
2.12612
2.1251
2.12638
2.12993
2.13519
2.14132
2.14746
2.15295
2.15739
2.16062
2.16265
2.16356
2.16348
2.16255
2.16087
2.15858
2.15582
2.1528
2.14975
2.14696
2.1447
2.14322
2.1426
2.14278
2.14352
2.14446
2.14522
2.14546
2.14497
2.14373
2.14192
2.13985
2.13799
2.1368
2.1367
2.13793
2.14048
2.14416
2.14861
2.15341
2.1582
2.16267
2.16662
2.16994
2.17258
2.17451
2.17577
2.17637
2.17637
2.1758
2.17474
2.17326
2.17147
2.16948
2.16742
2.16544
2.16365
2.16218
2.16111
2.16048
2.16023
2.16022
2.16019
2.15984
2.15885
2.15702
2.15425
2.15067
2.14659
2.14246
2.13879
2.13603
2.13438
2.13372
2.13361
2.13345
2.13266
2.13102
2.12871
2.1264
2.12501
2.12531
2.12751
2.13111
2.1351
2.13846
2.14059
2.14148
2.1417
2.14213
2.1436
2.14656
2.15088
2.15602
2.16125
2.16594
2.16969
2.17235
2.17393
2.17456
2.17439
2.17359
2.17233
2.17075
2.16898
2.16714
2.16533
2.16364
2.16216
2.16091
2.1599
2.15909
2.15838
2.15761
2.15658
2.15502
2.15264
2.14913
2.14425
2.13785
2.13004
2.12128
2.11243
2.10461
2.09887
2.09585
2.09556
2.09749
2.10092
2.10516
2.10967
2.1141
2.11827
2.1221
2.12562
2.12891
2.13201
2.1349
2.13753
2.13978
2.14149
2.14255
2.14284
2.14235
2.14112
2.13931
2.13718
2.13505
2.1333
2.13225
2.13208
2.13278
2.13417
2.1359
2.1376
2.13895
2.13973
2.13986
2.1394
2.13847
2.13725
2.13591
2.13458
2.13328
2.132
2.13063
2.12906
2.12726
2.12524
2.12317
2.12127
2.11983
2.11909
2.11915
2.12002
2.1216
2.12375
2.12633
2.12922
2.13228
2.13533
2.13819
2.14068
2.14266
2.14408
2.14492
2.14525
2.14514
2.1447
2.14404
2.14324
2.1424
2.14157
2.14083
2.14021
2.13973
2.13942
2.13927
2.13927
2.13938
2.13957
2.13977
2.13994
2.14003
2.13996
2.1397
2.13921
2.13844
2.1374
2.13607
2.1345
2.13275
2.13093
2.12918
2.12769
2.12662
2.12615
2.12641
2.12745
2.12926
2.13174
2.13474
2.13807
2.14154
2.14498
2.14827
2.15131
2.15405
2.15647
2.15859
2.16041
2.16197
2.1633
2.16442
2.16536
2.16613
2.16674
2.16717
2.1674
2.1674
2.16711
2.16644
2.1653
2.16355
2.16104
2.15761
2.15314
2.14766
2.14142
2.13501
2.12937
2.12558
2.12451
2.12636
2.1306
2.13621
2.14208
2.1474
2.15173
2.15497
2.15728
2.15893
2.16024
2.16154
2.16309
2.16504
2.16745
2.17024
2.17323
2.17622
2.179
2.18142
2.1834
2.18498
2.18626
2.18744
2.18874
2.19042
2.19267
2.1956
2.1992
2.20335
2.20781
2.2123
2.21653
2.22023
2.2232
2.22529
2.22642
2.22658
2.22581
2.22422
2.22195
2.21918
2.21608
2.21281
2.20951
2.20627
2.20322
2.20052
2.19839
2.19706
2.19672
2.19741
2.19901
2.20127
2.20398
2.20697
2.21015
2.21343
2.21656
2.21911
2.22047
2.21996
2.21686
2.21055
2.20051
2.18646
2.16859
2.14808
2.12769
2.1119
2.10558
2.11117
2.1268
2.14764
2.16889
2.18763
2.2028
2.21451
2.22324
2.22953
2.23381
2.23638
2.2375
2.23734
2.23605
2.23377
2.2306
2.22661
2.22189
2.21654
2.21073
2.20469
2.19877
2.19338
2.18892
2.18575
2.18404
2.18375
2.18469
2.18652
2.1889
2.19146
2.19395
2.19615
2.1979
2.19911
2.19972
2.19971
2.19907
2.19781
2.19597
2.19355
2.19058
2.18704
2.18294
2.17827
2.17307
2.16743
2.16159
2.15588
2.15077
2.14671
2.14403
2.14285
2.14304
2.14429
2.1462
2.14841
2.15063
2.15265
2.15433
2.15562
2.15647
2.15688
2.15686
2.15642
2.15555
2.15429
2.15263
2.15062
2.14838
2.14607
2.14393
2.14225
2.14127
2.14117
2.14193
2.14338
2.14521
2.14709
2.14868
2.14973
2.15009
2.14968
2.14853
2.14668
2.14427
2.14143
2.13837
2.1353
2.13243
2.12997
2.12806
2.1268
2.12617
2.1261
2.12645
2.12704
2.12769
2.12825
2.12856
2.12858
2.12826
2.12763
2.12677
2.12577
2.12474
2.12375
2.12287
2.12216
2.12164
2.12135
2.12131
2.12153
2.12201
2.12268
2.12346
2.1242
2.12476
2.12501
2.12483
2.12421
2.12316
2.1218
2.12031
2.11893
2.11791
2.11754
2.11801
2.11946
2.12187
2.12511
2.12899
2.13323
2.13759
2.14188
2.14592
2.14962
2.15292
2.1558
2.15825
2.16028
2.16191
2.16317
2.16409
2.1647
2.16504
2.16517
2.16513
2.16496
2.16472
2.16443
2.16411
2.16377
2.16343
2.16309
2.16278
2.16257
2.16253
2.16278
2.16343
2.16458
2.16629
2.16853
2.17123
2.17423
2.17731
2.18025
2.18285
2.18491
2.18628
2.18685
2.18657
2.18547
2.18365
2.18131
2.1788
2.17655
2.17504
2.17464
2.17552
2.17755
2.1803
2.18318
2.18556
2.18694
2.18696
2.18547
2.1825
2.17824
2.17301
2.16722
2.16121
2.15514
2.14885
2.14197
2.13437
2.12665
2.12043
2.1178
2.12002
2.1266
2.1356
2.14479
2.15269
2.15871
2.16291
2.1656
2.16714
2.16787
2.16806
2.16795
2.16778
2.16772
2.16789
2.16831
2.1689
2.16953
2.16999
2.17013
2.1698
2.16894
2.16756
2.16573
2.16358
2.16128
2.159
2.15688
2.15502
2.15346
2.15217
2.15107
2.15007
2.14905
2.14789
2.14649
2.14479
2.14271
2.14021
2.13726
2.13385
2.12996
2.12561
2.12083
2.11568
2.11024
2.10463
2.09899
2.09349
2.08832
2.08368
2.07973
2.07661
2.07435
2.07294
2.0723
2.0723
2.07287
2.07398
2.07569
2.07808
2.08121
2.08506
2.08948
2.0942
2.09889
2.10324
2.107
2.11003
2.11226
2.1137
2.11439
2.11444
2.11394
2.113
2.11175
2.11029
2.10873
2.10719
2.10574
2.10446
2.10339
2.10255
2.10193
2.10149
2.10119
2.10097
2.10078
2.10058
2.10032
2.09997
2.09945
2.09863
2.09734
2.09537
2.09253
2.08874
2.08419
2.07946
2.07555
2.07365
2.07463
2.07862
2.08494
2.09237
2.09978
2.10637
2.11179
2.11604
2.11926
2.12167
2.12347
2.1248
2.12575
2.12637
2.1267
2.12677
2.12659
2.12617
2.12545
2.12432
2.12256
2.11983
2.11569
2.10966
2.10139
2.0909
2.079
2.06753
2.05911
2.05618
2.05957
2.068
2.07893
2.08988
2.09926
2.10636
2.11107
2.11356
2.11405
2.11282
2.11021
2.10666
2.10281
2.09942
2.0973
2.09704
2.0988
2.10228
2.10684
2.11172
2.11626
2.12007
2.12297
2.12494
2.12609
2.12656
2.12649
2.12601
2.12523
2.12423
2.12308
2.12183
2.12049
2.11911
2.11769
2.11626
2.11483
2.11345
2.11213
2.11091
2.10985
2.10897
2.10831
2.10791
2.10778
2.10791
2.10829
2.10887
2.1096
2.11041
2.1112
2.11187
2.11231
2.11237
2.11189
2.11067
2.10852
2.10528
2.10091
2.09564
2.09003
2.08508
2.08198
2.08171
2.08454
2.08987
2.09651
2.10315
2.10879
2.11286
2.1152
2.11588
2.11517
2.11342
2.11103
2.10838
2.10579
2.10349
2.10156
2.10001
2.09883
2.09804
2.09776
2.09811
2.09918
2.10094
2.10325
2.10583
2.10837
2.11056
2.11219
2.11314
2.11344
2.11321
2.11266
2.11203
2.11154
2.11136
2.11166
2.11261
2.1144
2.11724
2.12122
2.12622
2.13187
2.13763
2.14294
2.1473
2.15037
2.15197
2.15206
2.1507
2.14804
2.14435
2.14001
2.13555
2.13157
2.12864
2.12718
2.12734
2.12899
2.13185
2.13557
2.1399
2.14467
2.14978
2.15515
2.16063
2.16605
2.17115
2.17568
2.17937
2.18201
2.18344
2.1836
2.18253
2.18044
2.17771
2.17486
2.17248
2.17104
2.17073
2.17137
2.17247
2.17339
2.17359
2.17279
2.17097
2.16834
2.16526
2.16205
2.15895
2.15611
2.15357
2.15137
2.14949
2.14791
2.1465
2.14504
2.1433
2.14114
2.1386
2.136
2.13379
2.13246
2.13232
2.13347
2.13589
2.13943
2.14395
2.14921
2.15491
2.16066
2.16603
2.17059
2.17399
2.17592
2.1762
2.1747
2.17144
2.16661
2.1606
2.15404
2.14771
2.1424
2.13873
2.13701
2.13728
2.13938
2.14301
2.14782
2.15333
2.15898
2.16423
2.16861
2.17178
2.17354
2.17387
2.17286
2.17071
2.16779
2.16452
2.16142
2.15897
2.15749
2.1571
2.15762
2.15867
2.15974
2.16033
2.16009
2.15884
2.15668
2.15389
2.15091
2.14827
2.14643
2.14572
2.14623
2.14775
2.14983
2.15187
2.1533
2.15379
2.15343
2.15282
2.15279
2.15406
2.15679
2.16051
2.16435
2.16748
2.16939
2.17
2.16951
2.16827
2.16666
2.16499
2.16344
2.1621
2.16099
2.16009
2.15945
2.15913
2.15927
2.16005
2.16161
2.164
2.16718
2.17095
2.17506
2.17919
2.18306
2.18643
2.18915
2.19113
2.19235
2.19284
2.19266
2.19187
2.19054
2.18868
2.18627
2.18327
2.17964
2.17541
2.17072
2.16575
2.16072
2.15583
2.15121
2.14696
2.1432
2.14001
2.13745
2.13542
2.13376
2.13227
2.13083
2.12946
2.1283
2.12762
2.12775
2.12893
2.13125
2.13459
2.13868
2.14316
2.14772
2.15213
2.15624
2.15998
2.16332
2.16622
2.16868
2.17068
2.17222
2.17332
2.17403
2.17437
2.17441
2.17419
2.17377
2.17319
2.17251
2.17175
2.17095
2.17015
2.16936
2.16862
2.16794
2.16732
2.16678
2.1663
2.16588
2.1655
2.16512
2.16473
2.16432
2.16386
2.16337
2.16285
2.16232
2.16179
2.16125
2.1607
2.16009
2.15939
2.15854
2.1575
2.15627
2.15489
2.15345
2.15207
2.15092
2.15015
2.14989
2.15021
2.15113
2.1526
2.15452
2.15679
2.15929
2.16191
2.1646
2.16726
2.16986
2.17233
2.17463
2.17669
2.1784
2.17965
2.18025
2.17993
2.17838
2.17519
2.16995
2.16238
2.15254
2.14116
2.12981
2.12057
2.11518
2.11412
2.1164
2.12039
2.12475
2.12896
2.13317
2.13782
2.14321
2.14937
2.156
2.16259
2.1686
2.17355
2.17714
2.17922
2.17982
2.17906
2.17717
2.17444
2.17116
2.16764
2.16412
2.16079
2.15772
2.15491
2.15231
2.14983
2.14742
2.14511
2.143
2.14131
2.14025
2.14002
2.14065
2.14204
2.14392
2.14597
2.14786
2.14934
2.15024
2.15046
2.14998
2.14881
2.14702
2.14472
2.14215
2.13961
2.13752
2.1363
2.13629
2.13763
2.14019
2.14363
2.14747
2.15128
2.1547
2.15752
2.15964
2.16107
2.16185
2.16208
2.16184
2.16126
2.16045
2.15952
2.15863
2.1579
2.15748
2.15746
2.1579
2.15881
2.16011
2.16167
2.16331
2.16482
2.16598
2.16658
2.16645
2.16545
2.16354
2.16075
2.1572
2.15314
2.14887
2.14467
2.14072
2.13707
2.13367
2.13045
2.12751
2.12512
2.12369
2.12366
2.12536
2.12894
2.13432
2.14118
2.14901
2.15716
2.16494
2.17174
2.17711
2.18073
2.18245
2.18219
2.17994
2.17565
2.16927
2.16074
2.15007
2.13763
2.12441
2.1124
2.10443
2.10332
2.11039
2.12455
2.14277
2.16158
2.17835
2.19164
2.20092
2.20609
2.20714
2.20407
2.19702
2.18665
2.17459
2.16341
2.15582
2.15311
2.1544
2.15736
2.15978
2.16057
2.15977
2.15807
2.15627
2.15493
2.15431
2.15439
2.15498
2.1559
2.157
2.15823
2.15956
2.16097
2.16236
2.16356
2.16432
2.16437
2.16342
2.1613
2.15793
2.15349
2.14838
2.14325
2.1389
2.1361
2.13535
2.13676
2.13995
2.14426
2.14892
2.15324
2.15679
2.15932
2.1608
2.16132
2.16102
2.16008
2.15869
2.15701
2.15519
2.15338
2.15169
2.15021
2.14904
2.14821
2.14778
2.14775
2.14813
2.14889
2.15001
2.15145
2.15317
2.15514
2.15731
2.15964
2.1621
2.16464
2.16722
2.16977
2.17224
2.17453
2.17654
2.17812
2.17912
2.17935
2.1786
2.17669
2.17344
2.1688
2.16285
2.15589
2.14845
2.14126
2.13517
2.1309
2.12894
2.12937
2.13188
2.13593
2.14085
2.14604
2.15102
2.15539
2.15877
2.16078
2.16096
2.15876
2.15362
2.14515
2.13343
2.11929
2.10445
2.09116
2.08143
2.07642
2.07633
2.08072
2.08887
2.09993
2.11288
2.12648
2.1395
2.15102
2.16052
2.16796
2.17356
2.1777
2.18075
2.18305
2.18485
2.18631
2.18753
2.18854
2.18928
2.18966
2.1896
2.18902
2.18787
2.18622
2.18418
2.18194
2.17974
2.17787
2.17659
2.17612
2.17656
2.1779
2.18001
2.18267
2.1856
2.18854
2.19126
2.19356
2.19528
2.19631
2.19652
2.19582
2.19413
2.19137
2.18752
2.1826
2.17669
2.16999
2.16282
2.15562
2.14894
2.1434
2.13954
2.13771
2.13803
2.14029
2.14409
2.14891
2.1542
2.15945
2.16425
2.16828
2.17133
2.17326
2.17405
2.17374
2.17247
2.17043
2.16789
2.16513
2.1624
2.15988
2.15773
2.15603
2.15489
2.15444
2.15482
2.15613
2.15841
2.16161
2.16552
2.16988
2.17432
2.17847
2.18201
2.18465
2.18618
2.18647
2.18541
2.18297
2.17917
2.17413
2.16805
2.16128
2.15429
2.14761
2.14179
2.13723
2.13414
2.13244
2.13186
2.13201
2.13252
2.13313
2.13371
2.13428
2.13496
2.13591
2.13727
2.13913
2.14151
2.14432
2.14742
2.15064
2.15376
2.15662
2.15908
2.16105
2.16249
2.16339
2.16378
2.1637
2.1632
2.16234
2.16117
2.15975
2.15811
2.15627
2.15424
2.15204
2.14966
2.14713
2.14447
2.14175
2.13904
2.13644
2.13408
2.13205
2.13044
2.12928
2.12854
2.12814
2.12793
2.12776
2.12746
2.12689
2.12591
2.12445
2.12245
2.11995
2.11706
2.11398
2.111
2.1085
2.10685
2.10631
2.10699
2.10882
2.11152
2.11476
2.11821
2.1216
2.12476
2.12759
2.13009
2.13225
2.13412
2.13571
2.13704
2.13813
2.13894
2.13946
2.13962
2.13935
2.13855
2.1371
2.13484
2.13163
2.12731
2.12175
2.11494
2.10708
2.09876
2.09099
2.0851
2.08231
2.08315
2.08716
2.0931
2.09955
2.10544
2.11022
2.11379
2.11633
2.11812
2.11945
2.1206
2.12176
2.12312
2.12482
2.12693
2.12948
2.13241
2.13562
2.13897
2.14231
2.14546
2.14828
2.1506
2.15228
2.1531
2.15282
2.15112
2.14767
2.14223
2.13482
2.12611
2.11758
2.11144
2.10978
2.11341
2.12135
2.13146
2.14159
2.15033
2.15709
2.16185
2.16484
2.16635
2.16664
2.16595
2.16454
2.16272
2.16091
2.15953
2.15902
2.15959
2.16119
2.16331
2.16509
2.16529
2.16242
2.15483
2.14124
2.12193
2.1007
2.08554
2.08457
2.099
2.12196
2.14506
2.16359
2.17665
2.18519
2.19047
2.19352
2.19501
2.19532
2.19464
2.19305
2.19062
2.18745
2.18379
2.18005
2.17683
2.17475
2.17432
2.17569
2.17851
2.18203
2.18528
2.18729
2.18717
2.18425
2.17806
2.1686
2.15672
2.14467
2.13608
2.13453
2.14126
2.1541
2.16897
2.18221
2.19174
2.1969
2.19776
2.19469
2.18817
2.17894
2.1683
2.15827
2.15137
2.14965
2.15361
2.16192
2.17219
2.18222
2.19058
2.19672
2.20062
2.20251
2.20269
2.20145
2.19901
2.19556
2.19125
2.18627
2.18081
2.1751
2.16945
2.16417
2.15963
2.15613
2.15394
2.15317
2.15377
2.15547
2.15788
2.16051
2.16289
2.16462
2.16538
2.16499
2.16337
2.16059
2.15685
2.15251
2.14809
2.1442
2.14145
2.14028
2.14083
2.14295
2.14621
2.15011
2.15418
2.15808
2.16157
2.16451
2.16685
2.16853
2.16956
2.16994
2.16968
2.16881
2.16737
2.16543
2.16304
2.16027
2.15722
2.15398
2.15065
2.14736
2.1442
2.14129
2.13871
2.13652
2.13473
2.13335
2.13234
2.13164
2.13119
2.13091
2.13075
2.13067
2.13063
2.13063
2.13066
2.13076
2.13095
2.13127
2.13175
2.13241
2.13325
2.13424
2.13531
2.13634
2.13716
2.13757
2.13729
2.13602
2.13345
2.12928
2.12341
2.11599
2.1077
2.09968
2.0933
2.08958
2.08861
2.08957
2.09134
2.09321
2.09522
2.09786
2.10153
2.10614
2.11113
2.11579
2.11959
2.12232
2.12408
2.12511
2.12564
2.12584
2.12576
2.12538
2.12464
2.12357
2.12233
2.12118
2.12046
2.12045
2.12129
2.12288
2.12487
2.12679
2.12807
2.12827
2.12709
2.12449
2.1207
2.11623
2.11175
2.10794
2.10536
2.10432
2.10478
2.10651
2.10912
2.11222
2.1155
2.11878
2.12206
2.12549
2.12931
2.1337
2.13872
2.14423
2.14995
2.15557
2.16078
2.16542
2.16942
2.1728
2.17559
2.17788
2.1797
2.18108
2.18201
2.18247
2.18242
2.18183
2.18066
2.17887
2.17646
2.17343
2.16984
2.16578
2.16139
2.15686
2.15233
2.1479
2.14348
2.13882
2.13361
2.12767
2.12118
2.11494
2.11023
2.10855
2.11092
2.11751
2.12739
2.13899
2.15054
2.16063
2.16835
2.17333
2.17555
2.17516
2.17244
2.16767
2.16116
2.15335
2.14491
2.13687
2.13056
2.12733
2.12796
2.13219
2.13879
2.14614
2.15282
2.15798
2.16131
2.1629
2.16303
2.1621
2.16052
2.15871
2.15708
2.15599
2.15566
2.15615
2.15734
2.159
2.16083
2.1626
2.16418
2.16556
2.1668
2.16802
2.16933
2.17078
2.17237
2.17406
2.17579
2.17745
2.17897
2.18026
2.18124
2.18181
2.18187
2.18132
2.18005
2.178
2.17515
2.17161
2.16763
2.16359
2.15998
2.15721
2.15554
2.15495
2.15519
2.15589
2.15673
2.15747
2.15799
2.1582
2.158
2.15725
2.15574
2.15325
2.14959
2.14468
2.13868
2.13198
2.12534
2.11977
2.1163
2.11574
2.11832
2.12362
2.13072
2.13849
2.14589
2.15216
2.15688
2.15985
2.16111
2.16078
2.15907
2.15623
2.15257
2.14846
2.14432
2.14056
2.13758
2.13563
2.13482
2.13507
2.13617
2.13786
2.13988
2.14201
2.1441
2.14607
2.14787
2.14948
2.1509
2.1521
2.15308
2.15379
2.15418
2.15419
2.15374
2.15277
2.1512
2.14904
2.14632
2.14323
2.14002
2.13706
2.13475
2.13338
2.13308
2.13377
2.1352
2.13706
2.13911
2.1412
2.14331
2.14549
2.14777
2.15013
2.15248
2.15464
2.15641
2.15761
2.15811
2.15793
2.15717
2.15608
2.15497
2.15415
2.15383
2.15404
2.15464
2.15536
2.15589
2.15594
2.15535
2.15404
2.15209
2.14967
2.14703
2.14448
2.14232
2.14084
2.14026
2.14068
2.1421
2.1444
2.14736
2.15073
2.15422
2.15759
2.16063
2.1632
2.16526
2.16685
2.16808
2.16914
2.1702
2.17141
2.17283
2.17444
2.1761
2.17766
2.17892
2.17975
2.18006
2.17981
2.17903
2.17777
2.1761
2.1741
2.17185
2.16942
2.16688
2.16428
2.16173
2.15934
2.15728
2.15577
2.15507
2.15545
2.15715
2.16026
2.16469
2.17012
2.17609
2.18208
2.18761
2.19233
2.19601
2.19854
2.19988
2.20002
2.19898
2.19679
2.1935
2.18918
2.184
2.1782
2.17214
2.16625
2.16097
2.15663
2.15342
2.15132
2.15012
2.1495
2.14912
2.14869
2.14802
2.14704
2.14586
2.14468
2.14383
2.14364
2.1444
2.14624
2.14912
2.15285
2.15707
2.16141
2.16554
2.16919
2.17222
2.17456
2.17622
2.17726
2.17776
2.17778
2.17742
2.17675
2.17587
2.17485
2.17381
2.17284
2.17203
2.17142
2.17101
2.17075
2.17055
2.17028
2.16985
2.16918
2.16822
2.16698
2.16551
2.16383
2.16195
2.15979
2.15718
2.15391
2.14977
2.14464
2.13868
2.13234
2.12639
2.12179
2.11937
2.11952
2.12198
2.1259
2.13015
2.13371
2.13607
2.13732
2.13809
2.13923
2.14145
2.14502
2.14968
2.15487
2.15996
2.16447
2.16811
2.1708
2.1726
2.1736
2.17392
2.17368
2.17294
2.17177
2.17014
2.16804
2.1654
2.16214
2.15823
2.1537
2.14872
2.14363
2.13895
2.13523
2.13296
2.13236
2.13332
2.13546
2.13823
2.14112
2.14369
2.14565
2.14683
2.14712
2.14651
2.14499
2.14266
2.13969
2.13635
2.13306
2.13024
2.12828
2.12741
2.12771
2.12908
2.13141
2.13456
2.13843
2.14288
2.14776
2.15286
2.15796
2.16286
2.16738
2.1714
2.17486
2.17771
2.17996
2.18162
2.18275
2.18342
2.1837
2.1837
2.18351
2.1832
2.18285
2.18248
2.18208
2.18158
2.18087
2.17978
2.17804
2.17537
2.17144
2.16596
2.15874
2.14971
2.13892
2.12654
2.11277
2.09806
2.08348
2.07112
2.064
2.0649
2.0746
2.0911
2.11073
2.12988
2.14614
2.15845
2.16665
2.17112
2.17243
2.17128
2.16836
2.16436
2.15994
2.15567
2.15189
2.1487
2.14591
2.14317
2.14001
2.13604
2.13096
2.12467
2.11724
2.10896
2.10029
2.09193
2.08465
2.07927
2.07644
2.07643
2.0791
2.08389
2.09004
2.09678
2.10344
2.1096
2.115
2.11954
2.12323
2.12612
2.1283
2.12985
2.13085
2.13134
2.13137
2.13092
2.13
2.12857
2.12659
2.12404
2.12092
2.11728
2.1132
2.1088
2.10419
2.09943
2.09445
2.08904
2.08298
2.07618
2.069
2.06248
2.05825
2.05784
2.0618
2.06907
2.07744
2.08443
2.08807
2.08706
2.08091
2.07014
2.05685
2.04493
2.03888
2.0412
2.05057
2.06304
2.07479
2.08368
2.08928
2.09209
2.09296
2.09274
2.09214
2.09173
2.09184
2.09263
2.0941
2.09611
2.09841
2.10071
2.1027
2.10412
2.10479
2.10462
2.10366
2.10208
2.1002
2.09842
2.09713
2.09663
2.09701
2.09819
2.09992
2.1019
2.10387
2.10565
2.10716
2.10843
2.10951
2.1105
2.11147
2.11247
2.11351
2.11456
2.11556
2.1164
2.11698
2.11718
2.11689
2.11602
2.11445
2.11209
2.10884
2.10462
2.09941
2.0933
2.08659
2.07982
2.07379
2.06938
2.06722
2.06746
2.06961
2.07282
2.07616
2.07892
2.08072
2.08149
2.08133
2.08044
2.07902
2.07727
2.07541
2.07364
2.07221
2.0714
2.07144
2.07252
2.07471
2.0779
2.08188
2.08633
2.09088
2.09515
2.09878
2.1014
2.10263
2.10205
2.09926
2.09395
2.08612
2.07642
2.06637
2.05824
2.05415
2.0549
2.05947
2.06571
2.07159
2.07587
2.07821
2.07886
2.0783
2.07707
2.07568
2.07458
2.07408
2.07435
2.07533
2.07679
2.07837
2.07971
2.08056
2.08083
2.08059
2.08003
2.07943
2.079
2.07892
2.07923
2.07988
2.08073
2.08162
2.08241
2.08298
2.08324
2.08315
2.08268
2.08182
2.08058
2.07901
2.07724
2.07545
2.07392
2.07292
2.07272
2.07344
2.07506
2.07734
2.07993
2.08243
2.08445
2.08571
2.08605
2.08542
2.0839
2.08165
2.07893
2.07608
2.07347
2.07154
2.07069
2.07125
2.07337
2.07695
2.08163
2.08687
2.09211
2.09688
2.10088
2.10393
2.106
2.10712
2.10734
2.10675
2.10538
2.10331
2.10058
2.09729
2.09364
2.08995
2.08669
2.08442
2.08363
2.08459
2.0872
2.09101
2.09539
2.09971
2.10346
2.10634
2.10819
2.10902
2.10891
2.10797
2.10637
2.10428
2.1019
2.09941
2.09704
2.09499
2.09344
2.09253
2.09235
2.0929
2.09411
2.09583
2.09788
2.10007
2.10226
2.10435
2.10637
2.10843
2.11071
2.11339
2.11658
2.12027
2.12429
2.12838
2.13224
2.13557
2.13817
2.13993
2.14082
2.14091
2.14037
2.13939
2.13822
2.13711
2.1363
2.13595
2.13616
2.13693
2.13815
2.13965
2.14118
2.14245
2.14315
2.14294
2.14152
2.13858
2.13394
2.12757
2.11977
2.11122
2.10293
2.09602
2.09143
2.08968
2.09083
2.09467
2.10081
2.10875
2.11792
2.12769
2.13743
2.14656
2.15465
2.16139
2.16657
2.17006
2.17168
2.17127
2.16866
2.16378
2.15678
2.14818
2.13891
2.13023
2.12336
2.11913
2.11771
2.11871
2.12144
2.1252
2.12939
2.13359
2.13756
2.14118
2.14444
2.14746
2.15039
2.15341
2.15664
2.16016
2.16393
2.16789
2.17189
2.17579
2.17946
2.1828
2.18574
2.18824
2.1903
2.19193
2.19313
2.19394
2.1944
2.19454
2.19444
2.19415
2.19379
2.19346
2.19328
2.19336
2.19379
2.19464
2.19593
2.19764
2.19967
2.20191
2.2042
2.20637
2.20822
2.2096
2.21041
2.21063
2.21039
2.20997
2.20975
2.21015
2.21147
2.21375
2.21676
2.21999
2.22285
2.22479
2.22539
2.22442
2.22189
2.21802
2.21327
2.20829
2.20383
2.2005
2.19862
2.19812
2.19855
2.19929
2.19976
2.19962
2.19879
2.19742
2.19578
2.19403
2.19219
2.19009
2.18743
2.18394
2.17954
2.17471
2.1707
2.16944
2.17273
2.18112
2.19341
2.20726
2.22039
2.23139
2.23984
2.24603
2.25054
2.25403
2.25701
2.25982
2.26259
2.2653
2.26782
2.26996
2.27153
2.27238
2.2724
2.27154
2.2698
2.26722
2.26388
2.25989
2.2554
2.2506
2.2457
2.24094
2.23656
2.23276
2.22971
2.22748
2.22608
2.22543
2.22539
2.2258
2.22648
2.22728
2.22806
2.22871
2.22916
2.22933
2.22917
2.22862
2.22763
2.22616
2.22419
2.22171
2.21878
2.2155
2.21207
2.20875
2.20584
2.20365
2.20236
2.20201
2.20247
2.20349
2.20474
2.2059
2.2067
2.20693
2.20638
2.20488
2.20226
2.19835
2.19298
2.1861
2.17774
2.1681
2.15761
2.147
2.1374
2.13029
2.12717
2.129
2.13567
2.14594
2.15786
2.16939
2.17892
2.1854
2.18833
2.18761
2.18346
2.1764
2.16726
2.15717
2.14746
2.1394
2.13388
2.1311
2.13057
2.13135
2.13252
2.13354
2.13432
2.13507
2.13613
2.13766
2.13962
2.14171
2.14355
2.14473
2.145
2.14426
2.14261
2.14031
2.13776
2.1354
2.13365
2.13284
2.13313
2.13449
2.13675
2.13962
2.14273
2.14574
2.14833
2.15024
2.15125
2.15121
2.14999
2.14752
2.14379
2.13889
2.13307
2.12673
2.12042
2.11473
2.11018
2.10706
2.10537
2.10486
2.10518
2.10599
2.10701
2.10806
2.10896
2.10955
2.10965
2.10909
2.10776
2.10565
2.10291
2.0999
2.09714
2.09518
2.09444
2.09506
2.09686
2.09939
2.10213
2.10462
2.10659
2.10788
2.1085
2.10851
2.10803
2.10717
2.10602
2.10465
2.10312
2.10144
2.09959
2.09754
2.09527
2.09275
2.08999
2.08706
2.0841
2.08132
2.07898
2.07736
2.07667
2.07702
2.07838
2.08062
2.08351
2.0868
2.09029
2.09379
2.09719
2.1004
2.10338
2.10609
2.10853
2.11068
2.11254
2.11409
2.11534
2.11626
2.11685
2.11707
2.1169
2.11632
2.11528
2.11378
2.11181
2.10944
2.10677
2.10401
2.10146
2.09952
2.09858
2.09901
2.10099
2.10449
2.10928
2.115
2.1212
2.12752
2.13368
2.1395
2.14492
2.14991
2.15451
2.15875
2.16266
2.16624
2.16947
2.17232
2.17476
2.17674
2.17825
2.17926
2.1798
2.17987
2.1795
2.17872
2.17752
2.17589
2.17375
2.17096
2.16731
2.16257
2.15649
2.14893
2.13994
2.1299
2.11955
2.10993
2.10204
2.09655
2.09354
2.09249
2.09262
2.09312
2.09358
2.09418
2.09568
2.09912
2.10517
2.11368
2.12358
2.13346
2.14203
2.14852
2.1527
2.15463
2.1546
2.15288
2.14981
2.14579
2.14146
2.13768
2.13542
2.13539
2.13774
2.1419
2.1469
2.15174
2.15568
2.15832
2.15954
2.15942
2.1581
2.15576
2.15258
2.14876
2.1445
2.14003
2.1356
2.13146
2.1278
2.12476
2.12232
2.12036
2.11868
2.11699
2.11504
2.11267
2.10986
2.10685
2.10414
2.10241
2.10227
2.10401
2.10739
2.11169
2.11597
2.1193
2.12099
2.12064
2.11808
2.1134
2.10693
2.09925
2.09119
2.08379
2.07805
2.07474
2.07418
2.07617
2.08017
2.08545
2.09133
2.09725
2.10285
2.10793
2.11238
2.11619
2.11939
2.12201
2.12413
2.12582
2.12716
2.12823
2.12909
2.12981
2.13042
2.13089
2.1312
2.13126
2.13095
2.13016
2.12877
2.12672
2.12399
2.12062
2.11677
2.11262
2.10839
2.10429
2.10053
2.09731
2.09482
2.09326
2.09276
2.09337
2.09499
2.09733
2.10002
2.1027
2.10507
2.10696
2.10829
2.10906
2.1092
2.10854
2.10681
2.10371
2.09903
2.09289
2.08579
2.07861
2.07242
2.06823
2.06676
2.06838
2.07291
2.07963
2.08738
2.09493
2.10134
2.10609
2.10911
2.11061
2.11092
2.11043
2.10944
2.10824
2.10699
2.10582
2.10476
2.10384
2.10304
2.10235
2.10176
2.10126
2.10085
2.10052
2.10026
2.10003
2.09981
2.09954
2.09916
2.09862
2.09789
2.09695
2.0958
2.09446
2.09297
2.09142
2.08986
2.08839
2.08708
2.086
2.08519
2.08466
2.08442
2.08443
2.08465
2.08501
2.08547
2.08598
2.0865
2.08705
2.08761
2.08823
2.08891
2.08969
2.0906
2.09163
2.0928
2.09409
2.09548
2.09694
2.09842
2.09988
2.10124
2.10243
2.10336
2.10392
2.10397
2.10337
2.10192
2.09945
2.09582
2.09102
2.08524
2.07901
2.07313
2.06861
2.06627
2.06643
2.06884
2.07282
2.07762
2.08266
2.08762
2.09232
2.09668
2.10061
2.10402
2.10684
2.109
2.11047
2.11129
2.11153
2.11128
2.11068
2.10988
2.10903
2.10828
2.10776
2.10754
2.10767
2.10813
2.10888
2.10984
2.11094
2.11211
2.11332
2.11453
2.11576
2.11701
2.1183
2.11966
2.12109
2.12258
2.1241
2.12557
2.1269
2.12798
2.12863
2.12869
2.12793
2.12611
2.12301
2.1184
2.11218
2.10438
2.09531
2.08562
2.07632
2.06869
2.06393
2.06287
2.06562
2.07158
2.07966
2.08864
2.09747
2.10542
2.11211
2.1174
2.12134
2.12408
2.12579
2.12666
2.12684
2.12652
2.12585
2.125
2.12415
2.12346
2.12311
2.12321
2.12384
2.12501
2.12664
2.12861
2.13073
2.13283
2.13472
2.13627
2.13738
2.13799
2.13811
2.13777
2.13704
2.136
2.13475
2.1334
2.13205
2.1308
2.12973
2.12889
2.12831
2.12797
2.12785
2.12787
2.12794
2.12793
2.12773
2.12721
2.12624
2.12472
2.12258
2.11982
2.1165
2.11278
2.10893
2.10533
2.10238
2.10047
2.09985
2.10061
2.10262
2.10564
2.10932
2.11333
2.11736
2.12121
2.12475
2.1279
2.13063
2.13291
2.13467
2.13578
2.13605
2.13522
2.133
2.12911
2.12343
2.11613
2.10789
2.09992
2.0938
2.09088
2.09166
2.09555
2.10111
2.10674
2.11102
2.11287
2.11146
2.10615
2.09668
2.08361
2.06911
2.05722
2.05259
2.05764
2.07071
2.08738
2.1034
2.11638
2.12565
2.13155
2.13471
2.13579
2.13533
2.13376
2.1314
2.12849
2.12525
2.12187
2.11851
2.11534
2.11254
2.11024
2.10855
2.10755
2.10722
2.10747
2.10816
2.10907
2.11001
2.11081
2.11133
2.11149
2.11128
2.11069
2.10979
2.10861
2.10721
2.10559
2.10376
2.10168
2.09929
2.09656
2.09349
2.09014
2.08673
2.08361
2.08126
2.08017
2.08068
2.08281
2.08622
2.0903
2.09441
2.09801
2.10075
2.10248
2.10323
2.10312
2.1023
2.10098
2.09935
2.09758
2.09581
2.09415
2.09269
2.09145
2.09045
2.08968
2.08912
2.08874
2.08853
2.08847
2.08853
2.08871
2.08896
2.08928
2.08962
2.08993
2.09017
2.09028
2.09021
2.08989
2.08928
2.08834
2.08705
2.08541
2.08346
2.08127
2.07895
2.07662
2.07441
2.07244
2.07081
2.06957
2.06877
2.0684
2.06845
2.0689
2.06971
2.0708
2.07209
2.07348
2.07485
2.07613
2.07725
2.07818
2.07889
2.07942
2.07978
2.08002
2.08018
2.0803
2.08042
2.08056
2.08076
2.08102
2.08137
2.08181
2.08235
2.08298
2.0837
2.08451
2.08541
2.08638
2.08742
2.08852
2.08966
2.09083
2.09201
2.09317
2.09429
2.09534
2.09628
2.09706
2.09764
2.09795
2.09793
2.09751
2.09663
2.09523
2.09326
2.09071
2.08759
2.08401
2.08009
2.07607
2.07224
2.06892
2.06646
2.06515
2.06518
2.06658
2.06921
2.07281
2.07703
2.08148
2.08581
2.08974
2.09309
2.09574
2.09767
2.0989
2.09951
2.09961
2.09928
2.0986
2.09763
2.09636
2.09479
2.09291
2.09071
2.08828
2.08576
2.0834
2.08156
2.08062
2.08092
2.08266
2.08581
2.09009
2.09507
2.10026
2.1052
2.10953
2.11302
2.11553
2.11701
2.11746
2.11691
2.1154
2.11301
2.10984
2.10601
2.10169
2.09706
2.09235
2.08779
2.0836
2.07995
2.07698
2.07477
2.07331
2.07256
2.07244
2.07275
2.07321
2.07336
2.0725
2.06972
2.06403
2.05489
2.04317
2.03211
2.02688
2.03157
2.04582
2.06505
2.08401
2.09954
2.1108
2.11822
2.12265
2.1249
2.12557
2.12509
2.12375
2.12174
2.11923
2.11637
2.11334
2.11036
2.10767
2.10556
2.1043
2.10413
2.10516
2.10741
2.11073
2.11489
2.11957
2.12441
2.1291
2.13335
2.13694
2.1397
2.14151
2.14232
2.14211
2.14091
2.13881
2.13594
2.13248
2.12867
2.12476
2.12098
2.11758
2.11476
2.11266
2.11133
2.11077
2.11086
2.11145
2.11233
2.11329
2.11412
2.11464
2.11469
2.11419
2.11312
2.11154
2.10965
2.10777
2.10634
2.10581
2.10652
2.10852
2.11143
2.11453
2.1169
2.11768
2.11628
2.11254
2.10692
2.10057
2.09514
2.09229
2.09292
2.09674
2.10246
2.10855
2.1138
2.11763
2.11997
2.12103
2.12111
2.12049
2.11938
2.11799
2.11655
2.11532
2.11454
2.11438
2.11486
2.1158
2.11696
2.11804
2.11881
2.11909
2.11881
2.11795
2.11655
2.11465
2.11232
2.10965
2.10675
2.10376
2.10077
2.09789
2.09518
2.09271
2.09055
2.08881
2.0877
2.08752
2.08858
2.09116
2.09531
2.10086
2.10736
2.11429
2.1211
2.1274
2.1329
2.13747
2.14103
2.14353
2.14495
2.14527
2.1445
2.14275
2.1402
2.1372
2.13416
2.13151
2.12952
2.12824
2.12746
2.1269
2.12632
2.12571
2.12529
2.12536
2.12621
2.1279
2.13029
2.13306
2.13586
2.13842
2.14058
2.14229
2.14359
2.14456
2.1453
2.14593
2.14655
2.14724
2.14807
2.14908
2.15029
2.1517
2.15328
2.15498
2.15675
2.15853
2.16026
2.16186
2.16327
2.16444
2.16529
2.16575
2.16574
2.16517
2.16392
2.16188
2.15894
2.15499
2.15
2.14399
2.13713
2.12971
2.12213
2.11477
2.10797
2.10192
2.09675
2.09257
2.08957
2.08803
2.08818
2.09014
2.09374
2.09852
2.10378
2.10886
2.11325
2.11676
2.11948
2.12165
2.12352
2.12532
2.12714
2.12898
2.13073
2.13229
2.13352
2.13435
2.13474
2.13472
2.13436
2.13378
2.13312
2.13252
2.13209
2.13193
2.13207
2.13249
2.13311
2.13384
2.13457
2.13519
2.13559
2.1357
2.13547
2.13487
2.13391
2.13263
2.13111
2.12944
2.12774
2.1261
2.12459
2.12321
2.12189
2.12053
2.11901
2.11726
2.11529
2.11325
2.11141
2.11008
2.10954
2.10994
2.11125
2.11328
2.11575
2.11841
2.12109
2.1237
2.12622
2.12866
2.13102
2.1333
2.13542
2.1373
2.13883
2.13988
2.14033
2.14011
2.13925
2.1379
2.13637
2.13506
2.13431
2.13427
2.13477
2.13531
2.13528
2.13416
2.13171
2.12801
2.1234
2.11835
2.11323
2.10834
2.10395
2.10039
2.09807
2.09736
2.09845
2.10121
2.10527
2.11015
2.11546
2.12097
2.1266
2.13234
2.13818
2.14403
2.14974
2.15518
2.1602
2.16473
2.16877
2.17235
2.17555
2.17843
2.18104
2.18339
2.18544
2.18714
2.18844
2.18925
2.18952
2.18921
2.18831
2.18685
2.18492
2.18265
2.18026
2.17796
2.17598
2.17445
2.17339
2.17273
2.1723
2.1719
2.1714
2.17075
2.16996
2.16912
2.16829
2.16747
2.16654
2.16529
2.1635
2.16095
2.15758
2.15356
2.14931
2.14543
2.14255
2.14114
2.14133
2.14297
2.14567
2.14895
2.15238
2.15573
2.15897
2.1623
2.16597
2.1701
2.17467
2.17946
2.18417
2.18849
2.19218
2.19506
2.19699
2.19795
2.19794
2.19705
2.19542
2.19326
2.19083
2.18839
2.18619
2.18442
2.18318
2.1825
2.18232
2.18253
2.18299
2.18359
2.1842
2.18472
2.18505
2.18511
2.18484
2.18419
2.18315
2.18172
2.17994
2.17787
2.17557
2.17313
2.17062
2.16815
2.16582
2.16379
2.16219
2.16121
2.16099
2.16163
2.16313
2.16538
2.16816
2.17119
2.17417
2.17683
2.17898
2.18047
2.18129
2.18146
2.18109
2.18034
2.17941
2.17846
2.17766
2.17712
2.17686
2.17686
2.17706
2.17732
2.1775
2.17744
2.17699
2.17607
2.17475
2.17329
2.17211
2.17177
2.17274
2.1752
2.179
2.18365
2.18852
2.19305
2.19682
2.19962
2.20139
2.20219
2.20214
2.20138
2.20009
2.19845
2.19663
2.19478
2.19304
2.19145
2.18998
2.18849
2.18668
2.18414
2.1803
2.17456
2.16627
2.15502
2.14087
2.12491
2.10974
2.09932
2.09742
2.10519
2.12031
2.13858
2.15633
2.17155
2.1837
2.19308
2.20026
2.20578
2.21008
2.21341
2.2159
2.21756
2.21831
2.21801
2.21647
2.21347
2.2088
2.2023
2.19396
2.18404
2.17318
2.16239
2.15297
2.14616
2.14286
2.14335
2.14725
2.15364
2.16129
2.16906
2.17609
2.18191
2.18639
2.18964
2.19186
2.19329
2.19416
2.19465
2.19489
2.19499
2.19501
2.19498
2.19493
2.19483
2.19468
2.19442
2.19401
2.1934
2.19251
2.19127
2.18962
2.18747
2.18477
2.18144
2.17744
2.17276
2.16741
2.16144
2.15497
2.14817
2.14125
2.1345
2.12826
2.12288
2.11873
2.1161
2.11518
2.11601
2.11843
2.12213
2.12672
2.13182
2.13716
2.14257
2.148
2.15346
2.15887
2.16413
2.16903
2.17335
2.17688
2.17948
2.18105
2.18155
2.181
2.17941
2.17683
2.17331
2.16891
2.1637
2.15777
2.15126
2.14434
2.13726
2.13035
2.12403
2.1188
2.1151
2.11329
2.11344
2.11536
2.11866
2.12282
2.12737
2.13197
2.13636
2.14035
2.14383
2.14665
2.14867
2.14972
2.14963
2.14821
2.1453
2.14078
2.13461
2.12697
2.1183
2.10938
2.10134
2.09547
2.0929
2.09423
2.09931
2.10724
2.11674
2.12649
2.13547
2.14307
2.14898
2.15312
2.15552
2.15618
2.15505
2.152
2.14684
2.13934
2.12934
2.11686
2.10235
2.08681
2.07186
2.05965
2.05227
2.05105
2.05589
2.0652
2.07665
2.08804
2.09785
2.10532
2.1103
2.11298
2.11382
2.11344
2.11254
2.11185
2.11196
2.11325
2.11576
2.11925
2.12329
2.12737
2.13107
2.13405
2.13612
2.13722
2.13739
2.13675
2.13548
2.13381
2.13201
2.13035
2.12905
2.12829
2.12817
2.12865
2.12965
2.13099
2.13248
2.13391
2.13508
2.13583
2.13601
2.13548
2.1341
2.13179
2.12845
2.12409
2.11881
2.11285
2.10663
2.10071
2.09573
2.0923
2.09082
2.09146
2.0941
2.0984
2.1039
2.1101
2.11652
2.12277
2.12853
2.13361
2.13792
2.14144
2.14422
2.14633
2.14785
2.14885
2.14938
2.14948
2.14916
2.14841
2.1472
2.14549
2.14327
2.14049
2.13719
2.1334
2.12924
2.12487
2.12049
2.11635
2.11269
2.10971
2.10753
2.10624
2.10579
2.10613
2.10711
2.10858
2.11034
2.11221
2.11401
2.1156
2.1169
2.11792
2.11872
2.1194
2.12003
2.1207
2.12142
2.12219
2.12296
2.12369
2.12435
2.12495
2.12551
2.12611
2.12683
2.12774
2.12888
2.13023
2.1317
2.13318
2.13449
2.13547
2.13593
2.13573
2.13475
2.13291
2.13019
2.12657
2.12212
2.1169
2.11099
2.10449
2.09745
2.08988
2.08177
2.07315
2.06415
2.05524
2.04739
2.04204
2.04074
2.04431
2.05228
2.06298
2.07434
2.08466
2.09304
2.09925
2.10351
2.10624
2.10792
2.10897
2.10973
2.11041
2.11116
2.11201
2.11293
2.11387
2.11473
2.11543
2.11591
2.11613
2.11607
2.11572
2.11506
2.11409
2.11279
2.11113
2.10907
2.10656
2.10357
2.10007
2.09608
2.09165
2.08694
2.08219
2.07773
2.07392
2.07113
2.06958
2.06933
2.07022
2.07193
2.0741
2.07636
2.07847
2.08027
2.08176
2.08298
2.08407
2.08514
2.08631
2.08766
2.08921
2.09093
2.09275
2.09456
2.09628
2.09782
2.0991
2.10009
2.10077
2.10114
2.10122
2.10104
2.10065
2.1001
2.09943
2.0987
2.09796
2.09724
2.0966
2.09606
2.09565
2.09538
2.09524
2.09519
2.09516
2.09501
2.09457
2.09358
2.09179
2.08893
2.08486
2.07972
2.07405
2.06893
2.06577
2.06581
2.06953
2.07642
2.08522
2.0945
2.10315
2.11046
2.11608
2.11986
2.12168
2.12146
2.11916
2.11487
2.109
2.10244
2.09657
2.09288
2.09243
2.09526
2.10039
2.10634
2.11174
2.1157
2.11781
2.11806
2.11663
2.11384
2.11008
2.10579
2.10143
2.09749
2.09442
2.09259
2.09221
2.09326
2.09546
2.09834
2.10133
2.10393
2.10579
2.10679
2.10699
2.10666
2.10619
2.10598
2.10634
2.10743
2.10919
2.11135
2.11354
2.11534
2.11644
2.11662
2.11577
2.11393
2.11118
2.10765
2.10354
2.09901
2.09433
2.0898
2.08582
2.08285
2.08136
2.08165
2.08376
2.08743
2.09217
2.09736
2.10244
2.10697
2.11068
2.11347
2.11533
2.11635
2.11664
2.11635
2.11563
2.11462
2.11345
2.11224
2.11108
2.11001
2.10906
2.10821
2.10741
2.10661
2.10573
2.10472
2.10356
2.10227
2.10089
2.09952
2.09821
2.09699
2.09581
2.09455
2.09299
2.09094
2.08823
2.08485
2.08092
2.07676
2.07281
2.06964
2.06779
2.06771
2.06955
2.07304
2.07757
2.0823
2.08649
2.08958
2.09135
2.09183
2.09124
2.0899
2.08815
2.08629
2.08454
2.08307
2.08196
2.08124
2.0809
2.08083
2.08083
2.08064
2.07998
2.07867
2.07673
2.07446
2.07246
2.07151
2.07235
2.07541
2.08064
2.08753
2.09529
2.10312
2.11038
2.11666
2.12178
2.1257
2.12846
2.13016
2.13086
2.1306
2.12941
2.12724
2.12406
2.11981
2.11447
2.10806
2.10072
2.0927
2.08441
2.0763
2.06884
2.0623
2.05671
2.05186
2.04751
2.04358
2.04037
2.03853
2.03888
2.04202
2.04801
2.05627
2.06575
2.07533
2.08414
2.09172
2.09804
2.10343
2.10828
2.11296
2.11764
2.12229
2.12677
2.13091
2.13459
2.13776
2.14044
2.14269
2.14458
2.14614
2.14737
2.14823
2.14865
2.14853
2.14778
2.14629
2.14399
2.14086
2.13694
2.13238
2.12748
2.12265
2.1184
2.11528
2.11371
2.11391
2.1158
2.11906
2.12318
2.12766
2.13208
2.13614
2.13969
2.14263
