-5.8601
-5.88358
-5.9176
-5.9526
-5.98022
-5.99741
-6.0027
-6.00065
-5.99465
-5.97641
-5.95216
-5.91739
-5.88042
-5.84781
-5.82248
-5.80979
-5.80464
-5.81245
-5.83247
-5.86024
-5.89064
-5.91672
-5.93174
-5.93394
-5.91936
-5.88283
-5.83489
-5.77612
-5.72055
-5.67412
-5.64837
-5.64832
-5.67677
-5.72805
-5.79492
-5.86424
-5.9238
-5.9649
-5.99464
-6.00446
-5.99728
-5.98122
-5.95122
-5.91581
-5.8832
-5.85596
-5.82693
-5.7927
-5.75411
-5.71028
-5.66878
-5.63687
-5.62857
-5.65214
-5.71106
-5.80735
-5.91511
-6.01995
-6.10881
-6.17141
-6.20887
-6.21999
-6.20509
-6.16903
-6.11656
-6.05543
-5.98826
-5.9158
-5.84976
-5.7967
-5.76693
-5.75682
-5.76045
-5.76873
-5.76813
-5.76561
-5.76052
-5.76471
-5.77832
-5.79817
-5.81961
-5.83796
-5.85035
-5.86439
-5.87976
-5.9
-5.92763
-5.96078
-5.99534
-6.02184
-6.03654
-6.0331
-6.01784
-5.99429
-5.96675
-5.94588
-5.92764
-5.91073
-5.89889
-5.8915
-5.89075
-5.89083
-5.8911
-5.89039
-5.88483
-5.87223
-5.84846
-5.80917
-5.76038
-5.71166
-5.66886
-5.64226
-5.63901
-5.65459
-5.68282
-5.71706
-5.75219
-5.78694
-5.8184
-5.84455
-5.86459
-5.87908
-5.88933
-5.90078
-5.91662
-5.93969
-5.96329
-5.97785
-5.98345
-5.97352
-5.95584
-5.93629
-5.91995
-5.90504
-5.88998
-5.87165
-5.85164
-5.83321
-5.8148
-5.80384
-5.80612
-5.81765
-5.83073
-5.84305
-5.85174
-5.85448
-5.851
-5.84986
-5.85525
-5.86677
-5.89055
-5.92016
-5.95283
-5.98894
-6.02283
-6.04681
-6.0583
-6.0527
-6.03334
-6.00294
-5.9704
-5.94285
-5.92177
-5.90845
-5.8964
-5.87891
-5.85907
-5.83159
-5.80879
-5.80117
-5.80406
-5.81651
-5.82958
-5.83308
-5.82913
-5.81877
-5.80825
-5.80266
-5.8117
-5.83035
-5.85813
-5.8876
-5.91402
-5.92902
-5.93491
-5.93236
-5.92374
-5.91493
-5.89524
-5.86563
-5.82289
-5.77832
-5.74212
-5.72184
-5.72415
-5.74647
-5.78107
-5.82578
-5.87151
-5.91571
-5.95459
-5.99002
-6.01792
-6.03687
-6.04304
-6.03545
-6.01681
-5.99247
-5.97011
-5.95084
-5.93773
-5.92057
-5.90245
-5.87871
-5.84624
-5.80777
-5.76698
-5.73091
-5.70408
-5.69909
-5.71966
-5.76302
-5.81797
-5.87557
-5.93302
-5.98552
-6.03251
-6.06787
-6.09236
-6.10184
-6.09398
-6.06573
-6.01941
-5.95826
-5.88889
-5.82149
-5.77117
-5.74351
-5.73011
-5.73191
-5.74406
-5.76242
-5.79235
-5.82378
-5.86309
-5.89971
-5.93066
-5.95449
-5.96858
-5.96572
-5.94543
-5.90741
-5.85535
-5.787
-5.71629
-5.66073
-5.63111
-5.63587
-5.66827
-5.71709
-5.7699
-5.82107
-5.86455
-5.90071
-5.92473
-5.93975
-5.94933
-5.95433
-5.95726
-5.95617
-5.95635
-5.9602
-5.96615
-5.97915
-6.00263
-6.03029
-6.0538
-6.0604
-6.04503
-6.01162
-5.95817
-5.89667
-5.83298
-5.79007
-5.77703
-5.78968
-5.81969
-5.85522
-5.88883
-5.91491
-5.9317
-5.93284
-5.92059
-5.8983
-5.87375
-5.85603
-5.84969
-5.86135
-5.88742
-5.91657
-5.93984
-5.95123
-5.94658
-5.92258
-5.88639
-5.84922
-5.82428
-5.81888
-5.8317
-5.84833
-5.85563
-5.84394
-5.81051
-5.75939
-5.70905
-5.67484
-5.66699
-5.68517
-5.72784
-5.78692
-5.84717
-5.90339
-5.94339
-5.96407
-5.96981
-5.96273
-5.94816
-5.92877
-5.91051
-5.89055
-5.88323
-5.88796
-5.91392
-5.95062
-5.99129
-6.02738
-6.05572
-6.07101
-6.07164
-6.05763
-6.03057
-5.99308
-5.94811
-5.90164
-5.86041
-5.83366
-5.82311
-5.82784
-5.84788
-5.8766
-5.90562
-5.9284
-5.94703
-5.96631
-5.98732
-6.01142
-6.03707
-6.06141
-6.079
-6.08373
-6.06977
-6.03442
-5.98167
-5.91093
-5.8324
-5.75499
-5.68965
-5.6464
-5.62895
-5.63934
-5.67404
-5.73313
-5.80769
-5.88594
-5.95612
-6.00891
-6.02985
-6.02351
-5.9879
-5.93864
-5.88726
-5.84514
-5.81712
-5.79647
-5.78192
-5.77449
-5.77124
-5.77086
-5.77119
-5.77646
-5.78244
-5.79257
-5.81017
-5.84041
-5.88495
-5.94087
-6.00583
-6.07162
-6.12575
-6.15681
-6.15469
-6.11298
-6.02328
-5.89833
-5.76552
-5.6557
-5.58454
-5.55542
-5.56616
-5.60652
-5.6686
-5.7378
-5.80463
-5.86477
-5.9183
-5.9628
-5.99887
-6.0224
-6.02931
-6.01687
-5.98868
-5.94817
-5.9008
-5.85106
-5.80909
-5.78631
-5.78761
-5.8092
-5.84669
-5.89298
-5.93634
-5.97111
-5.9918
-6.00501
-6.00636
-5.9941
-5.97761
-5.95416
-5.92521
-5.88357
-5.83387
-5.78252
-5.74535
-5.72524
-5.73053
-5.74623
-5.77353
-5.80181
-5.83377
-5.86436
-5.90325
-5.95111
-6.00405
-6.05463
-6.09647
-6.12155
-6.13209
-6.1287
-6.12
-6.10455
-6.08353
-6.05387
-6.01589
-5.96611
-5.91068
-5.85735
-5.81384
-5.78211
-5.76665
-5.76501
-5.76874
-5.77347
-5.78158
-5.78742
-5.79047
-5.79062
-5.78719
-5.78172
-5.77779
-5.78313
-5.79512
-5.81043
-5.8266
-5.83446
-5.83678
-5.83909
-5.8431
-5.85281
-5.8708
-5.88973
-5.9079
-5.92324
-5.93866
-5.95251
-5.96443
-5.97286
-5.97902
-5.97697
-5.9669
-5.94536
-5.913
-5.8719
-5.82684
-5.78254
-5.7488
-5.73505
-5.74808
-5.78202
-5.8218
-5.84944
-5.86018
-5.8565
-5.85123
-5.84568
-5.83919
-5.82703
-5.80836
-5.78534
-5.76534
-5.76639
-5.78935
-5.83288
-5.88174
-5.91895
-5.93808
-5.9382
-5.92273
-5.89662
-5.86137
-5.8258
-5.79793
-5.78917
-5.80329
-5.84139
-5.89755
-5.96728
-6.03733
-6.10455
-6.15705
-6.1841
-6.18004
-6.14123
-6.06653
-5.97196
-5.87345
-5.79314
-5.75745
-5.76353
-5.80462
-5.85566
-5.90109
-5.92783
-5.93887
-5.93251
-5.91279
-5.88437
-5.84612
-5.80126
-5.76413
-5.74419
-5.75167
-5.78303
-5.82251
-5.86148
-5.89413
-5.91854
-5.93883
-5.95401
-5.96202
-5.9655
-5.96695
-5.96228
-5.95372
-5.94217
-5.92823
-5.91006
-5.89069
-5.87705
-5.87463
-5.87839
-5.88167
-5.87541
-5.86085
-5.84786
-5.84188
-5.85233
-5.87931
-5.92089
-5.96973
-6.01837
-6.05571
-6.07703
-6.07771
-6.05733
-6.01918
-5.96791
-5.91009
-5.84973
-5.77904
-5.71205
-5.67312
-5.67198
-5.69177
-5.7072
-5.71357
-5.71542
-5.71706
-5.7287
-5.75137
-5.77851
-5.8053
-5.82257
-5.82893
-5.83458
-5.84856
-5.87476
-5.90246
-5.92875
-5.94505
-5.94584
-5.92751
-5.89804
-5.86383
-5.83879
-5.83113
-5.84993
-5.88698
-5.94195
-6.00096
-6.0517
-6.08821
-6.10147
-6.09168
-6.06176
-6.02029
-5.9723
-5.92534
-5.88451
-5.85032
-5.8253
-5.81387
-5.80834
-5.81173
-5.82984
-5.8604
-5.89582
-5.92672
-5.94496
-5.95403
-5.95037
-5.94142
-5.93382
-5.93783
-5.94598
-5.9588
-5.96305
-5.96162
-5.95582
-5.95374
-5.96305
-5.97722
-5.98606
-5.98343
-5.96803
-5.94279
-5.91638
-5.89487
-5.87807
-5.86251
-5.84651
-5.8221
-5.79521
-5.77958
-5.78148
-5.79504
-5.8102
-5.81905
-5.81089
-5.79774
-5.77146
-5.74198
-5.71127
-5.69002
-5.68277
-5.69677
-5.73121
-5.77675
-5.81902
-5.84661
-5.85847
-5.86551
-5.87202
-5.88546
-5.90425
-5.92624
-5.95362
-5.97484
-5.98989
-6.00115
-6.00609
-6.00888
-6.01044
-6.00704
-6.00191
-5.9941
-5.9859
-5.97349
-5.96106
-5.95744
-5.96241
-5.9767
-5.99293
-6.00236
-6.00349
-5.98913
-5.958
-5.91194
-5.85218
-5.78419
-5.72138
-5.67248
-5.64538
-5.64175
-5.66119
-5.69954
-5.74928
-5.80751
-5.86575
-5.91302
-5.94505
-5.96975
-5.98355
-5.98935
-5.98994
-5.98282
-5.96903
-5.94826
-5.9224
-5.89955
-5.8805
-5.87161
-5.87898
-5.89985
-5.93095
-5.962
-5.98234
-5.9915
-5.98859
-5.97657
-5.95776
-5.9357
-5.91079
-5.87891
-5.84027
-5.79801
-5.75649
-5.7269
-5.71707
-5.72849
-5.75222
-5.7843
-5.8187
-5.8527
-5.8833
-5.90525
-5.92074
-5.92413
-5.91154
-5.8808
-5.83837
-5.78355
-5.72859
-5.68149
-5.6546
-5.65071
-5.66991
-5.70669
-5.75032
-5.78922
-5.8151
-5.82727
-5.82565
-5.81795
-5.81125
-5.81064
-5.82288
-5.84391
-5.87654
-5.91666
-5.96045
-6.00136
-6.03425
-6.05209
-6.05653
-6.04924
-6.03985
-6.03513
-6.03494
-6.03408
-6.02994
-6.01807
-5.99407
-5.9616
-5.92206
-5.88533
-5.85924
-5.84911
-5.85375
-5.86909
-5.8902
-5.91426
-5.93079
-5.93987
-5.94266
-5.94137
-5.9455
-5.94976
-5.95368
-5.95226
-5.94356
-5.93256
-5.91507
-5.89517
-5.87455
-5.85626
-5.83261
-5.80901
-5.78567
-5.76304
-5.74333
-5.7162
-5.68478
-5.65682
-5.64067
-5.64587
-5.68129
-5.73911
-5.8125
-5.88249
-5.9362
-5.96856
-5.98355
-5.98923
-5.99243
-5.99876
-6.00967
-6.02443
-6.03784
-6.04611
-6.04191
-6.02035
-5.98823
-5.94901
-5.90844
-5.8789
-5.86185
-5.85642
-5.86017
-5.8687
-5.88102
-5.89741
-5.91552
-5.9402
-5.95654
-5.96507
-5.96299
-5.95444
-5.93812
-5.91539
-5.89344
-5.86131
-5.83026
-5.80582
-5.79269
-5.79888
-5.82441
-5.85469
-5.88382
-5.90141
-5.90219
-5.89012
-5.87235
-5.85496
-5.84083
-5.83785
-5.84794
-5.86738
-5.88713
-5.89632
-5.88477
-5.85585
-5.81623
-5.7731
-5.73405
-5.70048
-5.6781
-5.66021
-5.65066
-5.6466
-5.65491
-5.67452
-5.7114
-5.76688
-5.83714
-5.9156
-5.99235
-6.05848
-6.10358
-6.12154
-6.10913
-6.06854
-6.0075
-5.9382
-5.86743
-5.80569
-5.75455
-5.71794
-5.69617
-5.69366
-5.71258
-5.74558
-5.78806
-5.84221
-5.90697
-5.97836
-6.04632
-6.10281
-6.14407
-6.16481
-6.16326
-6.1451
-6.11038
-6.06765
-6.0119
-5.94995
-5.88603
-5.82988
-5.7865
-5.75794
-5.74468
-5.73077
-5.7135
-5.69625
-5.68212
-5.68139
-5.70349
-5.74413
-5.79524
-5.84642
-5.88044
-5.8995
-5.90298
-5.89814
-5.89022
-5.88524
-5.89218
-5.91211
-5.9414
-5.97373
-5.99646
-6.00364
-5.99219
-5.9663
-5.93203
-5.897
-5.87002
-5.85148
-5.8468
-5.8483
-5.85865
-5.86692
-5.87716
-5.8842
-5.88845
-5.89279
-5.89253
-5.89134
-5.88951
-5.89012
-5.89639
-5.91072
-5.93226
-5.95874
-5.98358
-6.00518
-6.01471
-6.01439
-6.00308
-5.9891
-5.97587
-5.96657
-5.95838
-5.94543
-5.92587
-5.8943
-5.84683
-5.78413
-5.71522
-5.64943
-5.6016
-5.58279
-5.5916
-5.62024
-5.6662
-5.7217
-5.78035
-5.8414
-5.90326
-5.9679
-6.02642
-6.07999
-6.11875
-6.13401
-6.12805
-6.10514
-6.07065
-6.03851
-6.01107
-5.99815
-5.9891
-5.98064
-5.96661
-5.94484
-5.91489
-5.88284
-5.85166
-5.83462
-5.82912
-5.83644
-5.84688
-5.8487
-5.83899
-5.81417
-5.77766
-5.73207
-5.69239
-5.67086
-5.67916
-5.71823
-5.77962
-5.84956
-5.91799
-5.97388
-6.00733
-6.01329
-5.99305
-5.94838
-5.89233
-5.83336
-5.79152
-5.76888
-5.76592
-5.78025
-5.80781
-5.84484
-5.88814
-5.93651
-5.98433
-6.02175
-6.04365
-6.0496
-6.03622
-6.00315
-5.95839
-5.90818
-5.85589
-5.80406
-5.76251
-5.73216
-5.71893
-5.73175
-5.771
-5.82833
-5.89139
-5.94636
-5.9873
-6.00554
-6.00943
-5.99963
-5.98817
-5.98092
-5.98513
-5.99934
-6.01279
-6.02004
-6.01613
-5.99379
-5.95972
-5.92022
-5.89067
-5.88078
-5.89824
-5.93211
-5.97071
-6.00409
-6.01741
-6.01046
-5.98992
-5.95861
-5.91691
-5.87457
-5.833
-5.79298
-5.75595
-5.72822
-5.71094
-5.70432
-5.70387
-5.70737
-5.71699
-5.73177
-5.75287
-5.78246
-5.82753
-5.88118
-5.93589
-5.98925
-6.02818
-6.04967
-6.04754
-6.01899
-5.97213
-5.91858
-5.87628
-5.85224
-5.84744
-5.85292
-5.86033
-5.86627
-5.86648
-5.86834
-5.88176
-5.89967
-5.93021
-5.96433
-5.99868
-6.02125
-6.02653
-6.00718
-5.96677
-5.90957
-5.84693
-5.79748
-5.77659
-5.7908
-5.83318
-5.89208
-5.94953
-5.98496
-5.9955
-5.97554
-5.93356
-5.87962
-5.83108
-5.79911
-5.79127
-5.79672
-5.80403
-5.80623
-5.8007
-5.79669
-5.80268
-5.81679
-5.83848
-5.8652
-5.89812
-5.93262
-5.9594
-5.9764
-5.98055
-5.98377
-5.99032
-5.99789
-6.00757
-6.01242
-6.00595
-5.98778
-5.95561
-5.92555
-5.89719
-5.87635
-5.86028
-5.8433
-5.82366
-5.79627
-5.76574
-5.73254
-5.70174
-5.6831
-5.6768
-5.68122
-5.69381
-5.71518
-5.74224
-5.77306
-5.79582
-5.81089
-5.81417
-5.80765
-5.79576
-5.78944
-5.79274
-5.80402
-5.82747
-5.85531
-5.88626
-5.91435
-5.93612
-5.94771
-5.94651
-5.9313
-5.90432
-5.86629
-5.82228
-5.78201
-5.75367
-5.73908
-5.73052
-5.72728
-5.73069
-5.73698
-5.74505
-5.76179
-5.78217
-5.80379
-5.82183
-5.83866
-5.85374
-5.87096
-5.88269
-5.89152
-5.89366
-5.89138
-5.88977
-5.88817
-5.8934
-5.90393
-5.91978
-5.9426
-5.96807
-5.99192
-6.0173
-6.04567
-6.07255
-6.09294
-6.10478
-6.1044
-6.09236
-6.06845
-6.03888
-6.00712
-5.97694
-5.9473
-5.92112
-5.8952
-5.87123
-5.8487
-5.82863
-5.8148
-5.80938
-5.80739
-5.80397
-5.79593
-5.78506
-5.77039
-5.75782
-5.75191
-5.75393
-5.76289
-5.77322
-5.77991
-5.7776
-5.76871
-5.75401
-5.73621
-5.7233
-5.71321
-5.71047
-5.71427
-5.72432
-5.74506
-5.78153
-5.82794
-5.88333
-5.93522
-5.96848
-5.9804
-5.96182
-5.91689
-5.85519
-5.78365
-5.71856
-5.68221
-5.68457
-5.72864
-5.80593
-5.89748
-5.9836
-6.05035
-6.08977
-6.0981
-6.08404
-6.05382
-6.0162
-5.97945
-5.94652
-5.91898
-5.89191
-5.8732
-5.8663
-5.87045
-5.89184
-5.91765
-5.94618
-5.97512
-6.00302
-6.03346
-6.06715
-6.09762
-6.10891
-6.1004
-6.06761
-6.00679
-5.9328
-5.85261
-5.78151
-5.7257
-5.69121
-5.67205
-5.66449
-5.67015
-5.69651
-5.74298
-5.80568
-5.87718
-5.94719
-5.9999
-6.02606
-6.02482
-5.99642
-5.94799
-5.8916
-5.83947
-5.79865
-5.77744
-5.77532
-5.78523
-5.79766
-5.80982
-5.81281
-5.80775
-5.7956
-5.77857
-5.76191
-5.75275
-5.75569
-5.7731
-5.80928
-5.85114
-5.89677
-5.93398
-5.96081
-5.97982
-5.98288
-5.98426
-5.98661
-5.9977
-6.01393
-6.02662
-6.04219
-6.05142
-6.05601
-6.05795
-6.05402
-6.03935
-6.00981
-5.96983
-5.9213
-5.86978
-5.82287
-5.79123
-5.78267
-5.7955
-5.8202
-5.8467
-5.86116
-5.86299
-5.8509
-5.82699
-5.7993
-5.77548
-5.76228
-5.76666
-5.78313
-5.80591
-5.82906
-5.84331
-5.84481
-5.83728
-5.82443
-5.81187
-5.80227
-5.80084
-5.80079
-5.802
-5.80496
-5.81326
-5.82185
-5.83731
-5.85334
-5.86997
-5.88611
-5.89939
-5.90959
-5.91668
-5.91268
-5.89613
-5.87527
-5.84959
-5.83341
-5.82237
-5.81235
-5.80232
-5.78598
-5.76511
-5.74973
-5.75272
-5.78458
-5.84023
-5.90531
-5.96796
-6.0164
-6.04262
-6.05022
-6.03939
-6.01313
-5.97452
-5.92968
-5.88356
-5.84474
-5.8158
-5.79377
-5.78234
-5.77463
-5.77278
-5.78051
-5.79867
-5.82831
-5.86107
-5.89287
-5.91821
-5.93488
-5.94178
-5.94201
-5.93533
-5.92639
-5.91438
-5.8998
-5.8802
-5.85601
-5.82796
-5.80026
-5.77548
-5.75642
-5.74666
-5.74171
-5.74385
-5.75752
-5.79228
-5.84
-5.88975
-5.93164
-5.95232
-5.95715
-5.94692
-5.92276
-5.89437
-5.86309
-5.83326
-5.81216
-5.80483
-5.81204
-5.83051
-5.85488
-5.87614
-5.89525
-5.90324
-5.90079
-5.89253
-5.87601
-5.85574
-5.83383
-5.81238
-5.79655
-5.7876
-5.78688
-5.79633
-5.81111
-5.82881
-5.84756
-5.8693
-5.89268
-5.9095
-5.9205
-5.92287
-5.9211
-5.92014
-5.9235
-5.93632
-5.954
-5.97016
-5.99002
-6.00347
-6.00469
-5.9876
-5.95757
-5.9163
-5.87859
-5.85603
-5.84983
-5.85663
-5.87421
-5.89866
-5.91726
-5.93341
-5.93701
-5.93046
-5.92087
-5.9128
-5.90906
-5.90786
-5.90382
-5.89354
-5.87746
-5.85716
-5.84113
-5.83159
-5.8278
-5.83046
-5.83574
-5.84109
-5.84975
-5.85776
-5.87019
-5.88973
-5.91597
-5.94676
-5.97272
-5.99012
-5.99216
-5.98255
-5.96498
-5.94217
-5.91991
-5.89826
-5.87837
-5.8665
-5.86161
-5.86455
-5.86976
-5.87336
-5.87748
-5.88231
-5.88443
-5.88403
-5.88435
-5.89119
-5.89959
-5.90804
-5.9114
-5.91301
-5.90926
-5.89677
-5.87819
-5.86264
-5.84225
-5.81823
-5.79675
-5.77648
-5.75946
-5.74556
-5.73631
-5.72986
-5.73269
-5.74733
-5.77435
-5.80602
-5.83746
-5.85874
-5.86547
-5.8519
-5.8247
-5.78864
-5.75371
-5.72927
-5.72102
-5.72665
-5.74603
-5.77249
-5.80508
-5.843
-5.87949
-5.90876
-5.92853
-5.93541
-5.92739
-5.91324
-5.89811
-5.88532
-5.87346
-5.86248
-5.85335
-5.84218
-5.84311
-5.85144
-5.87305
-5.89924
-5.92419
-5.95024
-5.96995
-5.97866
-5.97818
-5.97157
-5.96562
-5.96478
-5.96754
-5.97319
-5.97564
-5.97453
-5.96719
-5.95354
-5.93186
-5.90153
-5.86713
-5.82403
-5.7844
-5.74642
-5.71524
-5.69489
-5.68191
-5.68228
-5.69314
-5.71966
-5.76686
-5.82644
-5.88504
-5.93388
-5.97235
-5.99386
-6.00068
-5.99359
-5.97597
-5.95295
-5.92846
-5.91156
-5.89685
-5.88503
-5.87521
-5.86631
-5.85225
-5.83247
-5.81171
-5.79259
-5.78137
-5.78796
-5.8074
-5.83476
-5.86092
-5.88028
-5.88797
-5.88798
-5.88589
-5.88383
-5.88571
-5.8888
-5.88742
-5.8808
-5.87025
-5.85859
-5.84778
-5.84616
-5.84785
-5.85289
-5.85888
-5.86775
-5.88239
-5.90604
-5.94119
-5.97401
-5.99934
-6.00637
-5.99323
-5.9637
-5.92998
-5.90339
-5.89228
-5.89746
-5.91153
-5.92698
-5.93481
-5.9351
-5.92435
-5.91106
-5.90087
-5.89112
-5.88806
-5.88679
-5.88978
-5.89219
-5.89554
-5.89925
-5.9064
-5.92419
-5.95388
-5.99061
-6.03222
-6.07321
-6.10093
-6.11697
-6.11484
-6.09299
-6.05352
-5.99687
-5.93335
-5.86562
-5.79957
-5.73668
-5.67928
-5.6289
-5.5893
-5.57037
-5.57753
-5.61517
-5.68029
-5.75986
-5.84253
-5.9174
-5.97249
-6.00323
-6.0097
-5.99994
-5.97834
-5.96054
-5.95233
-5.96085
-5.97723
-5.99451
-6.00118
-5.99667
-5.97766
-5.95165
-5.9331
-5.9256
-5.9323
-5.9507
-5.96709
-5.97395
-5.96794
-5.95295
-5.93349
-5.91145
-5.88947
-5.87594
-5.87004
-5.87571
-5.88294
-5.88831
-5.88965
-5.87938
-5.87063
-5.85951
-5.846
-5.83244
-5.82745
-5.82849
-5.83824
-5.85358
-5.8722
-5.89185
-5.91055
-5.92038
-5.91555
-5.8962
-5.86437
-5.82919
-5.80136
-5.77927
-5.7667
-5.76616
-5.7659
-5.77513
-5.79029
-5.82489
-5.87663
-5.94565
-6.02076
-6.08405
-6.12836
-6.146
-6.13765
-6.1064
-6.05333
-5.98612
-5.91646
-5.84887
-5.79225
-5.75068
-5.72713
-5.72747
-5.74175
-5.76826
-5.80204
-5.84204
-5.87872
-5.90768
-5.92566
-5.93192
-5.93141
-5.92881
-5.92108
-5.9149
-5.91248
-5.91243
-5.90699
-5.89382
-5.87554
-5.85534
-5.83665
-5.82708
-5.83376
-5.84878
-5.86923
-5.88656
-5.89824
-5.89966
-5.89056
-5.87332
-5.84599
-5.81148
-5.77577
-5.74805
-5.74374
-5.76636
-5.81101
-5.86961
-5.93306
-5.99017
-6.03349
-6.06071
-6.06759
-6.05991
-6.03174
-5.99067
-5.94552
-5.90488
-5.87524
-5.85272
-5.83006
-5.80786
-5.78553
-5.77548
-5.78317
-5.80861
-5.84672
-5.88837
-5.92056
-5.94535
-5.96469
-5.98084
-5.99384
-5.99986
-5.99521
-5.97753
-5.94295
-5.89704
-5.84648
-5.8036
-5.77375
-5.75776
-5.74819
-5.74912
-5.75204
-5.75665
-5.76605
-5.7814
-5.80385
-5.83331
-5.86806
-5.90062
-5.92496
-5.93893
-5.93818
-5.9178
-5.87966
-5.83158
-5.78501
-5.74991
-5.72452
-5.70543
-5.69053
-5.68567
-5.69913
-5.735
-5.78715
-5.841
-5.88356
-5.91368
-5.9335
-5.94173
-5.94683
-5.95108
-5.95606
-5.96579
-5.9773
-5.99518
-6.01282
-6.0316
-6.05037
-6.06995
-6.0851
-6.09106
-6.08644
-6.06555
-6.03735
-6.00583
-5.98406
-5.97019
-5.96381
-5.95807
-5.94322
-5.92129
-5.89399
-5.86658
-5.84463
-5.8263
-5.81557
-5.79907
-5.77882
-5.7555
-5.7242
-5.69395
-5.67424
-5.67051
-5.68667
-5.71635
-5.76204
-5.8095
-5.85134
-5.88552
-5.91021
-5.93141
-5.9534
-5.97318
-5.98704
-5.99025
-5.98856
-5.98517
-5.98
-5.97639
-5.97337
-5.97146
-5.96618
-5.95851
-5.94544
-5.923
-5.89423
-5.86107
-5.82843
-5.80126
-5.78406
-5.77791
-5.77972
-5.78846
-5.79226
-5.78831
-5.77299
-5.75321
-5.73578
-5.72486
-5.73558
-5.76829
-5.81561
-5.86786
-5.91014
-5.93375
-5.94515
-5.9531
-5.9596
-5.97498
-5.99342
-6.01377
-6.02875
-6.03752
-6.03188
-6.01544
-5.99507
-5.97926
-5.97265
-5.9789
-5.98929
-6.00176
-6.00684
-5.99542
-5.97225
-5.93973
-5.89995
-5.86468
-5.83369
-5.80956
-5.7918
-5.77156
-5.75285
-5.73181
-5.71256
-5.70193
-5.71117
-5.73191
-5.76292
-5.79794
-5.82974
-5.85248
-5.87097
-5.87844
-5.87395
-5.86128
-5.84247
-5.8228
-5.80691
-5.80386
-5.8114
-5.82603
-5.84547
-5.85685
-5.86294
-5.85722
-5.84257
-5.8158
-5.78197
-5.74986
-5.72653
-5.72254
-5.73707
-5.77278
-5.8254
-5.88156
-5.92389
-5.94336
-5.94238
-5.92973
-5.90881
-5.8861
-5.86702
-5.84576
-5.82602
-5.80653
-5.78829
-5.77844
-5.77359
-5.77758
-5.79003
-5.81001
-5.833
-5.85999
-5.8902
-5.92775
-5.96985
-6.01048
-6.04885
-6.07852
-6.09251
-6.0956
-6.08849
-6.08644
-6.07899
-6.07097
-6.05616
-6.03184
-5.9978
-5.95953
-5.9202
-5.89293
-5.88342
-5.89238
-5.91175
-5.92911
-5.93636
-5.93559
-5.93592
-5.94156
-5.95279
-5.95514
-5.9408
-5.91116
-5.86535
-5.81257
-5.7597
-5.7183
-5.69351
-5.68462
-5.69384
-5.71689
-5.75252
-5.79334
-5.83225
-5.86499
-5.89044
-5.90421
-5.90684
-5.90009
-5.89062
-5.87777
-5.86516
-5.8544
-5.84746
-5.84002
-5.83399
-5.82807
-5.83146
-5.84778
-5.87978
-5.92312
-5.96934
-6.00917
-6.03317
-6.03829
-6.03323
-6.02171
-6.014
-6.00135
-5.98729
-5.96571
-5.93583
-5.90655
-5.88029
-5.85746
-5.84231
-5.83771
-5.83903
-5.8454
-5.84813
-5.84583
-5.84004
-5.83203
-5.83665
-5.84802
-5.86072
-5.86842
-5.86872
-5.85629
-5.83367
-5.8079
-5.78704
-5.7767
-5.78002
-5.79898
-5.82737
-5.85679
-5.87875
-5.89438
-5.89597
-5.88478
-5.86761
-5.85281
-5.84739
-5.85284
-5.86583
-5.88007
-5.88676
-5.88645
-5.88007
-5.86466
-5.84557
-5.82224
-5.79781
-5.78166
-5.77827
-5.79384
-5.82257
-5.85963
-5.89343
-5.91693
-5.92787
-5.93173
-5.92894
-5.92042
-5.91542
-5.90979
-5.90234
-5.8901
-5.87318
-5.85311
-5.83649
-5.83685
-5.85216
-5.88552
-5.92669
-5.97414
-6.01916
-6.05959
-6.09068
-6.10868
-6.10863
-6.08567
-6.04344
-5.98823
-5.92518
-5.87044
-5.82816
-5.81046
-5.82047
-5.85106
-5.87861
-5.89839
-5.89659
-5.87872
-5.84801
-5.81666
-5.7928
-5.78336
-5.7943
-5.81942
-5.85516
-5.89513
-5.92609
-5.94707
-5.95563
-5.94657
-5.92638
-5.90036
-5.87163
-5.84361
-5.81519
-5.79407
-5.7844
-5.79011
-5.80816
-5.83763
-5.87409
-5.90172
-5.91811
-5.92175
-5.91001
-5.88373
-5.84636
-5.80043
-5.75741
-5.73131
-5.73061
-5.76541
-5.83034
-5.91206
-5.99627
-6.06831
-6.11754
-6.1377
-6.12895
-6.09706
-6.04918
-5.98305
-5.90615
-5.82377
-5.73999
-5.66349
-5.6047
-5.57418
-5.57394
-5.60537
-5.65975
-5.72077
-5.77996
-5.82165
-5.84841
-5.86073
-5.86815
-5.87524
-5.89031
-5.91455
-5.94322
-5.96807
-5.98931
-6.00339
-6.00865
-6.00219
-5.9829
-5.94482
-5.89323
-5.82815
-5.75985
-5.69234
-5.64356
-5.61903
-5.61699
-5.64222
-5.68496
-5.73709
-5.79854
-5.86626
-5.92989
-5.98457
-6.02622
-6.05443
-6.07061
-6.07636
-6.07118
-6.06721
-6.06291
-6.05978
-6.05959
-6.06438
-6.06803
-6.07418
-6.09056
-6.12075
-6.14959
-6.17187
-6.1717
-6.14127
-6.08581
-6.01944
-5.95594
-5.89995
-5.85188
-5.8126
-5.76975
-5.72651
-5.67975
-5.64433
-5.62371
-5.62745
-5.65248
-5.69435
-5.74294
-5.7923
-5.832
-5.86328
-5.88191
-5.89032
-5.88232
-5.86191
-5.83576
-5.81742
-5.81151
-5.82805
-5.85558
-5.88551
-5.90947
-5.91577
-5.9131
-5.89817
-5.8805
-5.86637
-5.85557
-5.84717
-5.8437
-5.83724
-5.82469
-5.80949
-5.79965
-5.8032
-5.82683
-5.86016
-5.8907
-5.91263
-5.92577
-5.92818
-5.92252
-5.91841
-5.91732
-5.91785
-5.91994
-5.91629
-5.91056
-5.90539
-5.89955
-5.89157
-5.88496
-5.88222
-5.88027
-5.88342
-5.89649
-5.91953
-5.95099
-5.98511
-6.01163
-6.02893
-6.0292
-6.0159
-5.98876
-5.95455
-5.92056
-5.88606
-5.8541
-5.82674
-5.80837
-5.79528
-5.79101
-5.79009
-5.79611
-5.80469
-5.82099
-5.84152
-5.86022
-5.87399
-5.88045
-5.88115
-5.87543
-5.86148
-5.83718
-5.80302
-5.76602
-5.73995
-5.74177
-5.77331
-5.81891
-5.86151
-5.88873
-5.90375
-5.90608
-5.8985
-5.88306
-5.86015
-5.83333
-5.80942
-5.7864
-5.77065
-5.77118
-5.79019
-5.8276
-5.87339
-5.92181
-5.95824
-5.97431
-5.96828
-5.94417
-5.91404
-5.88217
-5.86143
-5.84426
-5.83229
-5.82737
-5.83529
-5.86158
-5.89678
-5.92885
-5.9482
-5.95131
-5.94132
-5.92618
-5.91651
-5.92228
-5.94574
-5.98338
-6.02499
-6.05495
-6.06909
-6.07156
-6.05716
-6.0291
-5.99896
-5.96111
-5.91869
-5.86505
-5.81109
-5.76566
-5.73576
-5.72737
-5.73841
-5.76052
-5.7911
-5.81979
-5.84551
-5.86005
-5.86819
-5.86657
-5.86304
-5.86544
-5.879
-5.89667
-5.91906
-5.93767
-5.94596
-5.94081
-5.92246
-5.89328
-5.85396
-5.81607
-5.78006
-5.75476
-5.74294
-5.75111
-5.77748
-5.81367
-5.85833
-5.90199
-5.93894
-5.95609
-5.96005
-5.94111
-5.90699
-5.86145
-5.81701
-5.77357
-5.74001
-5.72273
-5.72065
-5.73504
-5.75997
-5.79528
-5.83181
-5.86731
-5.8967
-5.90953
-5.90739
-5.89503
-5.87302
-5.85346
-5.84175
-5.84004
-5.84463
-5.84729
-5.84463
-5.83284
-5.81189
-5.78502
-5.75751
-5.73761
-5.72792
-5.73708
-5.75545
-5.78172
-5.80693
-5.83092
-5.85946
-5.89524
-5.9368
-5.98609
-6.03677
-6.07919
-6.11232
-6.13383
-6.13934
-6.12981
-6.10498
-6.06842
-6.02797
-5.99141
-5.96237
-5.94219
-5.93309
-5.92769
-5.92445
-5.92391
-5.92634
-5.93238
-5.93261
-5.92725
-5.91919
-5.91354
-5.90972
-5.91239
-5.92126
-5.92758
-5.92455
-5.90695
-5.8733
-5.82047
-5.75824
-5.69943
-5.65951
-5.64456
-5.65742
-5.68694
-5.7301
-5.77603
-5.82107
-5.85697
-5.88174
-5.89515
-5.89186
-5.87476
-5.84589
-5.81367
-5.78559
-5.77187
-5.77809
-5.79948
-5.83471
-5.87324
-5.90132
-5.91272
-5.89709
-5.86529
-5.81935
-5.76216
-5.71488
-5.68329
-5.67023
-5.67792
-5.69948
-5.73099
-5.76142
-5.79687
-5.83076
-5.86618
-5.89996
-5.92913
-5.94993
-5.9623
-5.9623
-5.9533
-5.93965
-5.92368
-5.90995
-5.89384
-5.87793
-5.85762
-5.83624
-5.82067
-5.81024
-5.80977
-5.81527
-5.82197
-5.82898
-5.83844
-5.8518
-5.86957
-5.89896
-5.93612
-5.97661
-6.01275
-6.0382
-6.04435
-6.02946
-5.99515
-5.93798
-5.87148
-5.80185
-5.74603
-5.71774
-5.71916
-5.75198
-5.80132
-5.85931
-5.92136
-5.97499
-6.01109
-6.02754
-6.01918
-5.98779
-5.94816
-5.90774
-5.88042
-5.86471
-5.85196
-5.84411
-5.8363
-5.82824
-5.81989
-5.80777
-5.79832
-5.79083
-5.78922
-5.79719
-5.80847
-5.822
-5.83256
-5.84861
-5.86907
-5.89502
-5.927
-5.95721
-5.97651
-5.98132
-5.96474
-5.93187
-5.89658
-5.86665
-5.85417
-5.85913
-5.8708
-5.88297
-5.89071
-5.89514
-5.89836
-5.90164
-5.91306
-5.92694
-5.94204
-5.9588
-5.97131
-5.97832
-5.97898
-5.96506
-5.93909
-5.90312
-5.86274
-5.82027
-5.78329
-5.75974
-5.75354
-5.7634
-5.77925
-5.802
-5.82024
-5.83815
-5.85277
-5.86687
-5.86904
-5.86117
-5.83823
-5.80451
-5.77091
-5.74334
-5.73106
-5.73298
-5.75182
-5.78924
-5.8429
-5.91629
-5.99951
-6.08016
-6.14539
-6.18528
-6.19653
-6.17713
-6.12713
-6.05395
-5.96118
-5.86211
-5.77633
-5.72814
-5.72503
-5.76993
-5.84445
-5.92599
-5.9988
-6.04779
-6.06741
-6.05349
-6.01752
-5.96947
-5.92445
-5.88885
-5.86772
-5.85496
-5.84634
-5.83822
-5.82937
-5.82719
-5.8338
-5.84592
-5.86304
-5.87969
-5.8942
-5.89996
-5.90117
-5.90481
-5.90288
-5.8977
-5.88559
-5.85805
-5.82335
-5.79005
-5.77726
-5.78107
-5.80379
-5.83219
-5.86022
-5.87877
-5.88759
-5.89261
-5.8966
-5.90127
-5.904
-5.90288
-5.89532
-5.88459
-5.87182
-5.86222
-5.85751
-5.86585
-5.87705
-5.89095
-5.89665
-5.89242
-5.87851
-5.86669
-5.85647
-5.84944
-5.8473
-5.84984
-5.8551
-5.86431
-5.87599
-5.88855
-5.90334
-5.92305
-5.9452
-5.96772
-5.98102
-5.98497
-5.97482
-5.9622
-5.94405
-5.93985
-5.94535
-5.96309
-5.98654
-6.00849
-6.01639
-5.9984
-5.95536
-5.88751
-5.80586
-5.73547
-5.6907
-5.68705
-5.72188
-5.79001
-5.87572
-5.95858
-6.02658
-6.06633
-6.07688
-6.06506
-6.03966
-6.0081
-5.98101
-5.95566
-5.9363
-5.92226
-5.90891
-5.89757
-5.89306
-5.89448
-5.89775
-5.89844
-5.89212
-5.87625
-5.85038
-5.81689
-5.78234
-5.77395
-5.8039
-5.86254
-5.93135
-5.98272
-6.00795
-6.0061
-5.98542
-5.95736
-5.93382
-5.92026
-5.90751
-5.89817
-5.88702
-5.87482
-5.86814
-5.86918
-5.87373
-5.88176
-5.88587
-5.88066
-5.86372
-5.83246
-5.79033
-5.74972
-5.71981
-5.7121
-5.72332
-5.75277
-5.79152
-5.83518
-5.87388
-5.90365
-5.92538
-5.94193
-5.9498
-5.95136
-5.94599
-5.93063
-5.90514
-5.87755
-5.851
-5.82595
-5.80428
-5.7834
-5.76454
-5.75157
-5.73961
-5.72988
-5.71819
-5.70411
-5.69057
-5.68848
-5.70734
-5.75205
-5.82112
-5.90356
-5.98654
-6.05495
-6.1011
-6.12036
-6.11542
-6.09356
-6.0539
-6.00507
-5.94829
-5.90507
-5.87674
-5.8616
-5.84631
-5.8287
-5.80839
-5.79824
-5.80629
-5.82904
-5.86399
-5.9018
-5.93336
-5.95734
-5.97636
-5.98315
-5.98131
-5.96344
-5.92725
-5.88735
-5.84933
-5.82049
-5.80399
-5.802
-5.81383
-5.83584
-5.86481
-5.89715
-5.92554
-5.94991
-5.96667
-5.9784
-5.98571
-5.98305
-5.97438
-5.95608
-5.93191
-5.90478
-5.8802
-5.86087
-5.84646
-5.84474
-5.85012
-5.86223
-5.87866
-5.89814
-5.92303
-5.94808
-5.96397
-5.96853
-5.9613
-5.94837
-5.93324
-5.92478
-5.9187
-5.91679
-5.91414
-5.90518
-5.88797
-5.85102
-5.79757
-5.7388
-5.68782
-5.66158
-5.6731
-5.71417
-5.77644
-5.84543
-5.90745
-5.95563
-5.99154
-6.0083
-6.00976
-5.99746
-5.97745
-5.94593
-5.91706
-5.88767
-5.86596
-5.84963
-5.84693
-5.85427
-5.8692
-5.89199
-5.91979
-5.95478
-5.98944
-6.02434
-6.04881
-6.04985
-6.02644
-5.98055
-5.91775
-5.85037
-5.77951
-5.7172
-5.66678
-5.63539
-5.63027
-5.65446
-5.69481
-5.74473
-5.79584
-5.84041
-5.88224
-5.92091
-5.96006
-5.99883
-6.03296
-6.05923
-6.07805
-6.08536
-6.08706
-6.08201
-6.07171
-6.06169
-6.05126
-6.04282
-6.03757
-6.0304
-6.01852
-6.00011
-5.97234
-5.93704
-5.8995
-5.86564
-5.8398
-5.8197
-5.80071
-5.78505
-5.77156
-5.7568
-5.74874
-5.74896
-5.76086
-5.78424
-5.82198
-5.87143
-5.92321
-5.96985
-6.01357
-6.05193
-6.08477
-6.10568
-6.11067
-6.09828
-6.06959
-6.03089
-5.98523
-5.93808
-5.89295
-5.84543
-5.80419
-5.77282
-5.75409
-5.75431
-5.77161
-5.80165
-5.84057
-5.87778
-5.9045
-5.9129
-5.90602
-5.88193
-5.85368
-5.82373
-5.80702
-5.80382
-5.81532
-5.83398
-5.84992
-5.85684
-5.85259
-5.83654
-5.8188
-5.80456
-5.80428
-5.82231
-5.85868
-5.90981
-5.96493
-6.01365
-6.04791
-6.05829
-6.04363
-5.9953
-5.92062
-5.83155
-5.7479
-5.69269
-5.67601
-5.69514
-5.72935
-5.76919
-5.8044
-5.83602
-5.85999
-5.87589
-5.8919
-5.90374
-5.91331
-5.91961
-5.92032
-5.91003
-5.89822
-5.88818
-5.88942
-5.89261
-5.89746
-5.89689
-5.89114
-5.87611
-5.85557
-5.83479
-5.82428
-5.83436
-5.86105
-5.90154
-5.93344
-5.95572
-5.96627
-5.96466
-5.94757
-5.91716
-5.88078
-5.83542
-5.79116
-5.75292
-5.73498
-5.74284
-5.77634
-5.82221
-5.87811
-5.92365
-5.95824
-5.9763
-5.976
-5.95848
-5.92562
-5.87917
-5.83204
-5.79615
-5.78027
-5.79293
-5.82958
-5.87753
-5.91744
-5.945
-5.95565
-5.95759
-5.95824
-5.95692
-5.95449
-5.95125
-5.94869
-5.95111
-5.95898
-5.96886
-5.97581
-5.97719
-5.972
-5.95493
-5.92806
-5.90132
-5.87048
-5.83906
-5.8073
-5.78245
-5.76349
-5.75466
-5.76678
-5.79523
-5.83149
-5.87017
-5.9057
-5.93255
-5.95537
-5.97173
-5.98005
-5.97751
-5.95904
-5.92546
-5.87412
-5.81111
-5.7528
-5.70189
-5.66012
-5.63817
-5.63797
-5.66049
-5.6976
-5.74564
-5.79729
-5.85433
-5.91187
-5.96957
-6.01983
-6.0525
-6.06432
-6.05016
-6.01133
-5.95211
-5.88462
-5.81732
-5.76079
-5.72195
-5.70666
-5.70764
-5.72034
-5.74329
-5.76922
-5.79526
-5.81673
-5.83646
-5.85329
-5.87435
-5.91296
-5.96368
-6.01461
-6.05458
-6.07749
-6.08331
-6.07075
-6.04464
-6.00648
-5.96322
-5.91894
-5.8802
-5.84376
-5.80899
-5.7727
-5.73754
-5.70831
-5.68598
-5.68061
-5.68425
-5.69892
-5.7241
-5.75779
-5.79141
-5.82422
-5.85004
-5.86528
-5.8748
-5.88232
-5.90048
-5.92776
-5.96408
-6.00493
-6.04278
-6.07294
-6.08618
-6.07655
-6.04067
-5.97965
-5.9103
-5.84309
-5.79529
-5.7722
-5.77691
-5.79864
-5.82167
-5.83746
-5.83494
-5.82087
-5.80123
-5.78317
-5.78057
-5.79594
-5.82774
-5.8779
-5.93788
-6.00055
-6.05363
-6.08925
-6.10819
-6.10561
-6.08316
-6.05192
-6.01529
-5.97931
-5.94647
-5.91855
-5.89889
-5.89107
-5.89657
-5.90258
-5.90256
-5.8914
-5.87882
-5.85543
-5.83114
-5.79658
-5.76087
-5.72166
-5.68685
-5.66372
-5.65379
-5.65817
-5.67593
-5.70633
-5.74501
-5.7847
-5.8298
-5.87097
-5.91299
-5.95453
-5.99729
-6.03326
-6.05819
-6.07142
-6.0791
-6.07524
-6.06526
-6.04404
-6.01324
-5.97727
-5.93871
-5.89957
-5.86918
-5.8444
-5.82424
-5.80491
-5.78446
-5.77773
-5.7874
-5.80699
-5.82121
-5.81648
-5.79533
-5.76097
-5.72432
-5.69251
-5.67799
-5.68097
-5.69989
-5.72891
-5.758
-5.78501
-5.80578
-5.82402
-5.84088
-5.8618
-5.89407
-5.93151
-5.97329
-6.01567
-6.04587
-6.06158
-6.06766
-6.06163
-6.04451
-6.01498
-5.981
-5.9445
-5.91427
-5.89677
-5.89393
-5.90652
-5.92835
-5.9448
-5.95291
-5.9535
-5.94507
-5.93134
-5.91489
-5.90104
-5.89621
-5.89416
-5.8901
-5.87582
-5.84897
-5.81046
-5.76329
-5.71336
-5.6708
-5.64206
-5.62915
-5.63059
-5.64372
-5.6677
-5.69998
-5.7352
-5.7726
-5.8119
-5.84818
-5.87951
-5.90158
-5.91191
-5.91966
-5.92047
-5.90951
-5.88252
-5.84201
-5.79995
-5.7629
-5.7429
-5.73888
-5.74844
-5.76827
-5.79433
-5.82996
-5.87725
-5.93331
-5.98545
-6.0232
-6.04292
-6.04727
-6.0307
-6.00098
-5.96004
-5.91182
-5.8653
-5.82928
-5.80812
-5.80114
-5.80811
-5.82047
-5.83858
-5.85887
-5.88721
-5.91219
-5.93658
-5.94967
-5.95237
-5.94237
-5.92822
-5.90635
-5.88708
-5.87649
-5.87549
-5.87885
-5.88412
-5.88475
-5.88029
-5.87409
-5.86469
-5.86363
-5.86715
-5.87242
-5.87946
-5.88823
-5.89691
-5.90005
-5.90045
-5.90085
-5.89267
-5.88607
-5.886
-5.89898
-5.92634
-5.97335
-6.0258
-6.07596
-6.10773
-6.11848
-6.11002
-6.07872
-6.03299
-5.97642
-5.9117
-5.84546
-5.78343
-5.72868
-5.68492
-5.65653
-5.63875
-5.63268
-5.63622
-5.64191
-5.65365
-5.67117
-5.6882
-5.70766
-5.73402
-5.76744
-5.80463
-5.84747
-5.88932
-5.92797
-5.96018
-5.98725
-6.00652
-6.01919
-6.02925
-6.03869
-6.04117
-6.03793
-6.02992
-6.01639
-6.00607
-5.99324
-5.9738
-5.93989
-5.89226
-5.83814
-5.77927
-5.72975
-5.7036
-5.69749
-5.71504
-5.75221
-5.80687
-5.87559
-5.94563
-6.00386
-6.0496
-6.0834
-6.11182
-6.14011
-6.16335
-6.17411
-6.17249
-6.14615
-6.10156
-6.04091
-5.96703
-5.89832
-5.84025
-5.79592
-5.76717
-5.74465
-5.73373
-5.72838
-5.72359
-5.71765
-5.70867
-5.69201
-5.66702
-5.63789
-5.61132
-5.59924
-5.6048
-5.6374
-5.68945
-5.75644
-5.82441
-5.8852
-5.93324
-5.96388
-5.97736
-5.97372
-5.96231
-5.95005
-5.93669
-5.92809
-5.92161
-5.91452
-5.90703
-5.89863
-5.89502
-5.89835
-5.90419
-5.91254
-5.92537
-5.93984
-5.95275
-5.95648
-5.94189
-5.91049
-5.8663
-5.82097
-5.78543
-5.76704
-5.76233
-5.7703
-5.79174
-5.82293
-5.86099
-5.89673
-5.93073
-5.96358
-5.99083
-6.0138
-6.03544
-6.05391
-6.07105
-6.08538
-6.0973
-6.10574
-6.1116
-6.10887
-6.09816
-6.08418
-6.05747
-6.02268
-5.98492
-5.9495
-5.92569
-5.91302
-5.90665
-5.89538
-5.8785
-5.85672
-5.82968
-5.80212
-5.77905
-5.76343
-5.74953
-5.73233
-5.70812
-5.68183
-5.67256
-5.67812
-5.68876
-5.69389
-5.693
-5.70197
-5.71944
-5.74242
-5.76474
-5.78016
-5.78492
-5.77877
-5.76255
-5.74352
-5.72408
-5.70769
-5.69783
-5.70421
-5.72282
-5.75834
-5.80045
-5.84754
-5.88764
-5.91988
-5.94529
-5.96444
-5.9801
-5.99035
-5.997
-6.00552
-6.01357
-6.03056
-6.04786
-6.06273
-6.06754
-6.06314
-6.04994
-6.03221
-6.00602
-5.97665
-5.9335
-5.88553
-5.83656
-5.79485
-5.76055
-5.74117
-5.73498
-5.74128
-5.75797
-5.78199
-5.81068
-5.84859
-5.88882
-5.92831
-5.96356
-5.99129
-6.00511
-6.00841
-5.99757
-5.97635
-5.94846
-5.91383
-5.87683
-5.84945
-5.83203
-5.82642
-5.83116
-5.84253
-5.85344
-5.86185
-5.86314
-5.8564
-5.85306
-5.85498
-5.86689
-5.89379
-5.93311
-5.97432
-6.01229
-6.04315
-6.05994
-6.06947
-6.06705
-6.05155
-6.0266
-5.99319
-5.95416
-5.9158
-5.88576
-5.86586
-5.85552
-5.85577
-5.86584
-5.87246
-5.8669
-5.84565
-5.80455
-5.74274
-5.67415
-5.60725
-5.55999
-5.54647
-5.56879
-5.6307
-5.71545
-5.80594
-5.8859
-5.94009
-5.96369
-5.96336
-5.94514
-5.92225
-5.90075
-5.88142
-5.861
-5.84537
-5.83806
-5.84516
-5.86664
-5.89892
-5.93976
-5.98074
-6.01587
-6.03817
-6.05065
-6.0498
-6.03765
-6.01407
-5.98491
-5.95733
-5.93905
-5.93872
-5.94927
-5.96736
-5.98172
-5.98572
-5.97083
-5.94192
-5.90205
-5.86179
-5.82417
-5.79825
-5.7848
-5.77554
-5.76738
-5.75063
-5.73036
-5.70616
-5.69215
-5.69228
-5.70812
-5.73171
-5.76416
-5.80014
-5.83754
-5.86698
-5.89547
-5.92364
-5.95645
-5.99397
-6.03704
-6.06836
-6.08884
-6.09181
-6.08053
-6.05392
-6.01783
-5.98143
-5.94474
-5.90874
-5.8777
-5.85698
-5.84728
-5.85195
-5.86667
-5.88786
-5.90095
-5.9101
-5.91263
-5.91439
-5.91529
-5.91927
-5.92762
-5.9297
-5.9246
-5.90337
-5.87276
-5.82679
-5.77624
-5.72479
-5.68519
-5.66376
-5.6619
-5.67358
-5.69776
-5.72817
-5.7642
-5.80309
-5.84615
-5.89376
-5.93946
-5.97694
-6.00007
-6.01102
-6.00204
-5.98292
-5.96136
-5.94446
-5.93633
-5.93536
-5.94121
-5.94806
-5.95418
-5.95078
-5.93672
-5.91612
-5.89754
-5.88992
-5.89191
-5.89447
-5.88805
-5.86935
-5.83564
-5.79119
-5.74675
-5.70844
-5.68462
-5.67637
-5.68803
-5.71466
-5.74715
-5.78077
-5.81326
-5.84087
-5.86379
-5.87937
-5.89185
-5.90058
-5.90731
-5.91915
-5.93364
-5.95089
-5.96768
-5.97847
-5.9856
-5.99523
-6.00434
-6.01301
-6.01706
-6.01221
-5.99178
-5.9549
-5.90548
-5.85569
-5.82193
-5.82338
-5.85383
-5.90378
-5.95312
-5.99077
-6.00107
-5.98563
-5.9501
-5.89675
-5.83532
-5.78186
-5.74091
-5.72364
-5.73614
-5.77379
-5.82597
-5.88368
-5.93345
-5.96331
-5.97928
-5.98251
-5.97028
-5.95049
-5.91811
-5.87671
-5.83633
-5.80757
-5.79589
-5.79687
-5.81002
-5.82633
-5.84826
-5.87363
-5.90099
-5.93007
-5.94887
-5.96282
-5.9723
-5.9751
-5.97037
-5.96485
-5.95844
-5.95749
-5.95846
-5.96342
-5.97181
-5.98198
-5.99978
-6.02289
-6.04515
-6.06272
-6.06359
-6.05602
-6.04303
-6.03476
-6.03128
-6.02312
-6.00285
-5.97169
-5.93171
-5.89026
-5.85007
-5.81992
-5.80352
-5.79992
-5.81323
-5.83759
-5.86649
-5.88795
-5.89539
-5.88278
-5.85232
-5.80863
-5.75808
-5.70759
-5.66719
-5.63504
-5.61447
-5.61086
-5.62707
-5.65607
-5.69029
-5.7205
-5.74381
-5.76388
-5.78074
-5.80581
-5.8387
-5.86765
-5.88479
-5.88744
-5.87739
-5.86112
-5.85292
-5.85932
-5.88685
-5.92642
-5.97311
-6.01289
-6.03917
-6.04394
-6.02268
-5.97673
-5.90847
-5.8256
-5.74348
-5.67316
-5.62844
-5.61961
-5.6442
-5.69864
-5.77888
-5.87512
-5.97335
-6.0655
-6.14273
-6.19385
-6.21806
-6.21706
-6.19853
-6.16683
-6.12233
-6.06417
-6.00185
-5.93705
-5.87863
-5.84306
-5.83268
-5.83671
-5.84217
-5.83907
-5.82613
-5.80332
-5.77468
-5.74826
-5.72563
-5.71032
-5.70804
-5.71901
-5.74074
-5.76868
-5.80255
-5.84176
-5.87953
-5.9097
-5.93072
-5.94
-5.94466
-5.95064
-5.96169
-5.96869
-5.97386
-5.97219
-5.95613
-5.935
-5.9078
-5.8857
-5.8696
-5.86214
-5.85711
-5.85579
-5.85456
-5.85234
-5.84856
-5.8393
-5.8313
-5.82765
-5.82409
-5.82011
-5.81139
-5.80931
-5.81614
-5.84299
-5.88096
-5.9182
-5.94466
-5.94921
-5.93284
-5.8948
-5.84228
-5.78737
-5.73781
-5.70255
-5.69614
-5.72228
-5.77778
-5.85116
-5.93129
-6.00245
-6.05782
-6.09816
-6.1171
-6.12099
-6.10151
-6.06433
-6.011
-5.942
-5.86898
-5.80956
-5.77383
-5.77361
-5.80423
-5.85357
-5.90314
-5.94952
-5.98826
-6.02768
-6.06344
-6.09855
-6.12942
-6.15496
-6.16967
-6.16455
-6.13222
-6.06949
-5.97959
-5.87519
-5.77559
-5.70156
-5.66852
-5.67829
-5.71018
-5.75548
-5.7932
-5.81942
-5.82573
-5.81571
-5.792
-5.76049
-5.73394
-5.72473
-5.73162
-5.75531
-5.78539
-5.81185
-5.82614
-5.82785
-5.82486
-5.82942
-5.85098
-5.88571
-5.91926
-5.94435
-5.94641
-5.93363
-5.92123
-5.91515
-5.9185
-5.92727
-5.93134
-5.92052
-5.89584
-5.85887
-5.817
-5.77537
-5.735
-5.70494
-5.69545
-5.69391
-5.70506
-5.72394
-5.74899
-5.78259
-5.81436
-5.84583
-5.87011
-5.89124
-5.90508
-5.91374
-5.91928
-5.92156
-5.91538
-5.90382
-5.88924
-5.8773
-5.87446
-5.87965
-5.89392
-5.91512
-5.93522
-5.94495
-5.94251
-5.92725
-5.90137
-5.87242
-5.84801
-5.83683
-5.83774
-5.8471
-5.85138
-5.84667
-5.83014
-5.79761
-5.75188
-5.70232
-5.66437
-5.65771
-5.68933
-5.75276
-5.82899
-5.89692
-5.93958
-5.95104
-5.93443
-5.90821
-5.88206
-5.87134
-5.8819
-5.90859
-5.94254
-5.97454
-5.99335
-5.99653
-5.98292
-5.96253
-5.93804
-5.91738
-5.90914
-5.91245
-5.92941
-5.95536
-5.98152
-6.00251
-6.01034
-6.009
-5.99385
-5.97072
-5.93739
-5.90607
-5.88427
-5.88752
-5.90619
-5.9209
-5.92266
-5.90619
-5.88465
-5.87016
-5.86848
-5.87568
-5.88423
-5.88286
-5.86601
-5.83197
-5.7903
-5.7514
-5.72552
-5.7262
-5.7472
-5.77329
-5.80118
-5.82637
-5.84453
-5.86538
-5.88224
-5.89443
-5.90558
-5.90361
-5.88982
-5.85453
-5.80675
-5.75207
-5.69738
-5.64851
-5.61772
-5.6133
-5.63576
-5.68102
-5.74178
-5.81338
-5.88565
-5.95999
-6.02297
-6.06988
-6.09918
-6.10317
-6.08898
-6.05681
-6.01724
-5.97663
-5.94044
-5.92172
-5.91653
-5.92205
-5.93856
-5.9578
-5.9768
-5.98947
-5.99878
-6.00202
-6.00453
-6.01355
-6.03115
-6.05335
-6.06864
-6.06551
-6.04338
-5.99618
-5.93334
-5.87154
-5.82376
-5.80391
-5.80822
-5.8339
-5.8679
-5.89458
-5.91577
-5.92807
-5.93473
-5.93767
-5.93138
-5.91408
-5.89227
-5.87437
-5.85345
-5.83125
-5.80836
-5.78476
-5.77294
-5.77729
-5.79798
-5.83137
-5.87339
-5.91679
-5.96002
-5.99517
-6.02451
-6.04582
-6.05635
-6.05491
-6.04052
-6.01701
-5.97665
-5.926
-5.86731
-5.80341
-5.74534
-5.703
-5.69013
-5.70293
-5.73832
-5.78904
-5.84365
-5.88734
-5.91473
-5.92245
-5.91064
-5.89329
-5.86751
-5.84009
-5.81129
-5.78529
-5.77083
-5.76846
-5.78581
-5.81919
-5.86538
-5.90801
-5.93962
-5.95015
-5.94076
-5.91705
-5.89143
-5.87476
-5.86515
-5.87131
-5.89733
-5.92971
-5.96628
-6.00179
-6.02904
-6.03719
-6.02711
-5.99891
-5.94311
-5.87064
-5.78891
-5.71828
-5.6806
-5.67952
-5.71669
-5.7716
-5.82717
-5.86978
-5.89338
-5.90993
-5.91534
-5.91459
-5.92097
-5.92749
-5.93066
-5.92532
-5.9054
-5.8757
-5.84788
-5.82597
-5.81429
-5.8136
-5.8236
-5.84192
-5.86754
-5.89931
-5.93498
-5.97495
-6.01448
-6.04365
-6.06056
-6.05142
-6.02502
-5.97918
-5.92281
-5.86566
-5.81076
-5.76129
-5.72226
-5.69903
-5.69173
-5.70403
-5.73423
-5.77994
-5.82974
-5.87144
-5.89573
-5.89945
-5.88148
-5.84276
-5.79754
-5.75278
-5.71566
-5.69563
-5.6894
-5.70016
-5.72983
-5.77728
-5.84086
-5.91279
-5.98299
-6.04509
-6.09348
-6.12455
-6.13628
-6.12316
-6.08755
-6.03708
-5.98161
-5.9311
-5.88277
-5.83576
-5.78818
-5.74662
-5.71548
-5.70047
-5.6971
-5.70673
-5.72706
-5.75341
-5.7781
-5.79415
-5.80255
-5.8088
-5.81941
-5.83676
-5.8635
-5.89586
-5.9282
-5.95751
-5.98495
-6.00971
-6.03098
-6.04821
-6.06807
-6.08141
-6.09001
-6.08685
-6.072
-6.04825
-6.02
-5.98778
-5.95865
-5.94202
-5.93378
-5.92761
-5.92313
-5.92155
-5.91987
-5.91509
-5.91078
-5.89887
-5.87616
-5.84519
-5.80291
-5.75396
-5.70713
-5.67295
-5.65448
-5.65432
-5.6656
-5.68686
-5.72267
-5.77856
-5.8492
-5.92461
-5.99069
-6.03454
-6.05405
-6.05044
-6.02903
-5.9943
-5.95523
-5.91167
-5.87021
-5.82346
-5.7844
-5.75852
-5.74604
-5.75392
-5.7673
-5.78742
-5.81402
-5.84737
-5.88423
-5.92479
-5.96213
-5.99098
-6.00551
-6.00595
-5.99119
-5.96404
-5.92665
-5.88324
-5.8445
-5.8207
-5.81545
-5.82742
-5.85385
-5.8829
-5.89966
-5.90796
-5.90392
-5.89865
-5.88534
-5.87019
-5.85074
-5.82802
-5.80823
-5.79992
-5.81204
-5.85017
-5.91086
-5.98164
-6.04621
-6.08983
-6.10715
-6.09132
-6.05163
-5.99553
-5.92696
-5.85363
-5.78151
-5.71986
-5.67703
-5.66217
-5.67538
-5.71114
-5.76375
-5.82662
-5.89241
-5.93663
-5.95353
-5.94142
-5.90999
-5.86904
-5.82929
-5.80159
-5.78442
-5.77875
-5.78182
-5.79433
-5.81425
-5.84067
-5.86811
-5.88987
-5.89699
-5.89567
-5.88202
-5.8665
-5.85785
-5.86754
-5.89201
-5.92598
-5.95853
-5.98376
-5.98997
-5.98007
-5.95567
-5.92453
-5.89473
-5.87254
-5.86172
-5.85796
-5.86438
-5.87493
-5.89065
-5.89942
-5.90214
-5.90607
-5.90533
-5.91536
-5.93027
-5.9498
-5.96403
-5.96959
-5.96022
-5.93792
-5.90775
-5.88079
-5.86594
-5.86957
-5.8817
-5.89722
-5.90728
-5.90226
-5.87818
-5.83809
-5.78521
-5.73003
-5.68877
-5.66737
-5.67764
-5.71049
-5.75538
-5.79821
-5.82877
-5.84756
-5.8549
-5.85729
-5.85094
-5.83889
-5.82792
-5.81847
-5.81353
-5.81623
-5.82515
-5.84279
-5.86891
-5.90249
-5.93612
-5.96723
-5.99422
-6.01395
-6.03056
-6.03883
-6.04308
-6.03195
-6.00311
-5.95951
-5.90217
-5.84212
-5.79438
-5.76803
-5.76289
-5.77107
-5.78559
-5.79215
-5.78703
-5.76574
-5.73745
-5.71722
-5.72084
-5.76354
-5.83533
-5.91598
-5.99225
-6.05049
-6.08829
-6.10522
-6.09978
-6.07201
-6.03082
-5.9825
-5.93463
-5.89709
-5.87319
-5.86613
-5.87363
-5.88144
-5.88204
-5.86809
-5.83222
-5.78145
-5.72592
-5.68324
-5.66974
-5.67484
-5.68769
-5.70061
-5.71464
-5.73364
-5.76066
-5.80042
-5.85084
-5.91158
-5.97224
-6.02855
-6.06431
-6.0782
-6.06983
-6.04507
-6.01562
-5.97961
-5.9554
-5.94062
-5.9296
-5.9173
-5.90695
-5.90695
-5.91105
-5.91591
-5.92254
-5.91957
-5.91248
-5.90132
-5.9017
-5.92
-5.95685
-5.99948
-6.03693
-6.06191
-6.06167
-6.04011
-5.99525
-5.93767
-5.88586
-5.84464
-5.82073
-5.81013
-5.80741
-5.80811
-5.81064
-5.81985
-5.82584
-5.83414
-5.84433
-5.85331
-5.86112
-5.87096
-5.88489
-5.89227
-5.89123
-5.88232
-5.86381
-5.83905
-5.81501
-5.79226
-5.775
-5.76204
-5.75674
-5.75951
-5.76523
-5.77445
-5.78687
-5.80145
-5.82229
-5.86055
-5.91292
-5.97751
-6.03876
-6.08296
-6.10109
-6.09626
-6.07269
-6.05195
-6.03864
-6.0346
-6.03849
-6.03503
-6.02444
-6.00631
-5.98153
-5.96114
-5.94946
-5.94752
-5.95119
-5.95358
-5.95239
-5.94038
-5.91522
-5.87909
-5.84055
-5.80664
-5.78184
-5.76769
-5.77073
-5.7805
-5.79464
-5.80344
-5.80689
-5.80797
-5.80153
-5.79769
-5.79948
-5.80651
-5.82611
-5.85363
-5.88097
-5.90935
-5.93062
-5.94234
-5.94452
-5.94178
-5.93508
-5.92362
-5.91132
-5.90687
-5.90985
-5.91973
-5.93624
-5.9497
-5.95863
-5.95921
-5.94671
-5.92918
-5.91394
-5.90515
-5.90534
-5.91154
-5.91348
-5.90422
-5.88347
-5.85609
-5.82791
-5.80439
-5.79133
-5.79454
-5.81543
-5.85352
-5.90537
-5.95487
-6.00029
-6.03032
-6.04245
-6.03506
-6.00991
-5.97831
-5.94242
-5.90904
-5.88012
-5.8551
-5.82994
-5.8018
-5.77076
-5.73517
-5.69518
-5.65875
-5.6273
-5.61624
-5.63054
-5.67624
-5.74715
-5.82768
-5.90204
-5.96223
-5.99822
-6.00653
-5.98942
-5.95248
-5.9051
-5.85875
-5.81821
-5.79723
-5.79297
-5.80351
-5.82139
-5.84365
-5.86856
-5.88651
-5.89945
-5.90017
-5.8928
-5.8835
-5.87347
-5.87108
-5.87854
-5.88874
-5.90389
-5.91879
-5.92952
-5.93605
-5.93408
-5.92509
-5.91352
-5.90329
-5.89863
-5.90206
-5.90917
-5.91901
-5.92812
-5.92886
-5.9158
-5.89511
-5.86287
-5.82804
-5.79469
-5.7824
-5.79929
-5.85511
-5.93417
-6.02157
-6.10023
-6.15699
-6.1804
-6.17287
-6.13331
-6.06513
-5.97793
-5.88883
-5.80894
-5.74937
-5.70541
-5.67996
-5.66606
-5.66322
-5.67046
-5.68893
-5.72465
-5.77548
-5.83698
-5.89834
-5.94985
-5.98776
-6.01004
-6.01479
-6.00877
-5.99544
-5.97936
-5.95996
-5.93541
-5.90467
-5.86648
-5.82368
-5.78559
-5.75229
-5.73122
-5.72464
-5.73094
-5.74915
-5.77288
-5.79945
-5.82723
-5.86334
-5.90259
-5.94652
-5.98468
-6.01565
-6.03499
-6.03996
-6.03791
-6.03438
-6.03198
-6.02891
-6.01959
-6.00497
-5.99029
-5.96691
-5.94216
-5.91911
-5.8998
-5.88795
-5.88929
-5.90107
-5.92199
-5.94157
-5.9471
-5.93989
-5.91895
-5.89092
-5.86455
-5.84836
-5.8443
-5.85375
-5.87129
-5.89823
-5.92595
-5.95227
-5.96989
-5.98273
-5.98271
-5.97027
-5.94517
-5.90815
-5.8623
-5.81972
-5.7789
-5.75239
-5.736
-5.72826
-5.7231
-5.72271
-5.72945
-5.74272
-5.75829
-5.77257
-5.78384
-5.79174
-5.8046
-5.82383
-5.84174
-5.85394
-5.85298
-5.84158
-5.8205
-5.79228
-5.77228
-5.7702
-5.79555
-5.84448
-5.90306
-5.95963
-5.99815
-6.01474
-6.00651
-5.97528
-5.92623
-5.86559
-5.80615
-5.76425
-5.74885
-5.76567
-5.80162
-5.84497
-5.88904
-5.92233
-5.9458
-5.95851
-5.96207
-5.96195
-5.96194
-5.95552
-5.94505
-5.93337
-5.92809
-5.93493
-5.95135
-5.97426
-5.98928
-5.99221
-5.9766
-5.94491
-5.90452
-5.85883
-5.80954
-5.77553
-5.76537
-5.78349
-5.82049
-5.87322
-5.92334
-5.95972
-5.97604
-5.96631
-5.94076
-5.90534
-5.87019
-5.84619
-5.83165
-5.8273
-5.82075
-5.8074
-5.78508
-5.74868
-5.70981
-5.6707
-5.63525
-5.60797
-5.59711
-5.60682
-5.64268
-5.70703
-5.79146
-5.88408
-5.96777
-6.03155
-6.07585
-6.10309
-6.11285
-6.10957
-6.09763
-6.08286
-6.06652
-6.05131
-6.03641
-6.0209
-6.00984
-6.00103
-5.99469
-5.9911
-5.9881
-5.98119
-5.96844
-5.94333
-5.90845
-5.85681
-5.79514
-5.73288
-5.6679
-5.61376
-5.57199
-5.55918
-5.57801
-5.63062
-5.7056
-5.79234
-5.87183
-5.9272
-5.96213
-5.97587
-5.97847
-5.96993
-5.95276
-5.92902
-5.90302
-5.88393
-5.87851
-5.88904
-5.91137
-5.93065
-5.9363
-5.92902
-5.9082
-5.87127
-5.82488
-5.77359
-5.72468
-5.67762
-5.63867
-5.61408
-5.61123
-5.63591
-5.68699
-5.75608
-5.83535
-5.91037
-5.97413
-6.02098
-6.04407
-6.04153
-6.01734
-5.97479
-5.92113
-5.87362
-5.84406
-5.83429
-5.84866
-5.87836
-5.91626
-5.95067
-5.98264
-6.0033
-6.0123
-6.01351
-6.00459
-5.98602
-5.96244
-5.93774
-5.91524
-5.90716
-5.9174
-5.94592
-5.98205
-6.01405
-6.03027
-6.01997
-5.98895
-5.93933
-5.88751
-5.83877
-5.80089
-5.781
-5.77372
-5.77607
-5.79011
-5.82435
-5.86811
-5.9224
-5.97141
-6.00748
-6.02394
-6.02048
-5.9981
-5.94926
-5.88527
-5.8098
-5.73347
-5.67125
-5.63
-5.61473
-5.62127
-5.64751
-5.6926
-5.75729
-5.82126
-5.87729
-5.91484
-5.92621
-5.913
-5.87977
-5.84088
-5.80706
-5.78235
-5.77294
-5.77382
-5.78386
-5.80165
-5.82267
-5.8489
-5.87295
-5.90234
-5.92711
-5.95763
-5.98976
-6.02266
-6.05029
-6.06685
-6.06967
-6.05587
-6.02656
-5.98167
-5.91896
-5.85463
-5.79173
-5.74587
-5.72105
-5.72344
-5.74482
-5.78067
-5.81641
-5.84901
-5.87469
-5.88855
-5.89072
-5.88054
-5.8675
-5.85011
-5.82927
-5.80884
-5.79027
-5.77881
-5.77669
-5.79083
-5.8187
-5.85899
-5.90563
-5.94953
-5.98483
-6.00813
-6.01554
-6.00572
-5.98457
-5.95485
-5.9214
-5.89539
-5.88238
-5.88292
-5.89465
-5.90495
-5.90191
-5.87858
-5.83028
-5.7636
-5.68961
-5.61888
-5.57174
-5.55746
-5.57381
-5.60922
-5.65441
-5.70493
-5.7648
-5.82997
-5.89686
-5.95445
-5.99614
-6.01326
-6.01193
-5.99937
-5.98366
-5.97364
-5.97301
-5.98506
-6.00816
-6.0388
-6.06237
-6.0796
-6.07816
-6.0524
-6.00484
-5.93888
-5.87063
-5.8154
-5.78569
-5.78247
-5.79485
-5.81646
-5.8351
-5.84982
-5.8618
-5.87468
-5.89586
-5.92731
-5.96528
-5.99329
-6.00658
-6.00901
-5.99902
-5.99142
-5.98396
-5.98967
-6.00769
-6.02729
-6.0424
-6.03503
-6.00781
-5.96086
-5.89779
-5.82724
-5.75773
-5.69628
-5.64749
-5.61901
-5.61142
-5.63035
-5.66525
-5.71567
-5.76822
-5.80953
-5.83659
-5.85341
-5.87283
-5.89914
-5.92868
-5.95866
-5.98081
-5.98669
-5.97951
-5.9691
-5.95783
-5.95649
-5.96428
-5.97739
-5.99278
-5.99819
-5.98429
-5.94811
-5.90111
-5.85925
-5.83995
-5.84226
-5.85466
-5.87069
-5.88362
-5.89552
-5.90234
-5.8946
-5.87137
-5.83307
-5.78972
-5.74841
-5.72248
-5.71169
-5.71234
-5.72118
-5.7269
-5.73011
-5.73176
-5.7393
-5.76017
-5.79273
-5.83281
-5.87067
-5.89733
-5.90754
-5.90658
-5.8979
-5.88837
-5.8879
-5.89114
-5.89771
-5.90318
-5.90607
-5.91016
-5.91688
-5.93287
-5.95319
-5.97239
-5.98386
-5.97663
-5.95946
-5.93474
-5.90799
-5.88038
-5.85867
-5.85105
-5.86709
-5.91009
-5.96879
-6.03235
-6.0918
-6.1366
-6.16388
-6.15885
-6.12405
-6.05956
-5.97279
-5.8754
-5.78019
-5.69719
-5.64477
-5.62134
-5.62802
-5.65966
-5.708
-5.76263
-5.8146
-5.86204
-5.90759
-5.95315
-5.99136
-6.0132
-6.01331
-5.98798
-5.95615
-5.927
-5.91378
-5.9142
-5.91971
-5.92513
-5.92465
-5.92506
-5.92027
-5.91234
-5.9035
-5.89731
-5.8931
-5.87797
-5.85487
-5.8209
-5.79294
-5.77608
-5.77152
-5.77423
-5.7795
-5.78144
-5.78891
-5.80579
-5.82582
-5.84445
-5.86409
-5.87525
-5.87765
-5.86851
-5.85239
-5.83372
-5.80821
-5.78459
-5.76837
-5.76034
-5.76889
-5.79454
-5.83708
-5.89871
-5.96379
-6.02616
-6.07479
-6.10741
-6.12312
-6.12115
-6.11312
-6.09694
-6.07801
-6.05265
-6.01845
-5.97366
-5.91445
-5.85168
-5.79128
-5.74519
-5.71004
-5.68205
-5.65586
-5.64143
-5.64006
-5.65921
-5.70584
-5.77275
-5.84939
-5.92301
-5.97988
-6.01124
-6.01358
-5.99827
-5.97641
-5.96301
-5.96682
-5.98819
-6.01615
-6.04253
-6.05844
-6.06454
-6.05524
-6.03154
-6.00019
-5.96757
-5.93735
-5.91842
-5.90485
-5.90057
-5.89647
-5.89385
-5.89305
-5.89165
-5.89278
-5.8984
-5.91198
-5.92479
-5.92335
-5.90428
-5.86757
-5.82681
-5.80048
-5.78466
-5.77986
-5.78064
-5.78288
-5.7874
-5.79086
-5.79046
-5.78013
-5.76361
-5.74943
-5.73726
-5.7244
-5.71874
-5.71519
-5.71656
-5.72531
-5.74922
-5.78724
-5.83429
-5.88114
-5.91994
-5.94202
-5.95112
-5.95114
-5.94874
-5.94447
-5.93199
-5.91221
-5.88935
-5.87432
-5.87581
-5.8973
-5.93519
-5.98326
-6.02718
-6.06152
-6.07778
-6.07718
-6.06809
-6.05921
-6.05029
-6.03992
-6.026
-6.00465
-5.97799
-5.95038
-5.91907
-5.88582
-5.85529
-5.83315
-5.82372
-5.81878
-5.81162
-5.79418
-5.76577
-5.73556
-5.71088
-5.70402
-5.72035
-5.7556
-5.79925
-5.84177
-5.87181
-5.88393
-5.88275
-5.87619
-5.86476
-5.8497
-5.83412
-5.81707
-5.79789
-5.77336
-5.74816
-5.71712
-5.6909
-5.67107
-5.66296
-5.65449
-5.64641
-5.64118
-5.64018
-5.65099
-5.68236
-5.73426
-5.79764
-5.86661
-5.93428
-5.98435
-6.01639
-6.02508
-6.00809
-5.97126
-5.92192
-5.86714
-5.81728
-5.77812
-5.75668
-5.75323
-5.76842
-5.78961
-5.81471
-5.83405
-5.85029
-5.86604
-5.8826
-5.90086
-5.92428
-5.95064
-5.97641
-5.99968
-6.01711
-6.03067
-6.03708
-6.0383
-6.03781
-6.03849
-6.03742
-6.03073
-6.01875
-6.00334
-5.98508
-5.96804
-5.95416
-5.94986
-5.94566
-5.94094
-5.92577
-5.89534
-5.86146
-5.83225
-5.81553
-5.81708
-5.83128
-5.85024
-5.86249
-5.86026
-5.84679
-5.82658
-5.80459
-5.78798
-5.77887
-5.78063
-5.79223
-5.80753
-5.82094
-5.81964
-5.80173
-5.77383
-5.75197
-5.74881
-5.77204
-5.81296
-5.86009
-5.90036
-5.92008
-5.92039
-5.90335
-5.88026
-5.85817
-5.8432
-5.83936
-5.84829
-5.86542
-5.89218
-5.92242
-5.95373
-5.98383
-6.00441
-6.01359
-6.00715
-5.98699
-5.96232
-5.94634
-5.94454
-5.95405
-5.97303
-5.98923
-5.99599
-5.99346
-5.97896
-5.95175
-5.91276
-5.86949
-5.83625
-5.82684
-5.83609
-5.85635
-5.87633
-5.89189
-5.90362
-5.90956
-5.90416
-5.88828
-5.86254
-5.83291
-5.80548
-5.78726
-5.77796
-5.77741
-5.78694
-5.80662
-5.83686
-5.86972
-5.89697
-5.9199
-5.9354
-5.94235
-5.94165
-5.92956
-5.90858
-5.88541
-5.85341
-5.81226
-5.75998
-5.703
-5.65288
-5.6284
-5.64175
-5.68743
-5.74696
-5.80405
-5.84997
-5.88558
-5.90605
-5.92382
-5.93462
-5.94193
-5.94741
-5.95126
-5.95823
-5.97412
-6.00427
-6.04401
-6.08737
-6.11603
-6.1291
-6.11666
-6.086
-6.04536
-6.00269
-5.96348
-5.92905
-5.90494
-5.88787
-5.87144
-5.86099
-5.85442
-5.85323
-5.85016
-5.84427
-5.84246
-5.8383
-5.84238
-5.85328
-5.86979
-5.88674
-5.89559
-5.89712
-5.88889
-5.87545
-5.85878
-5.84541
-5.83482
-5.82989
-5.82998
-5.8447
-5.87419
-5.91749
-5.96268
-5.99818
-6.02022
-6.02117
-6.00277
-5.97144
-5.93886
-5.91153
-5.89361
-5.88144
-5.87457
-5.86557
-5.85412
-5.84214
-5.83182
-5.82743
-5.82698
-5.82346
-5.81522
-5.79552
-5.76252
-5.72824
-5.71155
-5.72374
-5.77041
-5.83751
-5.90771
-5.96967
-6.01233
-6.03792
-6.04474
-6.04035
-6.02864
-6.00701
-5.97757
-5.93731
-5.89219
-5.8423
-5.79996
-5.76342
-5.73928
-5.72834
-5.73094
-5.74533
-5.76973
-5.80276
-5.83843
-5.87162
-5.90561
-5.93527
-5.96193
-5.98784
-6.00816
-6.01914
-6.01879
-6.00457
-5.98311
-5.96243
-5.94372
-5.92637
-5.9003
-5.8721
-5.84293
-5.82462
-5.82384
-5.8468
-5.88405
-5.92655
-5.97
-6.0056
-6.02843
-6.0401
-6.03469
-6.00672
-5.9628
-5.90701
-5.8589
-5.82439
-5.81639
-5.82933
-5.85224
-5.8667
-5.87811
-5.87772
-5.87146
-5.86261
-5.85543
-5.84997
-5.84972
-5.85498
-5.86034
-5.86118
-5.85413
-5.84461
-5.83307
-5.82067
-5.80667
-5.78235
-5.74954
-5.71175
-5.67837
-5.65195
-5.63302
-5.63277
-5.64952
-5.68342
-5.73087
-5.78853
-5.8474
-5.90638
-5.96148
-6.00181
-6.02861
-6.04238
-6.03721
-6.02555
-6.01424
-6.00755
-6.0049
-6.00761
-6.00675
-5.99528
-5.97292
-5.94348
-5.91558
-5.90046
-5.89815
-5.8976
-5.89285
-5.87731
-5.85697
-5.84044
-5.83144
-5.83634
-5.86292
-5.89734
-5.93929
-5.97596
-6.00135
-6.01187
-6.00208
-5.97532
-5.93734
-5.89159
-5.84567
-5.80956
-5.78906
-5.79088
-5.80908
-5.83418
-5.85828
-5.87875
-5.89432
-5.89968
-5.89988
-5.89776
-5.89022
-5.87574
-5.85991
-5.85079
-5.84747
-5.84567
-5.84189
-5.83018
-5.81144
-5.79262
-5.78265
-5.79097
-5.8079
-5.82252
-5.83077
-5.82901
-5.81415
-5.79276
-5.77767
-5.77017
-5.77154
-5.78117
-5.79912
-5.83167
-5.87831
-5.93297
-5.98614
-6.02918
-6.05317
-6.05442
-6.03647
-5.99931
-5.9526
-5.89943
-5.85355
-5.82347
-5.81733
-5.84051
-5.88155
-5.93538
-5.98772
-6.02863
-6.04731
-6.04334
-6.02345
-5.98996
-5.95379
-5.91926
-5.88584
-5.8607
-5.83949
-5.81878
-5.80486
-5.78923
-5.7789
-5.76935
-5.76179
-5.75362
-5.74893
-5.75779
-5.77567
-5.80764
-5.84316
-5.87286
-5.88817
-5.889
-5.87984
-5.86794
-5.86081
-5.85966
-5.86825
-5.88378
-5.90333
-5.92737
-5.95459
-5.98568
-6.01015
-6.02463
-6.02279
-6.01106
-5.99258
-5.9787
-5.96955
-5.97052
-5.97014
-5.96346
-5.94524
-5.91741
-5.88609
-5.87059
-5.87061
-5.89475
-5.92331
-5.94687
-5.95726
-5.94885
-5.9309
-5.91172
-5.89567
-5.88463
-5.88529
-5.89098
-5.90507
-5.92242
-5.93774
-5.94636
-5.93749
-5.90444
-5.85431
-5.79384
-5.73197
-5.68918
-5.67407
-5.68404
-5.70898
-5.73838
-5.76465
-5.78803
-5.80856
-5.82616
-5.84379
-5.85964
-5.87956
-5.90675
-5.9358
-5.9623
-5.9844
-5.99798
-6.00589
-6.00207
-5.99025
-5.97079
-5.94359
-5.91646
-5.88692
-5.85933
-5.83934
-5.83038
-5.8306
-5.83829
-5.84662
-5.85588
-5.86428
-5.86651
-5.86841
-5.87081
-5.87232
-5.88007
-5.89209
-5.90136
-5.90662
-5.90657
-5.90104
-5.88987
-5.87005
-5.83872
-5.80595
-5.78021
-5.78265
-5.81563
-5.87931
-5.9586
-6.0354
-6.09122
-6.11792
-6.10836
-6.06534
-5.99825
-5.91859
-5.84174
-5.77394
-5.72455
-5.69694
-5.6933
-5.70537
-5.73122
-5.76867
-5.8089
-5.85018
-5.87892
-5.88989
-5.88539
-5.891
-5.9124
-5.93284
-5.93903
-5.92647
-5.90434
-5.87955
-5.85858
-5.83924
-5.82203
-5.80688
-5.79583
-5.79162
-5.79628
-5.80963
-5.82378
-5.83633
-5.84207
-5.83956
-5.83627
-5.83153
-5.83827
-5.84608
-5.85287
-5.8504
-5.84199
-5.82835
-5.81519
-5.803
-5.79874
-5.79647
-5.79307
-5.79179
-5.7862
-5.77963
-5.77381
-5.77178
-5.76898
-5.7721
-5.78981
-5.82336
-5.87764
-5.94736
-6.02419
-6.08887
-6.13958
-6.16244
-6.16013
-6.1352
-6.10138
-6.05783
-6.00902
-5.95456
-5.89844
-5.84753
-5.81409
-5.8033
-5.81818
-5.85254
-5.89799
-5.94277
-5.97813
-5.99405
-5.98088
-5.943
-5.88514
-5.81274
-5.74534
-5.69607
-5.68931
-5.72702
-5.79854
-5.88036
-5.95742
-6.01512
-6.04773
-6.05978
-6.04903
-6.01493
-5.96973
-5.91231
-5.85326
-5.79588
-5.74754
-5.71414
-5.69715
-5.69867
-5.71548
-5.73778
-5.76142
-5.78329
-5.79433
-5.7946
-5.78274
-5.7663
-5.75714
-5.74954
-5.7495
-5.75401
-5.75704
-5.76037
-5.77211
-5.80025
-5.8474
-5.91618
-5.99597
-6.0728
-6.13463
-6.17508
-6.18793
-6.17304
-6.132
-6.07108
-6.00187
-5.93321
-5.87871
-5.85058
-5.848
-5.8659
-5.90216
-5.94505
-5.98039
-6.00142
-6.00675
-5.98609
-5.94622
-5.8963
-5.84031
-5.78472
-5.73912
-5.71184
-5.70572
-5.72263
-5.74915
-5.77195
-5.78414
-5.78597
-5.78448
-5.78814
-5.80322
-5.83132
-5.86655
-5.902
-5.93429
-5.95448
-5.96786
-5.97012
-5.96174
-5.94443
-5.92133
-5.89569
-5.86769
-5.8482
-5.83869
-5.84667
-5.87234
-5.90137
-5.92725
-5.9364
-5.92757
-5.90189
-5.86126
-5.81452
-5.7717
-5.74416
-5.7353
-5.75027
-5.7774
-5.80535
-5.82924
-5.84015
-5.83317
-5.81445
-5.78967
-5.76765
-5.75344
-5.75182
-5.75827
-5.77359
-5.79786
-5.83606
-5.88114
-5.93486
-5.98829
-6.03343
-6.06712
-6.07829
-6.07036
-6.04623
-6.01111
-5.9696
-5.92752
-5.89059
-5.86023
-5.84298
-5.83831
-5.84499
-5.85986
-5.87428
-5.88664
-5.89312
-5.89125
-5.87936
-5.86063
-5.83844
-5.81605
-5.7965
-5.78172
-5.77718
-5.78202
-5.79548
-5.82424
-5.86533
-5.91085
-5.95259
-5.978
-5.98367
-5.96555
-5.91992
-5.85201
-5.76761
-5.68123
-5.61574
-5.59336
-5.62422
-5.692
-5.77871
-5.86542
-5.94748
-6.02473
-6.09441
-6.15085
-6.19176
-6.21269
-6.21488
-6.20464
-6.18468
-6.15518
-6.12282
-6.08998
-6.06392
-6.04098
-6.02651
-6.0128
-5.99564
-5.96494
-5.92311
-5.88016
-5.84552
-5.81833
-5.80324
-5.78914
-5.7784
-5.77023
-5.75912
-5.75331
-5.75322
-5.76588
-5.79386
-5.83316
-5.87242
-5.90432
-5.91679
-5.9079
-5.87762
-5.83465
-5.79117
-5.75851
-5.73699
-5.73061
-5.72691
-5.72082
-5.72201
-5.72893
-5.74658
-5.76704
-5.78231
-5.78789
-5.77702
-5.75817
-5.74016
-5.72375
-5.71544
-5.72297
-5.74179
-5.7655
-5.78912
-5.80656
-5.81518
-5.8133
-5.80517
-5.7972
-5.7985
-5.81347
-5.83477
-5.85906
-5.87793
-5.89241
-5.90267
-5.91432
-5.93064
-5.94885
-5.97312
-5.99763
-6.01449
-6.01996
-6.01433
-5.99873
-5.97587
-5.95487
-5.94075
-5.93409
-5.93181
-5.93607
-5.94055
-5.94171
-5.94168
-5.9434
-5.94735
-5.9533
-5.96299
-5.97145
-5.97054
-5.96042
-5.94052
-5.91744
-5.88982
-5.8668
-5.84862
-5.83279
-5.82543
-5.82318
-5.82699
-5.82818
-5.8353
-5.84449
-5.86252
-5.88491
-5.90714
-5.92071
-5.91885
-5.90352
-5.8756
-5.8391
-5.80696
-5.78515
-5.78611
-5.80653
-5.8395
-5.87712
-5.91185
-5.93599
-5.95285
-5.96315
-5.96858
-5.96893
-5.96853
-5.96773
-5.96595
-5.958
-5.94524
-5.92766
-5.90553
-5.88638
-5.86979
-5.85615
-5.84692
-5.85015
-5.8617
-5.87673
-5.88544
-5.88291
-5.86746
-5.84172
-5.81425
-5.79569
-5.79687
-5.81524
-5.84483
-5.87772
-5.90203
-5.91513
-5.91812
-5.90822
-5.89113
-5.87256
-5.85301
-5.83116
-5.81142
-5.80122
-5.80449
-5.81668
-5.83883
-5.86857
-5.89977
-5.92593
-5.94562
-5.95305
-5.95236
-5.94575
-5.9325
-5.91675
-5.89746
-5.88151
-5.86765
-5.85459
-5.84465
-5.84385
-5.85129
-5.87351
-5.90349
-5.93712
-5.96605
-5.97864
-5.97625
-5.95175
-5.91539
-5.86911
-5.81878
-5.76869
-5.72621
-5.70008
-5.69597
-5.71655
-5.76095
-5.8166
-5.87687
-5.93377
-5.98094
-6.01738
-6.04123
-6.0542
-6.06197
-6.06528
-6.06559
-6.06604
-6.05847
-6.03739
-5.99984
-5.94775
-5.88652
-5.82295
-5.7694
-5.73403
-5.72854
-5.74818
-5.79158
-5.85127
-5.91155
-5.96166
-5.98933
-5.99644
-5.98391
-5.95907
-5.93269
-5.91428
-5.90678
-5.90756
-5.91572
-5.91984
-5.91781
-5.90458
-5.87498
-5.83306
-5.78289
-5.73197
-5.68807
-5.65971
-5.64819
-5.65615
-5.67455
-5.70625
-5.74913
-5.80586
-5.86519
-5.91896
-5.96569
-5.99847
-6.0176
-6.0182
-5.99826
-5.95966
-5.90848
-5.85129
-5.79704
-5.75206
-5.72369
-5.72215
-5.75206
-5.81265
-5.88679
-5.9551
-6.00981
-6.04193
-6.04457
-6.03265
-6.00964
-5.9894
-5.97912
-5.97486
-5.97579
-5.98043
-5.98341
-5.98545
-5.98003
-5.96818
-5.95085
-5.9296
-5.91106
-5.90145
-5.9092
-5.93729
-5.97741
-6.02266
-6.05694
-6.07466
-6.07312
-6.06366
-6.04531
-6.01986
-5.98296
-5.92457
-5.85092
-5.77463
-5.70816
-5.66765
-5.65574
-5.66488
-5.68672
-5.71045
-5.72743
-5.73148
-5.72859
-5.71969
-5.70471
-5.68916
-5.67589
-5.66821
-5.66634
-5.67341
-5.68647
-5.71454
-5.75749
-5.81334
-5.87742
-5.94885
-6.0168
-6.0684
-6.09496
-6.09031
-6.06083
-6.02253
-5.99117
-5.96492
-5.94157
-5.92576
-5.91822
-5.91866
-5.91989
-5.91288
-5.90794
-5.91317
-5.92867
-5.95787
-5.99019
-6.01744
-6.04069
-6.05092
-6.04942
-6.03965
-6.02757
-6.0105
-5.99168
-5.9671
-5.93771
-5.90965
-5.87706
-5.84879
-5.82276
-5.80112
-5.78868
-5.78746
-5.80139
-5.83043
-5.86304
-5.8891
-5.89389
-5.88143
-5.84785
-5.80189
-5.75609
-5.718
-5.69537
-5.69075
-5.70618
-5.73835
-5.78351
-5.83556
-5.88405
-5.92238
-5.9479
-5.96248
-5.97235
-5.98051
-5.9877
-5.98417
-5.96514
-5.9313
-5.88155
-5.83599
-5.80935
-5.80773
-5.83032
-5.86997
-5.91584
-5.95744
-5.99756
-6.03267
-6.05465
-6.059
-6.04421
-6.00948
-5.95829
-5.90619
-5.85976
-5.82317
-5.79648
-5.781
-5.77495
-5.78719
-5.81469
-5.8515
-5.8935
-5.93454
-5.975
-6.00749
-6.02986
-6.03845
-6.03609
-6.0239
-6.01135
-5.99815
-5.99285
-5.98643
-5.97811
-5.96027
-5.93208
-5.89704
-5.86416
-5.84351
-5.83472
-5.83964
-5.85396
-5.86583
-5.87476
-5.8763
-5.87374
-5.86869
-5.86983
-5.87036
-5.87381
-5.88032
-5.88699
-5.89322
-5.89393
-5.88786
-5.87185
-5.84827
-5.82638
-5.81387
-5.80669
-5.80769
-5.80903
-5.81308
-5.82786
-5.84711
-5.86973
-5.89147
-5.90191
-5.89889
-5.8801
-5.85047
-5.82259
-5.80791
-5.80827
-5.82132
-5.84027
-5.85737
-5.86841
-5.87134
-5.86772
-5.86093
-5.84691
-5.82476
-5.79879
-5.76667
-5.73532
-5.70508
-5.68325
-5.68032
-5.69556
-5.73198
-5.77637
-5.82325
-5.86462
-5.8937
-5.90632
-5.90107
-5.89389
-5.89084
-5.90068
-5.91689
-5.93984
-5.96278
-5.97597
-5.97684
-5.96402
-5.94654
-5.92699
-5.91358
-5.91538
-5.93462
-5.96988
-6.01189
-6.05288
-6.08491
-6.09978
-6.0953
-6.07668
-6.04481
-6.00488
-5.96473
-5.93024
-5.8955
-5.86347
-5.83129
-5.799
-5.76574
-5.73265
-5.6963
-5.65824
-5.62464
-5.60167
-5.5987
-5.62478
-5.67992
-5.75768
-5.84173
-5.91531
-5.96292
-5.98552
-5.9877
-5.97818
-5.96499
-5.95091
-5.94041
-5.95204
-5.9889
-6.03575
-6.08076
-6.12228
-6.16383
-6.2005
-6.22238
-6.2213
-6.19754
-6.15128
-6.08731
-6.01349
-5.9367
-5.85528
-5.78622
-5.7379
-5.71524
-5.72172
-5.74269
-5.76872
-5.78344
-5.78749
-5.78279
-5.77767
-5.77621
-5.77905
-5.78652
-5.79578
-5.80908
-5.82448
-5.84557
-5.87091
-5.89611
-5.92004
-5.93978
-5.94851
-5.94813
-5.94135
-5.93301
-5.93073
-5.93664
-5.94946
-5.96453
-5.98039
-5.98637
-5.98059
-5.96365
-5.92919
-5.88854
-5.84068
-5.79372
-5.75087
-5.71768
-5.68956
-5.67411
-5.67641
-5.6999
-5.7444
-5.80183
-5.86426
-5.91856
-5.96308
-5.99223
-6.00366
-5.99876
-5.97609
-5.9456
-5.91364
-5.88687
-5.86725
-5.85294
-5.83893
-5.81929
-5.79936
-5.7823
-5.77602
-5.78189
-5.79757
-5.81949
-5.84207
-5.86644
-5.88953
-5.91646
-5.95157
-5.99116
-6.03363
-6.0702
-6.09652
-6.11656
-6.12535
-6.12242
-6.10658
-6.07963
-6.03312
-5.97791
-5.91929
-5.86414
-5.82213
-5.80428
-5.8123
-5.8421
-5.88488
-5.92775
-5.96633
-5.99426
-6.01345
-6.01848
-6.01179
-5.993
-5.96409
-5.92872
-5.88988
-5.85574
-5.82441
-5.80883
-5.81114
-5.83287
-5.86468
-5.89623
-5.91338
-5.90477
-5.86907
-5.8064
-5.73048
-5.65622
-5.59527
-5.5643
-5.56251
-5.58908
-5.6407
-5.70222
-5.76983
-5.83343
-5.88875
-5.93594
-5.96648
-5.98082
-5.97878
-5.96453
-5.94936
-5.94681
-5.96244
-5.9988
-6.04479
-6.08355
-6.10278
-6.10766
-6.09468
-6.07065
-6.04095
-6.01009
-5.98835
-5.9787
-5.9839
-5.99646
-6.01017
-6.01566
-6.00746
-5.98392
-5.95192
-5.91707
-5.88231
-5.85544
-5.82804
-5.80911
-5.79474
-5.78703
-5.78919
-5.80086
-5.81847
-5.83219
-5.84457
-5.85852
-5.87484
-5.89114
-5.90372
-5.91046
-5.91516
-5.9196
-5.9248
-5.93215
-5.93619
-5.93789
-5.93461
-5.92619
-5.91456
-5.90994
-5.9092
-5.9199
-5.93361
-5.9452
-5.94897
-5.93342
-5.90357
-5.85346
-5.79799
-5.74641
-5.71088
-5.69623
-5.7068
-5.72931
-5.7568
-5.78211
-5.79712
-5.79519
-5.77934
-5.74786
-5.71556
-5.68704
-5.67531
-5.68824
-5.72345
-5.76957
-5.81878
-5.85443
-5.87928
-5.8938
-5.90531
-5.91507
-5.92973
-5.94767
-5.96446
-5.97787
-5.9825
-5.97736
-5.95998
-5.93105
-5.89968
-5.87078
-5.85747
-5.86164
-5.87729
-5.89299
-5.91243
-5.92166
-5.92443
-5.91382
-5.89132
-5.86315
-5.83215
-5.80287
-5.78772
-5.79435
-5.8233
-5.86776
-5.91647
-5.95968
-5.9863
-5.99825
-5.99844
-5.99146
-5.9818
-5.97308
-5.95782
-5.93711
-5.90343
-5.86163
-5.8077
-5.7488
-5.70123
-5.68391
-5.70307
-5.74964
-5.80541
-5.85492
-5.8913
-5.91419
-5.92677
-5.92894
-5.92722
-5.91856
-5.9106
-5.9086
-5.90936
-5.91882
-5.92832
-5.93573
-5.93779
-5.92849
-5.91148
-5.88592
-5.86013
-5.83623
-5.81686
-5.80123
-5.79294
-5.79128
-5.79367
-5.79997
-5.80749
-5.82151
-5.84013
-5.86363
-5.88872
-5.90643
-5.91769
-5.91833
-5.90921
-5.89532
-5.87821
-5.85807
-5.82854
-5.794
-5.75862
-5.72675
-5.71334
-5.7157
-5.73924
-5.77314
-5.80635
-5.83252
-5.84615
-5.85066
-5.84836
-5.85166
-5.85693
-5.86478
-5.87539
-5.88511
-5.8899
-5.88574
-5.87354
-5.85905
-5.84759
-5.84339
-5.84082
-5.84186
-5.84261
-5.84514
-5.84743
-5.856
-5.87269
-5.89384
-5.91506
-5.93169
-5.93569
-5.93202
-5.91647
-5.90837
-5.91346
-5.93697
-5.97414
-6.01502
-6.05059
-6.0715
-6.07859
-6.07457
-6.06342
-6.04939
-6.02864
-5.99631
-5.95007
-5.89262
-5.8263
-5.75443
-5.68852
-5.6448
-5.63252
-5.65566
-5.70832
-5.77358
-5.83897
-5.88945
-5.92426
-5.93981
-5.93719
-5.92022
-5.89398
-5.86302
-5.837
-5.81591
-5.80817
-5.81244
-5.82967
-5.85168
-5.87228
-5.87847
-5.87292
-5.85645
-5.84108
-5.83831
-5.851
-5.87442
-5.90393
-5.93565
-5.96959
-6.00015
-6.03015
-6.04829
-6.05302
-6.0425
-6.02391
-5.99849
-5.96808
-5.93355
-5.88962
-5.84182
-5.79198
-5.74787
-5.71434
-5.69721
-5.70524
-5.73142
-5.77689
-5.83176
-5.88837
-5.9316
-5.96058
-5.97024
-5.96994
-5.96692
-5.96031
-5.95966
-5.95852
-5.96303
-5.97201
-5.9914
-6.01815
-6.04125
-6.05004
-6.04622
-6.03152
-6.01715
-6.00141
-5.97586
-5.94105
-5.89503
-5.84902
-5.80211
-5.7617
-5.73206
-5.71396
-5.70844
-5.71479
-5.73594
-5.76577
-5.80051
-5.83567
-5.86643
-5.89554
-5.91713
-5.92581
-5.9205
-5.90244
-5.87472
-5.84859
-5.83538
-5.83115
-5.83596
-5.84358
-5.85749
-5.87827
-5.90454
-5.9295
-5.94963
-5.95661
-5.95167
-5.9349
-5.91349
-5.89792
-5.89485
-5.90675
-5.92874
-5.95371
-5.9784
-5.98963
-5.98754
-5.97502
-5.95343
-5.92585
-5.90021
-5.88424
-5.87399
-5.86537
-5.85949
-5.85524
-5.84424
-5.82319
-5.7974
-5.77977
-5.77647
-5.78806
-5.81613
-5.85791
-5.9187
-5.99612
-6.07762
-6.15186
-6.20961
-6.24513
-6.25128
-6.22969
-6.18084
-6.1099
-6.0283
-5.93866
-5.85527
-5.78491
-5.73638
-5.71429
-5.71743
-5.73538
-5.75051
-5.75708
-5.74993
-5.72759
-5.69094
-5.64367
-5.58765
-5.53996
-5.51878
-5.53928
-5.60214
-5.6904
-5.77817
-5.84823
-5.89047
-5.90288
-5.89336
-5.86935
-5.84299
-5.8215
-5.8135
-5.82083
-5.84301
-5.8799
-5.92333
-5.96098
-5.99014
-6.0093
-6.01671
-6.01593
-6.00409
-5.988
-5.96834
-5.94528
-5.92108
-5.90338
-5.89403
-5.8933
-5.89897
-5.90034
-5.886
-5.86353
-5.8349
-5.80495
-5.78729
-5.78001
-5.79059
-5.81839
-5.85655
-5.89127
-5.91304
-5.91582
-5.90415
-5.88792
-5.87602
-5.86972
-5.86897
-5.8791
-5.89517
-5.9176
-5.9361
-5.94755
-5.94162
-5.92399
-5.89512
-5.86314
-5.83628
-5.8184
-5.81413
-5.82481
-5.84383
-5.8685
-5.88617
-5.89084
-5.8728
-5.83692
-5.78414
-5.7269
-5.67763
-5.64577
-5.63822
-5.66345
-5.71642
-5.79657
-5.88424
-5.96142
-6.01599
-6.04017
-6.02883
-5.99418
-5.94739
-5.90045
-5.86313
-5.84705
-5.85884
-5.89611
-5.94824
-6.00126
-6.04385
-6.06879
-6.07092
-6.05381
-6.01534
-5.9646
-5.91551
-5.88863
-5.89081
-5.91439
-5.94413
-5.96688
-5.97658
-5.97348
-5.95815
-5.93391
-5.90025
-5.86135
-5.81886
-5.77638
-5.74358
-5.73335
-5.75122
-5.79314
-5.85237
-5.93097
-6.01921
-6.10165
-6.16544
-6.19543
-6.18592
-6.14751
-6.08558
-6.01638
-5.94945
-5.89337
-5.84304
-5.79788
-5.75641
-5.72046
-5.69144
-5.67213
-5.6633
-5.66672
-5.68774
-5.72483
-5.76901
-5.81017
-5.84448
-5.86487
-5.87665
-5.88466
-5.8968
-5.92358
-5.95993
-6.00772
-6.05409
-6.08827
-6.10324
-6.10099
-6.07577
-6.03008
-5.96736
-5.8952
-5.82717
-5.76369
-5.72002
-5.70265
-5.70764
-5.73632
-5.77914
-5.83311
-5.8966
-5.9657
-6.03775
-6.09983
-6.14787
-6.17114
-6.16716
-6.13625
-6.08301
-6.01167
-5.93503
-5.85775
-5.78842
-5.73078
-5.69024
-5.66664
-5.66565
-5.68826
-5.73866
-5.80664
-5.87782
-5.94282
-5.99096
-6.02512
-6.04737
-6.05808
-6.0555
-6.04114
-6.0214
-6.00445
-5.98925
-5.97867
-5.97235
-5.96428
-5.9565
-5.9373
-5.90972
-5.87304
-5.83682
-5.81074
-5.80254
-5.81795
-5.85417
-5.90728
-5.95914
-5.99967
-6.01833
-6.01098
-5.97954
-5.93223
-5.88914
-5.84755
-5.81252
-5.78047
-5.75255
-5.7336
-5.72729
-5.73496
-5.75586
-5.78368
-5.81018
-5.82922
-5.83952
-5.83632
-5.82226
-5.80045
-5.78209
-5.77458
-5.7828
-5.80688
-5.8424
-5.88334
-5.92502
-5.96313
-5.99673
-6.0259
-6.04495
-6.04886
-6.03594
-6.00486
-5.95876
-5.90893
-5.86574
-5.84152
-5.83187
-5.84213
-5.85623
-5.87504
-5.89368
-5.90324
-5.90328
-5.89243
-5.87151
-5.84647
-5.82933
-5.82263
-5.83865
-5.87257
-5.91548
-5.96012
-5.9938
-6.01579
-6.01611
-6.00382
-5.98324
-5.96082
-5.94578
-5.92884
-5.91337
-5.89446
-5.86834
-5.83325
-5.79096
-5.74562
-5.71317
-5.71395
-5.74241
-5.78205
-5.8184
-5.84837
-5.87172
-5.88435
-5.89639
-5.90887
-5.9186
-5.92587
-5.9327
-5.9417
-5.95243
-5.95722
-5.9543
-5.95178
-5.95538
-5.96347
-5.97337
-5.97818
-5.97007
-5.95125
-5.92548
-5.8947
-5.86555
-5.8477
-5.8366
-5.8352
-5.84521
-5.86741
-5.89393
-5.91903
-5.94046
-5.95215
-5.95553
-5.94737
-5.93191
-5.91343
-5.88917
-5.86679
-5.84123
-5.81501
-5.78292
-5.74326
-5.69802
-5.65261
-5.61152
-5.58364
-5.57167
-5.58889
-5.63868
-5.71885
-5.81725
-5.91906
-6.01373
-6.09252
-6.15622
-6.19762
-6.21451
-6.20749
-6.18066
-6.1441
-6.10099
-6.05486
-6.00442
-5.95319
-5.90117
-5.84941
-5.80123
-5.76515
-5.74224
-5.74532
-5.77678
-5.83542
-5.89928
-5.94321
-5.95788
-5.94811
-5.91985
-5.88129
-5.85109
-5.83662
-5.83766
-5.84703
-5.85635
-5.86719
-5.87039
-5.87313
-5.87684
-5.88625
-5.899
-5.9154
-5.9394
-5.96469
-5.98936
-6.0041
-6.00777
-6.00495
-5.99638
-5.98803
-5.97457
-5.95099
-5.91437
-5.8648
-5.80151
-5.74229
-5.69718
-5.6803
-5.70397
-5.76249
-5.84565
-5.93023
-6.00117
-6.04336
-6.05518
-6.04247
-6.01729
-5.98996
-5.96437
-5.9479
-5.93955
-5.93173
-5.91974
-5.90392
-5.88969
-5.88096
-5.87672
-5.88033
-5.88115
-5.88143
-5.87836
-5.87261
-5.85899
-5.84129
-5.8358
-5.84928
-5.88513
-5.93356
-5.97625
-6.00027
-6.00172
-5.98402
-5.94995
-5.90958
-5.86894
-5.83785
-5.81788
-5.8096
-5.8059
-5.80009
-5.79899
-5.79868
-5.80212
-5.80653
-5.80395
-5.79577
-5.79439
-5.7946
-5.80067
-5.81313
-5.83615
-5.8628
-5.89433
-5.92017
-5.93728
-5.95125
-5.9652
-5.97856
-5.98747
-5.98597
-5.9701
-5.94958
-5.93487
-5.9296
-5.93532
-5.95345
-5.97407
-5.99598
-6.01764
-6.03159
-6.03361
-6.02453
-6.00356
-5.98006
-5.95569
-5.95178
-5.96843
-6.00577
-6.04567
-6.07095
-6.07439
-6.0554
-6.02238
-5.98492
-5.95257
-5.92441
-5.89614
-5.86362
-5.82804
-5.79965
-5.7797
-5.76062
-5.73946
-5.71598
-5.68973
-5.66205
-5.63463
-5.6118
-5.60122
-5.60695
-5.63621
-5.69067
-5.76177
-5.83197
-5.88665
-5.92015
-5.92899
-5.9224
-5.90329
-5.87899
-5.85852
-5.8433
-5.83868
-5.8482
-5.86984
-5.89303
-5.90745
-5.90099
-5.87266
-5.83781
-5.80074
-5.77502
-5.76012
-5.76126
-5.78336
-5.82363
-5.8828
-5.94683
-6.00745
-6.05156
-6.07554
-6.07662
-6.05499
-6.01472
-5.96662
-5.91252
-5.86511
-5.82751
-5.80661
-5.80811
-5.83287
-5.87175
-5.91659
-5.9605
-5.99585
-6.02028
-6.02808
-6.01758
-5.98526
-5.93568
-5.87352
-5.81219
-5.76267
-5.73399
-5.72912
-5.7387
-5.75534
-5.7711
-5.77986
-5.78364
-5.78385
-5.78081
-5.7796
-5.78419
-5.79758
-5.82004
-5.85716
-5.90492
-5.96136
-6.021
-6.07647
-6.11313
-6.12396
-6.10689
-6.06989
-6.01997
-5.96663
-5.91944
-5.88131
-5.85341
-5.83644
-5.82276
-5.81205
-5.80156
-5.79189
-5.78859
-5.78998
-5.79866
-5.80511
-5.80931
-5.80697
-5.80632
-5.81191
-5.8274
-5.85483
-5.88682
-5.91773
-5.93515
-5.93864
-5.92485
-5.89434
-5.85627
-5.82016
-5.79019
-5.77197
-5.7583
-5.75175
-5.75216
-5.76091
-5.77917
-5.80849
-5.84587
-5.87947
-5.9048
-5.91869
-5.92092
-5.9134
-5.90057
-5.88435
-5.86549
-5.84968
-5.83946
-5.84464
-5.86561
-5.90214
-5.947
-5.99156
-6.0341
-6.06241
-6.07086
-6.05827
-6.02552
-5.97262
-5.92046
-5.88163
-5.86494
-5.86355
-5.87244
-5.8795
-5.87617
-5.86445
-5.84753
-5.83174
-5.82294
-5.82132
-5.82653
-5.82784
-5.8198
-5.80661
-5.78835
-5.7727
-5.77065
-5.78042
-5.80234
-5.833
-5.86999
-5.90868
-5.94238
-5.96833
-5.98135
-5.97737
-5.96081
-5.93052
-5.892
-5.85367
-5.82232
-5.80244
-5.79318
-5.79685
-5.80759
-5.82269
-5.83506
-5.83889
-5.83705
-5.83501
-5.83376
-5.83645
-5.84608
-5.86382
-5.89075
-5.92308
-5.95604
-5.98816
-6.01703
-6.02998
-6.02492
-6.00415
-5.96943
-5.9241
-5.88084
-5.84187
-5.81563
-5.79774
-5.7916
-5.79514
-5.80497
-5.81932
-5.83686
-5.85091
-5.85828
-5.85568
-5.84502
-5.82251
-5.79614
-5.76456
-5.74632
-5.73845
-5.74387
-5.75612
-5.77533
-5.79975
-5.83173
-5.87186
-5.91575
-5.9529
-5.98075
-6.00054
-6.01441
-6.02415
-6.02895
-6.02705
-6.02223
-6.01075
-5.99311
-5.9703
-5.94284
-5.90952
-5.86814
-5.82697
-5.79377
-5.77271
-5.77943
-5.81727
-5.87476
-5.93483
-5.98964
-6.03245
-6.06133
-6.07502
-6.07254
-6.05654
-6.02974
-5.99881
-5.96261
-5.92927
-5.89586
-5.8626
-5.82437
-5.77848
-5.73088
-5.67896
-5.63533
-5.61428
-5.62571
-5.66508
-5.71564
-5.76465
-5.80516
-5.83257
-5.8591
-5.87912
-5.89329
-5.89563
-5.88561
-5.866
-5.84678
-5.82892
-5.81685
-5.81455
-5.81881
-5.83309
-5.84776
-5.85895
-5.85797
-5.84828
-5.83585
-5.828
-5.82888
-5.84279
-5.87097
-5.90263
-5.93362
-5.9598
-5.97534
-5.9793
-5.97568
-5.96554
-5.94861
-5.92371
-5.89464
-5.86584
-5.83345
-5.80677
-5.784
-5.76969
-5.77014
-5.78973
-5.8227
-5.86972
-5.91998
-5.96906
-6.01561
-6.05478
-6.08466
-6.10169
-6.10316
-6.08827
-6.05975
-6.01529
-5.96995
-5.9224
-5.8836
-5.8523
-5.82341
-5.80587
-5.7989
-5.80855
-5.82739
-5.84807
-5.85984
-5.85746
-5.84544
-5.83001
-5.81844
-5.81092
-5.80685
-5.8033
-5.80398
-5.80621
-5.81183
-5.82415
-5.83866
-5.84984
-5.86155
-5.8739
-5.89104
-5.91748
-5.95171
-5.98965
-6.02259
-6.04626
-6.05733
-6.05804
-6.04316
-6.01583
-5.97289
-5.92078
-5.87127
-5.83326
-5.81074
-5.80963
-5.82396
-5.84231
-5.86468
-5.87594
-5.88144
-5.87548
-5.86276
-5.84499
-5.82626
-5.80432
-5.77651
-5.74372
-5.70956
-5.68812
-5.68784
-5.71384
-5.76602
-5.83793
-5.91698
-5.99508
-6.05774
-6.10551
-6.14212
-6.1622
-6.16819
-6.16323
-6.14045
-6.10579
-6.05573
-5.99271
-5.92098
-5.85035
-5.78621
-5.73818
-5.71822
-5.71736
-5.73261
-5.76211
-5.79365
-5.82132
-5.83776
-5.83467
-5.81793
-5.78643
-5.75952
-5.74839
-5.76133
-5.79662
-5.84013
-5.87331
-5.88721
-5.87712
-5.85554
-5.83571
-5.8316
-5.85426
-5.89685
-5.94818
-5.99267
-6.02042
-6.02753
-6.01568
-5.99154
-5.95568
-5.92376
-5.90081
-5.88857
-5.89014
-5.9005
-5.91366
-5.93118
-5.94903
-5.9667
-5.97559
-5.98213
-5.97511
-5.95785
-5.93624
-5.90899
-5.88133
-5.86357
-5.85734
-5.86183
-5.87604
-5.88685
-5.89588
-5.89642
-5.89607
-5.89971
-5.9105
-5.92786
-5.94577
-5.96261
-5.9711
-5.97251
-5.96324
-5.95289
-5.9353
-5.90945
-5.87593
-5.83431
-5.78986
-5.74179
-5.70185
-5.67196
-5.65915
-5.65765
-5.66707
-5.68806
-5.71602
-5.74616
-5.77685
-5.80747
-5.83163
-5.84956
-5.85119
-5.84185
-5.82244
-5.79758
-5.77577
-5.76603
-5.76574
-5.77781
-5.79168
-5.80059
-5.80057
-5.7885
-5.77731
-5.77735
-5.79384
-5.81455
-5.83774
-5.85686
-5.86996
-5.88009
-5.89614
-5.91666
-5.93867
-5.95534
-5.96199
-5.95569
-5.936
-5.90989
-5.88901
-5.88315
-5.90042
-5.94358
-6.0058
-6.07544
-6.13546
-6.17423
-6.19022
-6.18242
-6.1605
-6.12815
-6.08953
-6.05366
-6.01455
-5.97301
-5.92323
-5.86333
-5.80039
-5.74525
-5.70629
-5.68952
-5.69186
-5.70664
-5.73002
-5.75706
-5.78866
-5.81897
-5.85133
-5.88275
-5.91379
-5.94757
-5.97981
-6.00867
-6.02396
-6.03424
-6.03531
-6.03177
-6.02933
-6.02683
-6.02524
-6.02808
-6.0293
-6.02661
-6.00726
-5.96962
-5.91432
-5.84884
-5.78038
-5.72209
-5.68786
-5.6876
-5.71474
-5.76819
-5.83097
-5.88965
-5.93565
-5.96164
-5.9663
-5.94754
-5.90809
-5.84427
-5.76551
-5.68697
-5.62564
-5.59736
-5.60045
-5.63149
-5.67335
-5.71843
-5.75795
-5.78868
-5.81877
-5.84864
-5.88079
-5.91072
-5.93677
-5.9539
-5.96547
-5.97249
-5.9773
-5.98404
-5.98588
-5.98211
-5.96959
-5.95249
-5.934
-5.91954
-5.91384
-5.91641
-5.92584
-5.94841
-5.97777
-6.00887
-6.03971
-6.06431
-6.07841
-6.08332
-6.08091
-6.06955
-6.04931
-6.01502
-5.9697
-5.91279
-5.85404
-5.80729
-5.77976
-5.77817
-5.79538
-5.8255
-5.85717
-5.88288
-5.89133
-5.88058
-5.84637
-5.79715
-5.73943
-5.68562
-5.64819
-5.62656
-5.6219
-5.62666
-5.64327
-5.66651
-5.70348
-5.74964
-5.80088
-5.84802
-5.88709
-5.90898
-5.9176
-5.90967
-5.89526
-5.88146
-5.87328
-5.86996
-5.86949
-5.86938
-5.87094
-5.87638
-5.88825
-5.90823
-5.93316
-5.95591
-5.97016
-5.97344
-5.9668
-5.9541
-5.93286
-5.90982
-5.88696
-5.86743
-5.8572
-5.86064
-5.87665
-5.90448
-5.94231
-5.97872
-6.00394
-6.00774
-5.99448
-5.9619
-5.92416
-5.89247
-5.8737
-5.87695
-5.89809
-5.93515
-5.97164
-5.99829
-6.00191
-5.97904
-5.92711
-5.86212
-5.7977
-5.74635
-5.72292
-5.72806
-5.75432
-5.79085
-5.8228
-5.8417
-5.85029
-5.84185
-5.82599
-5.80998
-5.80317
-5.81003
-5.83463
-5.86733
-5.89577
-5.91364
-5.91221
-5.90049
-5.88592
-5.87812
-5.87544
-5.87204
-5.86563
-5.85253
-5.83694
-5.82441
-5.8212
-5.83493
-5.8653
-5.90984
-5.95973
-6.00305
-6.02948
-6.04016
-6.03875
-6.02927
-6.02461
-6.03006
-6.04346
-6.05897
-6.06865
-6.06141
-6.04009
-6.00236
-5.958
-5.91632
-5.88602
-5.8662
-5.85351
-5.84257
-5.83254
-5.81759
-5.79851
-5.78052
-5.7721
-5.77109
-5.7801
-5.79464
-5.81611
-5.83881
-5.85669
-5.8699
-5.87634
-5.87748
-5.87364
-5.87521
-5.87816
-5.88041
-5.87634
-5.86337
-5.84275
-5.81034
-5.77231
-5.73985
-5.72057
-5.71643
-5.73282
-5.76451
-5.80563
-5.84818
-5.88663
-5.91144
-5.92422
-5.92684
-5.91037
-5.88661
-5.85349
-5.81907
-5.79382
-5.78385
-5.78987
-5.81363
-5.84728
-5.89009
-5.93727
-5.9808
-6.01035
-6.02463
-6.02666
-6.01068
-5.98958
-5.97242
-5.95752
-5.94949
-5.94574
-5.94775
-5.95846
-5.96997
-5.97733
-5.97799
-5.96763
-5.95683
-5.94792
-5.95228
-5.96813
-5.98897
-6.00511
-6.00453
-5.98482
-5.93895
-5.87455
-5.81249
-5.75057
-5.70536
-5.67591
-5.65464
-5.64879
-5.6558
-5.66955
-5.69049
-5.72024
-5.75382
-5.79307
-5.83141
-5.86539
-5.89033
-5.89771
-5.88767
-5.86385
-5.82703
-5.79173
-5.76286
-5.74247
-5.73736
-5.7352
-5.73785
-5.74979
-5.77807
-5.82554
-5.87814
-5.92532
-5.95467
-5.96277
-5.9513
-5.92422
-5.89938
-5.87877
-5.87753
-5.89037
-5.90897
-5.9274
-5.93667
-5.93274
-5.91975
-5.8983
-5.87652
-5.86154
-5.8564
-5.86418
-5.87869
-5.89635
-5.91296
-5.92011
-5.9208
-5.91209
-5.90423
-5.90356
-5.89906
-5.89989
-5.89773
-5.89079
-5.87589
-5.84918
-5.81566
-5.77514
-5.74236
-5.72958
-5.75069
-5.79851
-5.85521
-5.90575
-5.94016
-5.9546
-5.9476
-5.93247
-5.92432
-5.93515
-5.96919
-6.01562
-6.06199
-6.09355
-6.10507
-6.09534
-6.06742
-6.03602
-6.01578
-6.01055
-6.01319
-6.00836
-5.99693
-5.98125
-5.96645
-5.95258
-5.94083
-5.92481
-5.90823
-5.89061
-5.87949
-5.87891
-5.89447
-5.92094
-5.95383
-5.98815
-6.01486
-6.0209
-6.00039
-5.94922
-5.88274
-5.81567
-5.76217
-5.73484
-5.73241
-5.75191
-5.7946
-5.85545
-5.92174
-5.98431
-6.03387
-6.06001
-6.0632
-6.04213
-6.0043
-5.95188
-5.89838
-5.84913
-5.80934
-5.78542
-5.77868
-5.78187
-5.78727
-5.79364
-5.80152
-5.81151
-5.81576
-5.81561
-5.80734
-5.80238
-5.79211
-5.79016
-5.79184
-5.7958
-5.79435
-5.78353
-5.76571
-5.75033
-5.7333
-5.72999
-5.72972
-5.73353
-5.74086
-5.74744
-5.75852
-5.7759
-5.8023
-5.83868
-5.87562
-5.90461
-5.92048
-5.91829
-5.90009
-5.8614
-5.80653
-5.74616
-5.69006
-5.65577
-5.65144
-5.67711
-5.72936
-5.79666
-5.87063
-5.94532
-6.0121
-6.06135
-6.08891
-6.09407
-6.0775
-6.04488
-6.0073
-5.96834
-5.93642
-5.91254
-5.89723
-5.89396
-5.90513
-5.92296
-5.94028
-5.94771
-5.93212
-5.89808
-5.85623
-5.81971
-5.79845
-5.80175
-5.82342
-5.85076
-5.87525
-5.89243
-5.90672
-5.92104
-5.93549
-5.95027
-5.96545
-5.98172
-5.99857
-6.01167
-6.01109
-5.98788
-5.93784
-5.86778
-5.78697
-5.71317
-5.66401
-5.65128
-5.67977
-5.741
-5.81842
-5.89428
-5.95664
-5.99968
-6.0235
-6.03116
-6.03359
-6.03005
-6.02309
-6.01311
-5.99758
-5.97844
-5.96008
-5.93987
-5.91653
-5.88752
-5.85066
-5.80964
-5.77136
-5.74205
-5.72671
-5.71956
-5.71902
-5.72999
-5.74476
-5.75882
-5.77586
-5.79346
-5.80722
-5.8127
-5.81417
-5.80983
-5.8017
-5.79112
-5.78116
-5.77091
-5.76464
-5.7644
-5.77595
-5.79719
-5.82694
-5.86379
-5.90049
-5.9361
-5.96563
-5.98402
-5.98775
-5.98045
-5.95405
-5.9243
-5.89445
-5.87311
-5.86519
-5.87239
-5.89078
-5.91706
-5.94627
-5.97216
-5.99549
-6.01337
-6.0263
-6.02826
-6.0202
-5.99643
-5.96113
-5.91275
-5.85616
-5.79284
-5.73725
-5.69615
-5.68204
-5.69126
-5.72016
-5.75824
-5.80125
-5.84629
-5.89011
-5.92982
-5.95839
-5.97724
-5.98809
-5.99775
-6.00886
-6.02509
-6.0386
-6.05616
-6.07998
-6.11211
-6.13368
-6.14457
-6.13295
-6.10636
-6.06637
-6.02036
-5.97446
-5.93064
-5.89176
-5.85876
-5.83394
-5.81301
-5.79711
-5.78838
-5.78478
-5.78736
-5.79297
-5.79258
-5.78644
-5.77047
-5.74975
-5.72332
-5.69508
-5.67536
-5.66884
-5.67807
-5.70282
-5.74058
-5.78282
-5.82104
-5.84931
-5.86993
-5.8854
-5.89476
-5.89914
-5.89604
-5.88688
-5.85912
-5.82157
-5.77819
-5.73952
-5.71558
-5.71704
-5.74463
-5.80248
-5.87903
-5.96404
-6.04037
-6.09089
-6.11207
-6.11084
-6.08959
-6.05259
-6.00634
-5.96073
-5.91889
-5.88462
-5.86457
-5.85905
-5.869
-5.88893
-5.91213
-5.93174
-5.94127
-5.9375
-5.92671
-5.90729
-5.88703
-5.87079
-5.86004
-5.8573
-5.85681
-5.86338
-5.87561
-5.88647
-5.89233
-5.88797
-5.87057
-5.84228
-5.81209
-5.7845
-5.76955
-5.76532
-5.7753
-5.79943
-5.82932
-5.8618
-5.8902
-5.91461
-5.92872
-5.93937
-5.94433
-5.94672
-5.94992
-5.95108
-5.9496
-5.94407
-5.93726
-5.92383
-5.90682
-5.88612
-5.87175
-5.86369
-5.87002
-5.88687
-5.91165
-5.93504
-5.9527
-5.96174
-5.95981
-5.94951
-5.93477
-5.91239
-5.88618
-5.85338
-5.81311
-5.76849
-5.72707
-5.69448
-5.6779
-5.68416
-5.71711
-5.77187
-5.84272
-5.91689
-5.97798
-6.02008
-6.03332
-6.02192
-5.99105
-5.95432
-5.92409
-5.90546
-5.89856
-5.90299
-5.92308
-5.9553
-5.99084
-6.0212
-6.02983
-6.01346
-5.97189
-5.91222
-5.84721
-5.78934
-5.74862
-5.72551
-5.72089
-5.73251
-5.75849
-5.79417
-5.83322
-5.86376
-5.88061
-5.88341
-5.87241
-5.85518
-5.83571
-5.81741
-5.81026
-5.82095
-5.85246
-5.91023
-5.97349
-6.03582
-6.0847
-6.10947
-6.10667
-6.08291
-6.05007
-6.01229
-5.97796
-5.95376
-5.93832
-5.92493
-5.91563
-5.90869
-5.90266
-5.89356
-5.88231
-5.86367
-5.84389
-5.82864
-5.82134
-5.83103
-5.85948
-5.8961
-5.93965
-5.97675
-6.00691
-6.02314
-6.02528
-6.00549
-5.96407
-5.90178
-5.8304
-5.76895
-5.72542
-5.70769
-5.71349
-5.7301
-5.74689
-5.7578
-5.76122
-5.75788
-5.75174
-5.74623
-5.7405
-5.73798
-5.73865
-5.7417
-5.7536
-5.76991
-5.79076
-5.81576
-5.84025
-5.8655
-5.89307
-5.92419
-5.95523
-5.9814
-5.99706
-5.99692
-5.98857
-5.98506
-5.99024
-6.0143
-6.0417
-6.07453
-6.10016
-6.11423
-6.11264
-6.0945
-6.06352
-6.02851
-5.99942
-5.97498
-5.95596
-5.93748
-5.91581
-5.88386
-5.8448
-5.80216
-5.76594
-5.7409
-5.73313
-5.74104
-5.75744
-5.77403
-5.78462
-5.78765
-5.78363
-5.78314
-5.78858
-5.80429
-5.82336
-5.84123
-5.85324
-5.86298
-5.86509
-5.86941
-5.871
-5.88212
-5.89195
-5.90111
-5.90652
-5.9065
-5.89832
-5.87596
-5.85297
-5.83417
-5.82993
-5.83395
-5.84687
-5.85735
-5.86624
-5.87784
-5.89207
-5.91029
-5.92903
-5.95605
-5.98613
-6.01314
-6.02907
-6.03013
-6.00745
-5.9641
-5.90404
-5.83337
-5.76915
-5.71937
-5.70252
-5.71451
-5.75233
-5.80013
-5.84961
-5.89493
-5.92891
-5.95172
-5.96647
-5.97416
-5.97738
-5.98281
-5.98449
-5.983
-5.96959
-5.9501
-5.92211
-5.89393
-5.86984
-5.84606
-5.8283
-5.81613
-5.80548
-5.79124
-5.7727
-5.74865
-5.72152
-5.69754
-5.68036
-5.67848
-5.69818
-5.73556
-5.78852
-5.84711
-5.89799
-5.9314
-5.93646
-5.91743
-5.87106
-5.80592
-5.74365
-5.69582
-5.67435
-5.68902
-5.73695
-5.80196
-5.87017
-5.92488
-5.95664
-5.9711
-5.96484
-5.94591
-5.91682
-5.88373
-5.85063
-5.82303
-5.7974
-5.78106
-5.77237
-5.77656
-5.78466
-5.79948
-5.82406
-5.85803
-5.90332
-5.94724
-5.99217
-6.03004
-6.05511
-6.06583
-6.05212
-6.01935
-5.96942
-5.91244
-5.86305
-5.82704
-5.81744
-5.82865
-5.85497
-5.88489
-5.91353
-5.93041
-5.93431
-5.92044
-5.89236
-5.85568
-5.82332
-5.80095
-5.78625
-5.78668
-5.79662
-5.82215
-5.85873
-5.90397
-5.94016
-5.96176
-5.96449
-5.94811
-5.92074
-5.89314
-5.86976
-5.85155
-5.83362
-5.81015
-5.78528
-5.76154
-5.7496
-5.7561
-5.77583
-5.80201
-5.8241
-5.83068
-5.81803
-5.79048
-5.75331
-5.72266
-5.7092
-5.71555
-5.73519
-5.76747
-5.80355
-5.83931
-5.86446
-5.87426
-5.87404
-5.86932
-5.86775
-5.87557
-5.89625
-5.92188
-5.94375
-5.94825
-5.93471
-5.91191
-5.90025
-5.91146
-5.9442
-5.98523
-6.01542
-6.02253
-6.00767
-5.97662
-5.94133
-5.91375
-5.89537
-5.89299
-5.8997
-5.9129
-5.91998
-5.91583
-5.89156
-5.85109
-5.79811
-5.74734
-5.70528
-5.67845
-5.67118
-5.68584
-5.72251
-5.77371
-5.83
-5.88353
-5.92897
-5.95322
-5.96709
-5.97117
-5.97152
-5.98137
-5.99937
-6.02531
-6.04818
-6.06053
-6.06053
-6.04982
-6.0344
-6.02336
-6.01811
-6.01374
-6.00572
-5.99285
-5.96591
-5.91983
-5.85845
-5.78937
-5.72218
-5.66447
-5.62457
-5.59762
-5.58672
-5.59316
-5.61707
-5.6534
-5.69812
-5.74522
-5.78929
-5.83094
-5.86346
-5.88143
-5.88454
-5.87459
-5.86167
-5.85476
-5.86223
-5.89152
-5.93062
-5.96571
-5.98694
-5.98917
-5.97408
-5.94546
-5.90647
-5.86205
-5.81997
-5.79261
-5.78944
-5.82013
-5.87336
-5.93075
-5.98245
-6.01926
-6.03111
-6.02349
-5.99531
-5.94671
-5.88073
-5.81042
-5.74288
-5.69338
-5.67066
-5.6733
-5.69699
-5.7289
-5.76146
-5.79562
-5.82512
-5.85327
-5.87629
-5.8964
-5.90863
-5.90835
-5.89473
-5.86941
-5.84278
-5.82143
-5.80889
-5.81224
-5.83423
-5.86838
-5.90552
-5.93733
-5.96056
-5.9713
-5.97798
-5.98779
-6.00512
-6.02569
-6.04616
-6.06257
-6.06855
-6.05608
-6.03134
-5.99158
-5.94365
-5.89353
-5.84622
-5.80769
-5.78669
-5.78879
-5.79344
-5.7898
-5.776
-5.75773
-5.74671
-5.74696
-5.76309
-5.7888
-5.82844
-5.87711
-5.92518
-5.96316
-5.98652
-5.99277
-5.98114
-5.95256
-5.91968
-5.88979
-5.86643
-5.85603
-5.85673
-5.86432
-5.87248
-5.87101
-5.85773
-5.83215
-5.80718
-5.79426
-5.79361
-5.80402
-5.81585
-5.82979
-5.85253
-5.88666
-5.91952
-5.94479
-5.9571
-5.95672
-5.93714
-5.9052
-5.87596
-5.85077
-5.84804
-5.8655
-5.89902
-5.93527
-5.96333
-5.9745
-5.96348
-5.93113
-5.87449
-5.79981
-5.72137
-5.65528
-5.62025
-5.62547
-5.66814
-5.73249
-5.80415
-5.86843
-5.91791
-5.95075
-5.98001
-6.00717
-6.04377
-6.08021
-6.11139
-6.13486
-6.14342
-6.14072
-6.1272
-6.0982
-6.05048
-5.98493
-5.91037
-5.83159
-5.757
-5.69903
-5.67331
-5.68343
-5.7257
-5.78137
-5.82966
-5.86583
-5.88893
-5.90306
-5.91462
-5.92622
-5.93047
-5.9277
-5.9231
-5.91586
-5.91429
-5.91825
-5.93014
-5.94588
-5.96198
-5.97196
-5.97529
-5.97281
-5.96783
-5.9589
-5.94777
-5.94281
-5.94097
-5.93806
-5.93253
-5.92038
-5.90374
-5.88158
-5.85534
-5.83148
-5.80504
-5.78078
-5.76435
-5.76103
-5.76921
-5.79016
-5.81401
-5.84056
-5.85333
-5.85285
-5.84102
-5.82329
-5.80257
-5.7826
-5.78025
-5.78911
-5.81095
-5.84012
-5.87377
-5.90705
-5.93634
-5.96153
-5.98024
-5.99518
-6.0023
-6.00293
-5.9978
-5.98525
-5.96903
-5.94866
-5.92818
-5.90497
-5.88558
-5.86329
-5.84644
-5.82647
-5.80173
-5.78041
-5.76785
-5.76963
-5.79078
-5.82059
-5.85178
-5.87455
-5.88241
-5.88234
-5.87809
-5.87455
-5.8695
-5.86235
-5.8551
-5.85303
-5.85372
-5.85492
-5.85343
-5.84017
-5.81699
-5.79104
-5.76665
-5.75489
-5.75905
-5.78066
-5.80903
-5.83939
-5.86016
-5.86685
-5.85582
-5.82238
-5.7759
-5.7282
-5.68406
-5.65074
-5.63648
-5.6439
-5.67522
-5.73015
-5.80036
-5.87705
-5.94861
-6.0105
-6.05551
-6.082
-6.09528
-6.08908
-6.06704
-6.0447
-6.02461
-6.00781
-5.99157
-5.98232
-5.97566
-5.97524
-5.98475
-6.00009
-6.02045
-6.04566
-6.0657
-6.07545
-6.06533
-6.03166
-5.97343
-5.89241
-5.80742
-5.72739
-5.66846
-5.63711
-5.635
-5.65296
-5.68368
-5.70679
-5.71656
-5.70435
-5.67547
-5.63877
-5.61169
-5.60426
-5.63131
-5.68437
-5.75212
-5.8146
-5.86134
-5.88904
-5.89941
-5.89126
-5.86899
-5.84102
-5.80958
-5.78338
-5.75786
-5.74764
-5.75182
-5.77066
-5.80733
-5.85411
-5.90523
-5.95346
-5.99449
-6.03146
-6.05774
-6.07824
-6.08538
-6.08405
-6.07177
-6.04985
-6.02027
-5.98416
-5.95097
-5.92122
-5.90222
-5.89387
-5.89781
-5.90744
-5.92249
-5.9394
-5.95147
-5.95543
-5.94372
-5.91868
-5.88019
-5.83648
-5.79894
-5.78139
-5.79324
-5.83884
-5.90856
-5.98664
-6.05066
-6.08919
-6.0986
-6.07543
-6.02093
-5.95057
-5.87377
-5.80185
-5.7433
-5.69547
-5.65606
-5.62799
-5.61048
-5.60508
-5.61879
-5.65678
-5.70909
-5.76609
-5.8112
-5.84886
-5.87704
-5.89728
-5.90124
-5.89114
-5.87134
-5.85356
-5.83945
-5.8256
-5.81166
-5.80401
-5.80733
-5.83538
-5.88593
-5.96184
-6.05118
-6.1417
-6.2197
-6.2716
-6.28967
-6.27857
-6.24167
-6.18352
-6.11427
-6.04709
-5.99094
-5.95384
-5.93478
-5.92662
-5.91482
-5.90073
-5.8811
-5.85737
-5.83922
-5.82063
-5.7997
-5.76952
-5.72029
-5.6585
-5.59956
-5.55949
-5.55311
-5.58592
-5.64516
-5.70998
-5.76651
-5.81131
-5.84648
-5.87943
-5.90808
-5.92939
-5.94409
-5.95119
-5.95597
-5.95965
-5.96932
-5.98942
-6.01714
-6.05024
-6.08803
-6.12162
-6.1424
-6.15202
-6.14621
-6.12841
-6.0976
-6.05559
-6.00862
-5.96359
-5.91555
-5.87292
-5.83306
-5.79195
-5.75562
-5.72484
-5.70348
-5.6906
-5.69001
-5.70048
-5.72531
-5.759
-5.79423
-5.82913
-5.85187
-5.86319
-5.86041
-5.84449
-5.82641
-5.81076
-5.81098
-5.8267
-5.85883
-5.89497
-5.93222
-5.9609
-5.98598
-6.00326
-6.01304
-6.01959
-6.01219
-5.99223
-5.96271
-5.92847
-5.89358
-5.87935
-5.88607
-5.90825
-5.92561
-5.9327
-5.92788
-5.91657
-5.91196
-5.91245
-5.91431
-5.9122
-5.89781
-5.87517
-5.84015
-5.80903
-5.78887
-5.78069
-5.78376
-5.79288
-5.79771
-5.79442
-5.78614
-5.76984
-5.7575
-5.75183
-5.7608
-5.77939
-5.81155
-5.84853
-5.89153
-5.94012
-5.9775
-6.00065
-6.00509
-5.98534
-5.94566
-5.88813
-5.83013
-5.78009
-5.74669
-5.73617
-5.74589
-5.76633
-5.79395
-5.81966
-5.83916
-5.8554
-5.86637
-5.8746
-5.87674
-5.87057
-5.84906
-5.81623
-5.77568
-5.73538
-5.70717
-5.69844
-5.71526
-5.75692
-5.80782
-5.86165
-5.9069
-5.93276
-5.93468
-5.91439
-5.87905
-5.83912
-5.80746
-5.79539
-5.80706
-5.84195
-5.89025
-5.93584
-5.97223
-5.99582
-6.00627
-6.00286
-5.98494
-5.95447
-5.92322
-5.89357
-5.88073
-5.88551
-5.90062
-5.92046
-5.93672
-5.94779
-5.95065
-5.94897
-5.94319
-5.93596
-5.92178
-5.89738
-5.86787
