-3.78013
-3.78272
-3.78402
-3.78468
-3.785
-3.78597
-3.785
-3.78338
-3.78403
-3.78176
-3.78468
-3.78532
-3.78564
-3.78596
-3.78531
-3.78693
-3.78434
-3.7824
-3.78208
-3.78273
-3.78403
-3.78403
-3.78177
-3.78177
-3.78436
-3.78436
-3.78759
-3.78694
-3.78758
-3.78628
-3.78595
-3.78498
-3.78434
-3.78337
-3.785
-3.78759
-3.78857
-3.78533
-3.7876
-3.78695
-3.78501
-3.7876
-3.78598
-3.78338
-3.78274
-3.78436
-3.78339
-3.78113
-3.78145
-3.78178
-3.78339
-3.78371
-3.78467
-3.7837
-3.78047
-3.78404
-3.78405
-3.78373
-3.78406
-3.78276
-3.78373
-3.78502
-3.78437
-3.78308
-3.78177
-3.78372
-3.78695
-3.78663
-3.78695
-3.78565
-3.78629
-3.78468
-3.78242
-3.78243
-3.78016
-3.78307
-3.78339
-3.78468
-3.78436
-3.78339
-3.78372
-3.78501
-3.78436
-3.7863
-3.78695
-3.78727
-3.78856
-3.78954
-3.78987
-3.78728
-3.78599
-3.78372
-3.78436
-3.78468
-3.78209
-3.78339
-3.78371
-3.78209
-3.78177
-3.78112
-3.78242
-3.78145
-3.77983
-3.77886
-3.77789
-3.77854
-3.78016
-3.77951
-3.77951
-3.78209
-3.78273
-3.78241
-3.78403
-3.785
-3.78533
-3.78501
-3.78404
-3.78437
-3.78501
-3.78534
-3.78566
-3.78663
-3.78695
-3.78695
-3.78533
-3.78501
-3.78501
-3.78405
-3.78728
-3.78727
-3.78662
-3.78533
-3.78532
-3.785
-3.785
-3.78403
-3.78371
-3.78468
-3.78111
-3.77691
-3.77691
-3.77918
-3.77983
-3.7808
-3.78242
-3.78339
-3.78176
-3.78208
-3.7837
-3.78273
-3.78467
-3.785
-3.78371
-3.78436
-3.78566
-3.78567
-3.78729
-3.78826
-3.78987
-3.78922
-3.78824
-3.78792
-3.78695
-3.78792
-3.78857
-3.78696
-3.78857
-3.78598
-3.78468
-3.78727
-3.78598
-3.78501
-3.78501
-3.78339
-3.78404
-3.78436
-3.78435
-3.78306
-3.78597
-3.78662
-3.78662
-3.78469
-3.78437
-3.78373
-3.78599
-3.78761
-3.78599
-3.78631
-3.78275
-3.78211
-3.78048
-3.78015
-3.7795
-3.77788
-3.77885
-3.7808
-3.78015
-3.78113
-3.78113
-3.78211
-3.78211
-3.78373
-3.78438
-3.78567
-3.78697
-3.78794
-3.78826
-3.78761
-3.78793
-3.78695
-3.78825
-3.78501
-3.78469
-3.78566
-3.78534
-3.78469
-3.78372
-3.78404
-3.78273
-3.78403
-3.78629
-3.78856
-3.78824
-3.7863
-3.78663
-3.78728
-3.78922
-3.78825
-3.78792
-3.78727
-3.78695
-3.78598
-3.78663
-3.78824
-3.78856
-3.78597
-3.78564
-3.7892
-3.78985
-3.7918
-3.79277
-3.79051
-3.79213
-3.78954
-3.79148
-3.79051
-3.7876
-3.78566
-3.78599
-3.78437
-3.78242
-3.78113
-3.78372
-3.78339
-3.78339
-3.78564
-3.78629
-3.78791
-3.78889
-3.78955
-3.7889
-3.78923
-3.7889
-3.7902
-3.78857
-3.78631
-3.78534
-3.78469
-3.78501
-3.78306
-3.78274
-3.78436
-3.78338
-3.78209
-3.78339
-3.78469
-3.78599
-3.78437
-3.78179
-3.78405
-3.78534
-3.78858
-3.7863
-3.78662
-3.78889
-3.78987
-3.79085
-3.79117
-3.79118
-3.79021
-3.79053
-3.78892
-3.78794
-3.78697
-3.78599
-3.78534
-3.78307
-3.78372
-3.78632
-3.78632
-3.78406
-3.78245
-3.7831
-3.78309
-3.78373
-3.78469
-3.78598
-3.78663
-3.78793
-3.78794
-3.78827
-3.78924
-3.78988
-3.78729
-3.78598
-3.78565
-3.78597
-3.78436
-3.78371
-3.78469
-3.78308
-3.78438
-3.78406
-3.78212
-3.78212
-3.78244
-3.78341
-3.78341
-3.78535
-3.78308
-3.78534
-3.78469
-3.78728
-3.78696
-3.78631
-3.78567
-3.78697
-3.78697
-3.78502
-3.78243
-3.78146
-3.78275
-3.78372
-3.78307
-3.7808
-3.78079
-3.78079
-3.77885
-3.77853
-3.78048
-3.7834
-3.78404
-3.78339
-3.78307
-3.78209
-3.78177
-3.7821
-3.78307
-3.78372
-3.78405
-3.78406
-3.78406
-3.78665
-3.78632
-3.78599
-3.78534
-3.78501
-3.78598
-3.78663
-3.7876
-3.78663
-3.78728
-3.78761
-3.78665
-3.78536
-3.78634
-3.78342
-3.78439
-3.78341
-3.7847
-3.7847
-3.78405
-3.78534
-3.7847
-3.78373
-3.78502
-3.78632
-3.78696
-3.78567
-3.78729
-3.78728
-3.78728
-3.78696
-3.7876
-3.7889
-3.7889
-3.78988
-3.79118
-3.79054
-3.7886
-3.78732
-3.78959
-3.78926
-3.78827
-3.78793
-3.78856
-3.78823
-3.78759
-3.78824
-3.78727
-3.78793
-3.78793
-3.78761
-3.78761
-3.78858
-3.78761
-3.78696
-3.78664
-3.78632
-3.7847
-3.78437
-3.78534
-3.78728
-3.78663
-3.78435
-3.78338
-3.78337
-3.78111
-3.77918
-3.7808
-3.78306
-3.78533
-3.78371
-3.78501
-3.78501
-3.78145
-3.78177
-3.78112
-3.78177
-3.77983
-3.77983
-3.77982
-3.7824
-3.78078
-3.78273
-3.77982
-3.78112
-3.78112
-3.78371
-3.78176
-3.78176
-3.78273
-3.78338
-3.78339
-3.78468
-3.78403
-3.78306
-3.77917
-3.7782
-3.77787
-3.77982
-3.78208
-3.78565
-3.78597
-3.78532
-3.78499
-3.78531
-3.78304
-3.78207
-3.78369
-3.78466
-3.78434
-3.78661
-3.78693
-3.78694
-3.78856
-3.79082
-3.79179
-3.78985
-3.7892
-3.78758
-3.78597
-3.78759
-3.78694
-3.78629
-3.78693
-3.78564
-3.78402
-3.78564
-3.78597
-3.78597
-3.78499
-3.78596
-3.78661
-3.78629
-3.78435
-3.78435
-3.78338
-3.78435
-3.785
-3.78533
-3.78533
-3.7863
-3.78726
-3.78888
-3.78952
-3.78952
-3.78856
-3.7876
-3.78501
-3.78404
-3.78403
-3.78824
-3.7905
-3.79051
-3.78889
-3.78824
-3.78791
-3.78596
-3.78822
-3.78822
-3.78888
-3.78922
-3.78728
-3.78501
-3.78274
-3.78145
-3.78242
-3.78241
-3.78305
-3.78272
-3.78337
-3.78336
-3.78434
-3.78531
-3.78823
-3.78661
-3.78565
-3.78404
-3.7821
-3.78243
-3.78437
-3.78339
-3.78468
-3.78531
-3.78368
-3.78594
-3.78401
-3.78402
-3.78274
-3.78339
-3.78274
-3.78501
-3.78468
-3.78242
-3.78242
-3.78339
-3.78306
-3.78402
-3.78272
-3.78272
-3.78435
-3.78306
-3.78177
-3.78145
-3.78144
-3.78403
-3.78597
-3.78468
-3.7837
-3.78597
-3.78629
-3.78564
-3.78499
-3.78597
-3.78629
-3.78499
-3.78304
-3.78305
-3.7837
-3.78597
-3.78662
-3.78662
-3.78855
-3.78758
-3.78661
-3.78564
-3.78597
-3.78565
-3.78566
-3.78436
-3.78437
-3.78501
-3.78598
-3.78662
-3.78533
-3.78403
-3.7863
-3.78468
-3.78369
-3.78498
-3.78564
-3.78533
-3.78339
-3.78436
-3.78759
-3.78758
-3.78726
-3.78662
-3.78403
-3.78339
-3.78339
-3.78371
-3.78565
-3.78629
-3.78694
-3.78436
-3.78468
-3.78631
-3.78857
-3.78889
-3.79051
-3.78985
-3.7892
-3.78725
-3.78855
-3.78597
-3.78565
-3.78436
-3.7821
-3.78308
-3.78372
-3.78437
-3.78404
-3.78501
-3.78533
-3.7863
-3.78824
-3.78824
-3.78694
-3.78921
-3.78856
-3.78662
-3.78662
-3.78727
-3.78727
-3.78631
-3.78372
-3.78598
-3.78695
-3.78727
-3.78564
-3.78726
-3.78532
-3.7863
-3.78436
-3.78597
-3.78791
-3.78823
-3.78888
-3.78824
-3.78663
-3.78533
-3.78403
-3.78176
-3.78144
-3.7837
-3.78597
-3.78695
-3.79019
-3.79084
-3.79018
-3.79083
-3.7918
-3.79181
-3.79181
-3.79246
-3.78696
-3.78793
-3.78534
-3.78501
-3.78306
-3.78306
-3.78208
-3.78176
-3.78177
-3.78243
-3.78373
-3.78438
-3.78373
-3.78534
-3.78501
-3.78533
-3.78403
-3.78145
-3.78404
-3.78436
-3.78436
-3.78598
-3.785
-3.78468
-3.78597
-3.78532
-3.78565
-3.78532
-3.78629
-3.78403
-3.78047
-3.78046
-3.78047
-3.78177
-3.78209
-3.77983
-3.77984
-3.77919
-3.77854
-3.77951
-3.78015
-3.77918
-3.78014
-3.78144
-3.78305
-3.78338
-3.78338
-3.78338
-3.78177
-3.78242
-3.78436
-3.78372
-3.78048
-3.78242
-3.78274
-3.78177
-3.78242
-3.78339
-3.78533
-3.78566
-3.78371
-3.78468
-3.785
-3.78532
-3.78662
-3.78564
-3.78533
-3.78533
-3.78372
-3.78404
-3.78469
-3.78501
-3.78371
-3.78274
-3.78339
-3.78339
-3.78404
-3.78598
-3.78629
-3.78596
-3.78564
-3.78726
-3.78759
-3.78857
-3.78857
-3.78857
-3.78889
-3.78728
-3.78857
-3.78987
-3.78987
-3.78793
-3.78922
-3.78792
-3.78759
-3.78565
-3.785
-3.78338
-3.78209
-3.78242
-3.78372
-3.7847
-3.7847
-3.78599
-3.78631
-3.78696
-3.78695
-3.785
-3.785
-3.78306
-3.78339
-3.78371
-3.78339
-3.78178
-3.78114
-3.78016
-3.78146
-3.7821
-3.78404
-3.78727
-3.78922
-3.78728
-3.78469
-3.78308
-3.78146
-3.78243
-3.78178
-3.78112
-3.78047
-3.7808
-3.78113
-3.78081
-3.78049
-3.78373
-3.78502
-3.78631
-3.78696
-3.78501
-3.78663
-3.78599
-3.78534
-3.7834
-3.78081
-3.78275
-3.78307
-3.78307
-3.78307
-3.78663
-3.78631
-3.78598
-3.78404
-3.78145
-3.7834
-3.78242
-3.78113
-3.78144
-3.78143
-3.77981
-3.77981
-3.77755
-3.77886
-3.78016
-3.78048
-3.77983
-3.78015
-3.78241
-3.78468
-3.78597
-3.78565
-3.78533
-3.78501
-3.78663
-3.7876
-3.78566
-3.78631
-3.78695
-3.78436
-3.78338
-3.78274
-3.78274
-3.78372
-3.78404
-3.78437
-3.78501
-3.7834
-3.78696
-3.78632
-3.78697
-3.78697
-3.78826
-3.78729
-3.7847
-3.78794
-3.78567
-3.78599
-3.7876
-3.78662
-3.78565
-3.78695
-3.78534
-3.78664
-3.78858
-3.78793
-3.78599
-3.78534
-3.78663
-3.78663
-3.78727
-3.78792
-3.78858
-3.78955
-3.79053
-3.78794
-3.78535
-3.78437
-3.78469
-3.78663
-3.7863
-3.7876
-3.78501
-3.78436
-3.78274
-3.78436
-3.78403
-3.78436
-3.78565
-3.78663
-3.78696
-3.78599
-3.78535
-3.78438
-3.78406
-3.78374
-3.78309
-3.78243
-3.78307
-3.78113
-3.78048
-3.77983
-3.78048
-3.77918
-3.77822
-3.78048
-3.78178
-3.78081
-3.78145
-3.7834
-3.78599
-3.78632
-3.78503
-3.78535
-3.78568
-3.78438
-3.78503
-3.78438
-3.78794
-3.78794
-3.78729
-3.78469
-3.78339
-3.78274
-3.78242
-3.78631
-3.78599
-3.7847
-3.78567
-3.78534
-3.78436
-3.78533
-3.78469
-3.78372
-3.78535
-3.78309
-3.78341
-3.78373
-3.78534
-3.78598
-3.78436
-3.78371
-3.78306
-3.7821
-3.78275
-3.78243
-3.78276
-3.78308
-3.78437
-3.78534
-3.78501
-3.78501
-3.7821
-3.78178
-3.77919
-3.78081
-3.77887
-3.77951
-3.77854
-3.77725
-3.77919
-3.77983
-3.78178
-3.78307
-3.78372
-3.78371
-3.78371
-3.78404
-3.78598
-3.78728
-3.7902
-3.78923
-3.78858
-3.78599
-3.78534
-3.78501
-3.78598
-3.78695
-3.78599
-3.78599
-3.78599
-3.78502
-3.7834
-3.78436
-3.785
-3.78532
-3.78629
-3.78597
-3.78306
-3.78306
-3.78436
-3.78436
-3.78436
-3.78371
-3.78566
-3.78437
-3.78632
-3.78826
-3.78697
-3.78631
-3.78696
-3.78598
-3.78695
-3.78436
-3.78598
-3.78501
-3.78469
-3.78469
-3.78566
-3.78598
-3.78695
-3.78436
-3.78468
-3.78274
-3.78339
-3.78502
-3.78437
-3.78438
-3.78405
-3.78534
-3.78404
-3.78338
-3.78241
-3.78305
-3.78467
-3.78598
-3.78534
-3.78567
-3.78697
-3.78729
-3.78632
-3.78632
-3.78502
-3.78566
-3.78274
-3.78338
-3.78273
-3.78144
-3.78112
-3.78177
-3.78241
-3.78209
-3.78274
-3.78372
-3.78211
-3.77984
-3.78114
-3.7834
-3.78307
-3.78307
-3.78469
-3.78663
-3.78598
-3.78695
-3.78598
-3.78403
-3.78403
-3.78436
-3.78404
-3.78469
-3.78534
-3.78761
-3.78534
-3.78534
-3.78307
-3.78274
-3.78209
-3.78338
-3.78566
-3.78404
-3.78178
-3.78178
-3.78049
-3.78178
-3.78209
-3.78241
-3.78014
-3.78014
-3.7795
-3.77983
-3.7834
-3.78308
-3.78113
-3.7821
-3.78404
-3.78241
-3.78306
-3.78468
-3.78565
-3.78436
-3.78403
-3.78403
-3.785
-3.78468
-3.78339
-3.78468
-3.78662
-3.78727
-3.78533
-3.78662
-3.78695
-3.78502
-3.78631
-3.78567
-3.78697
-3.78892
-3.78924
-3.78955
-3.78792
-3.78727
-3.78598
-3.78598
-3.78567
-3.78534
-3.78696
-3.78631
-3.7863
-3.79083
-3.78857
-3.7876
-3.78404
-3.7834
-3.78308
-3.7847
-3.7847
-3.78599
-3.78696
-3.78663
-3.78694
-3.78856
-3.79115
-3.79116
-3.7902
-3.78956
-3.786
-3.786
-3.78471
-3.78437
-3.78372
-3.785
-3.785
-3.78565
-3.78372
-3.78211
-3.78243
-3.78016
-3.77757
-3.77821
-3.77918
-3.78048
-3.78015
-3.7808
-3.7821
-3.78146
-3.78243
-3.78146
-3.78372
-3.78598
-3.78404
-3.7834
-3.78405
-3.7847
-3.78599
-3.78243
-3.78372
-3.78307
-3.78339
-3.78372
-3.78275
-3.78276
-3.78081
-3.78146
-3.78211
-3.78145
-3.78242
-3.78275
-3.78308
-3.78275
-3.78275
-3.78211
-3.78405
-3.78309
-3.78438
-3.78567
-3.78697
-3.78696
-3.7889
-3.79084
-3.78922
-3.7902
-3.78955
-3.78988
-3.78956
-3.78956
-3.78956
-3.78924
-3.78859
-3.78956
-3.78988
-3.78826
-3.78631
-3.78566
-3.78631
-3.7834
-3.78049
-3.78113
-3.78113
-3.77789
-3.7779
-3.77822
-3.78017
-3.78146
-3.78373
-3.78373
-3.7847
-3.78211
-3.78211
-3.78179
-3.78146
-3.78308
-3.78275
-3.78469
-3.78566
-3.78534
-3.78664
-3.78761
-3.78567
-3.78437
-3.78534
-3.78599
-3.78502
-3.7847
-3.78438
-3.78535
-3.78535
-3.78664
-3.78826
-3.7902
-3.78955
-3.78956
-3.78859
-3.78923
-3.78988
-3.7889
-3.78793
-3.78891
-3.78923
-3.78827
-3.78665
-3.78729
-3.78664
-3.78567
-3.7847
-3.78405
-3.78503
-3.78632
-3.78762
-3.78697
-3.7873
-3.78697
-3.78502
-3.78632
-3.78664
-3.78891
-3.79052
-3.78922
-3.78728
-3.78793
-3.78631
-3.78729
-3.78859
-3.78633
-3.78665
-3.78471
-3.78341
-3.78534
-3.78501
-3.78241
-3.78272
-3.78305
-3.78338
-3.78404
-3.78372
-3.78276
-3.78309
-3.78503
-3.78503
-3.78599
-3.78567
-3.78437
-3.78372
-3.7834
-3.78469
-3.78275
-3.78307
-3.78436
-3.78242
-3.78436
-3.78275
-3.7821
-3.78307
-3.78275
-3.78177
-3.78178
-3.7834
-3.78082
-3.78179
-3.78535
-3.78502
-3.78696
-3.78566
-3.78436
-3.78209
-3.78404
-3.78663
-3.78727
-3.78533
-3.78468
-3.78371
-3.78274
-3.78307
-3.78567
-3.78632
-3.78503
-3.78502
-3.78437
-3.78307
-3.78274
-3.78403
-3.7837
-3.78435
-3.78598
-3.78728
-3.78663
-3.78825
-3.78761
-3.78728
-3.78728
-3.78696
-3.78631
-3.78566
-3.78371
-3.78047
-3.78242
-3.7821
-3.7847
-3.7847
-3.78503
-3.78988
-3.78858
-3.78922
-3.78793
-3.78955
-3.79181
-3.78922
-3.79084
-3.7889
-3.78599
-3.78534
-3.78599
-3.78599
-3.7834
-3.78275
-3.78307
-3.78371
-3.78306
-3.78176
-3.78143
-3.78209
-3.78339
-3.78696
-3.78793
-3.78987
-3.79149
-3.79148
-3.7918
-3.79212
-3.79179
-3.79374
-3.79342
-3.79083
-3.7889
-3.78696
-3.78566
-3.78727
-3.78921
-3.78986
-3.78759
-3.78759
-3.78597
-3.78533
-3.7863
-3.79018
-3.78953
-3.79115
-3.79115
-3.7918
-3.79277
-3.79212
-3.79116
-3.79278
-3.79246
-3.79019
-3.79148
-3.78921
-3.79115
-3.79148
-3.79051
-3.79278
-3.79407
-3.7931
-3.79147
-3.79049
-3.79179
-3.7918
-3.78922
-3.78857
-3.78955
-3.78857
-3.78922
-3.78954
-3.78954
-3.78857
-3.78791
-3.78662
-3.78726
-3.78856
-3.78727
-3.78922
-3.78954
-3.78986
-3.79083
-3.7905
-3.79083
-3.78921
-3.78889
-3.78922
-3.78954
-3.78857
-3.78857
-3.78759
-3.78792
-3.78727
-3.78695
-3.78663
-3.7876
-3.78857
-3.78954
-3.78889
-3.78727
-3.78857
-3.78889
-3.78824
-3.78532
-3.78565
-3.78501
-3.78437
-3.78631
-3.78469
-3.78566
-3.78695
-3.78533
-3.7863
-3.78694
-3.78629
-3.78564
-3.78532
-3.78499
-3.78468
-3.78533
-3.78436
-3.78695
-3.78663
-3.78501
-3.7863
-3.7863
-3.78695
-3.7876
-3.78727
-3.78759
-3.78662
-3.78468
-3.78533
-3.7863
-3.78662
-3.78468
-3.78338
-3.78403
-3.78209
-3.78144
-3.77982
-3.77917
-3.77981
-3.78078
-3.78467
-3.78661
-3.78241
-3.78209
-3.78242
-3.78436
-3.78533
-3.78824
-3.78661
-3.78434
-3.78401
-3.78337
-3.78111
-3.78014
-3.78241
-3.78079
-3.78371
-3.78436
-3.78403
-3.78435
-3.7837
-3.78273
-3.78241
-3.78209
-3.78177
-3.78177
-3.78014
-3.78047
-3.78111
-3.78047
-3.78079
-3.78079
-3.78015
-3.78274
-3.78306
-3.78305
-3.78273
-3.78176
-3.78209
-3.78113
-3.78178
-3.78048
-3.77983
-3.7795
-3.77821
-3.77918
-3.78048
-3.78047
-3.78209
-3.78274
-3.78468
-3.78533
-3.78339
-3.78275
-3.78469
-3.7863
-3.78662
-3.78597
-3.78792
-3.78824
-3.78857
-3.78663
-3.7876
-3.78889
-3.78695
-3.78306
-3.785
-3.78436
-3.78209
-3.78306
-3.78338
-3.78306
-3.78209
-3.78306
-3.78305
-3.78435
-3.78499
-3.78532
-3.78338
-3.78339
-3.78372
-3.78534
-3.78436
-3.78533
-3.7863
-3.78694
-3.78661
-3.78597
-3.7837
-3.78371
-3.78306
-3.78338
-3.78598
-3.78727
-3.78663
-3.78728
-3.78922
-3.78922
-3.79018
-3.78986
-3.78792
-3.78468
-3.78339
-3.785
-3.78176
-3.78273
-3.78014
-3.78079
-3.78014
-3.77756
-3.7795
-3.78145
-3.78145
-3.78209
-3.78306
-3.78467
-3.78629
-3.78564
-3.78532
-3.7837
-3.7837
-3.78403
-3.78468
-3.78403
-3.78209
-3.78371
-3.78241
-3.78565
-3.78565
-3.78371
-3.78371
-3.78306
-3.7863
-3.78662
-3.785
-3.78565
-3.7863
-3.78469
-3.7821
-3.7834
-3.78372
-3.78469
-3.78501
-3.78468
-3.78403
-3.78209
-3.78435
-3.78436
-3.78371
-3.78339
-3.78468
-3.78436
-3.78372
-3.78598
-3.78824
-3.78824
-3.78921
-3.78728
-3.78631
-3.78664
-3.78826
-3.78793
-3.78793
-3.78922
-3.78857
-3.78759
-3.7863
-3.78437
-3.78404
-3.78501
-3.78566
-3.78404
-3.78663
-3.7876
-3.78825
-3.7876
-3.78695
-3.78598
-3.78468
-3.78663
-3.78534
-3.786
-3.786
-3.78567
-3.78404
-3.78338
-3.78338
-3.7837
-3.7837
-3.78241
-3.78209
-3.78144
-3.78306
-3.78144
-3.78079
-3.7824
-3.78046
-3.78014
-3.77755
-3.77755
-3.77755
-3.77949
-3.78078
-3.78078
-3.78272
-3.78531
-3.78467
-3.78402
-3.78565
-3.78371
-3.78435
-3.78403
-3.78306
-3.78338
-3.78208
-3.78337
-3.78304
-3.78207
-3.78013
-3.77948
-3.78012
-3.78044
-3.78173
-3.78173
-3.78206
-3.78368
-3.78337
-3.78305
-3.78468
-3.78565
-3.78598
-3.78565
-3.78791
-3.7879
-3.78952
-3.78919
-3.79146
-3.79212
-3.79309
-3.7918
-3.79277
-3.79147
-3.78823
-3.7879
-3.78628
-3.78466
-3.78597
-3.78597
-3.78533
-3.78371
-3.78306
-3.78338
-3.7824
-3.77981
-3.78078
-3.78078
-3.78273
-3.78144
-3.78112
-3.78338
-3.77917
-3.77949
-3.78046
-3.78144
-3.78111
-3.78337
-3.78305
-3.78337
-3.78337
-3.78273
-3.78144
-3.78176
-3.78209
-3.78209
-3.78306
-3.78273
-3.78241
-3.78499
-3.7837
-3.78111
-3.78208
-3.7782
-3.77916
-3.77754
-3.78045
-3.78142
-3.78305
-3.78467
-3.78306
-3.78306
-3.78274
-3.78306
-3.78436
-3.78306
-3.78079
-3.78175
-3.78207
-3.78304
-3.78304
-3.78174
-3.78466
-3.78434
-3.78337
-3.78175
-3.7837
-3.785
-3.78597
-3.7863
-3.785
-3.78403
-3.78467
-3.78143
-3.77949
-3.78014
-3.78273
-3.78274
-3.78144
-3.78209
-3.78402
-3.78402
-3.78337
-3.78629
-3.78662
-3.78694
-3.78532
-3.78501
-3.78468
-3.78436
-3.78533
-3.78501
-3.78468
-3.78402
-3.78143
-3.78175
-3.78337
-3.7837
-3.78306
-3.78372
-3.78469
-3.78502
-3.78534
-3.78242
-3.78275
-3.78015
-3.77885
-3.77949
-3.78014
-3.78111
-3.78079
-3.77885
-3.77982
-3.77949
-3.78111
-3.78208
-3.78209
-3.78372
-3.7876
-3.78728
-3.78663
-3.78631
-3.78631
-3.78631
-3.78534
-3.7847
-3.78664
-3.78825
-3.79051
-3.79083
-3.79147
-3.7918
-3.79245
-3.78954
-3.79116
-3.79116
-3.78954
-3.78824
-3.78695
-3.78598
-3.78598
-3.78792
-3.78857
-3.78696
-3.78631
-3.78729
-3.78793
-3.78858
-3.78922
-3.78954
-3.79083
-3.79083
-3.79051
-3.78954
-3.78824
-3.78597
-3.78435
-3.78501
-3.78599
-3.78437
-3.7834
-3.78437
-3.78275
-3.78307
-3.78371
-3.78306
-3.78306
-3.7808
-3.78242
-3.78274
-3.78339
-3.78274
-3.78275
-3.7821
-3.78146
-3.7834
-3.78243
-3.78339
-3.78242
-3.78403
-3.78274
-3.7821
-3.78307
-3.78178
-3.78145
-3.7808
-3.78015
-3.7808
-3.77983
-3.78339
-3.7821
-3.78178
-3.78502
-3.78501
-3.78469
-3.78533
-3.78533
-3.78565
-3.78209
-3.78307
-3.78243
-3.78081
-3.78114
-3.78081
-3.78081
-3.78178
-3.78276
-3.78502
-3.78567
-3.78729
-3.78858
-3.78728
-3.78696
-3.78728
-3.7889
-3.78793
-3.78729
-3.78664
-3.78438
-3.78405
-3.7847
-3.78534
-3.78534
-3.78598
-3.78663
-3.78501
-3.78534
-3.78373
-3.78308
-3.78049
-3.77951
-3.78113
-3.7808
-3.78338
-3.78403
-3.78178
-3.78211
-3.78373
-3.78276
-3.7821
-3.78307
-3.78113
-3.78339
-3.78436
-3.78598
-3.78566
-3.78729
-3.78534
-3.78242
-3.78015
-3.7795
-3.77885
-3.78047
-3.77983
-3.78243
-3.78599
-3.78567
-3.78664
-3.78826
-3.78728
-3.78922
-3.7889
-3.78761
-3.78761
-3.78502
-3.78729
-3.78923
-3.7889
-3.78598
-3.7876
-3.78631
-3.78631
-3.78826
-3.7902
-3.78923
-3.79182
-3.79247
-3.79118
-3.79117
-3.79149
-3.79181
-3.79019
-3.79084
-3.79052
-3.78923
-3.79053
-3.78729
-3.78664
-3.78503
-3.78664
-3.78697
-3.78631
-3.78599
-3.78501
-3.78727
-3.78727
-3.78695
-3.78826
-3.79086
-3.79151
-3.78989
-3.78859
-3.78988
-3.7889
-3.78664
-3.78729
-3.78567
-3.78534
-3.78372
-3.78016
-3.78048
-3.77983
-3.78048
-3.78145
-3.7834
-3.78405
-3.78534
-3.78534
-3.78663
-3.78696
-3.78437
-3.78437
-3.78632
-3.78566
-3.78534
-3.78145
-3.78501
-3.78404
-3.78534
-3.78631
-3.78696
-3.78695
-3.78792
-3.78597
-3.78564
-3.78564
-3.78565
-3.78468
-3.78242
-3.77983
-3.77853
-3.77885
-3.77821
-3.78016
-3.78049
-3.77952
-3.78049
-3.77984
-3.78048
-3.78048
-3.78209
-3.78436
-3.78436
-3.78469
-3.7834
-3.78373
-3.78438
-3.78405
-3.78276
-3.78276
-3.78244
-3.78341
-3.7847
-3.78761
-3.78794
-3.78826
-3.78859
-3.78923
-3.78729
-3.78729
-3.78632
-3.78728
-3.78728
-3.78696
-3.78632
-3.786
-3.78697
-3.7873
-3.78567
-3.78599
-3.78404
-3.78534
-3.78275
-3.78437
-3.78631
-3.78566
-3.78695
-3.78857
-3.78792
-3.78695
-3.78728
-3.78566
-3.78598
-3.78534
-3.78566
-3.78663
-3.78371
-3.7863
-3.7876
-3.78696
-3.78567
-3.78729
-3.78825
-3.78825
-3.78824
-3.78889
-3.78921
-3.78856
-3.78954
-3.79084
-3.79116
-3.7889
-3.79019
-3.78954
-3.78728
-3.78565
-3.78532
-3.78564
-3.78565
-3.7863
-3.78824
-3.7876
-3.78663
-3.78663
-3.78468
-3.78566
-3.78663
-3.78598
-3.7863
-3.78532
-3.78597
-3.78533
-3.78663
-3.78761
-3.78761
-3.78631
-3.78793
-3.78987
-3.78889
-3.79051
-3.78954
-3.78792
-3.78695
-3.7876
-3.78694
-3.78403
-3.78499
-3.78403
-3.78533
-3.78371
-3.78404
-3.78274
-3.78178
-3.78081
-3.78179
-3.7847
-3.78599
-3.78632
-3.78631
-3.78436
-3.78727
-3.78727
-3.7863
-3.78598
-3.78858
-3.78567
-3.78633
-3.78406
-3.78406
-3.78308
-3.7834
-3.78307
-3.78178
-3.78307
-3.78308
-3.78373
-3.786
-3.78438
-3.78439
-3.7873
-3.78795
-3.78924
-3.79118
-3.79247
-3.79409
-3.79312
-3.79408
-3.79602
-3.79829
-3.79699
-3.7957
-3.7983
-3.79733
-3.79604
-3.79539
-3.79345
-3.79118
-3.79086
-3.7902
-3.79052
-3.79213
-3.79116
-3.79181
-3.79214
-3.79053
-3.78892
-3.78795
-3.78795
-3.78795
-3.78762
-3.78827
-3.79118
-3.78956
-3.78794
-3.78826
-3.78858
-3.78857
-3.78825
-3.78921
-3.78857
-3.7889
-3.78955
-3.78762
-3.78859
-3.78665
-3.78762
-3.78859
-3.79117
-3.79117
-3.79084
-3.79084
-3.79053
-3.78761
-3.78697
-3.78729
-3.78794
-3.78762
-3.78795
-3.78536
-3.78503
-3.78374
-3.7847
-3.78145
-3.78113
-3.7821
-3.78048
-3.78307
-3.78469
-3.78275
-3.78211
-3.78438
-3.7847
-3.78438
-3.78406
-3.7847
-3.78632
-3.78794
-3.78599
-3.78826
-3.78858
-3.78599
-3.7834
-3.78567
-3.78729
-3.78761
-3.78794
-3.79021
-3.78666
-3.78634
-3.78732
-3.78731
-3.78601
-3.78503
-3.786
-3.78665
-3.78665
-3.79021
-3.78957
-3.79054
-3.78794
-3.78923
-3.78858
-3.78987
-3.79052
-3.7915
-3.79118
-3.79248
-3.79118
-3.79118
-3.78957
-3.79086
-3.79054
-3.79053
-3.7902
-3.79214
-3.79052
-3.79182
-3.79053
-3.78956
-3.79086
-3.78795
-3.78924
-3.78697
-3.78502
-3.78534
-3.78534
-3.78372
-3.78502
-3.78535
-3.78503
-3.78599
-3.78728
-3.78566
-3.78566
-3.78599
-3.78535
-3.7847
-3.78632
-3.78696
-3.78502
-3.78469
-3.78437
-3.78372
-3.78534
-3.78308
-3.78049
-3.78081
-3.78308
-3.78405
-3.78502
-3.78761
-3.78793
-3.78761
-3.78793
-3.7876
-3.78793
-3.78923
-3.78827
-3.78956
-3.78892
-3.78989
-3.78924
-3.78923
-3.79214
-3.79279
-3.79117
-3.78793
-3.78696
-3.78437
-3.78404
-3.78145
-3.78112
-3.77918
-3.78113
-3.78469
-3.78664
-3.78729
-3.78664
-3.78696
-3.78761
-3.78762
-3.78665
-3.78535
-3.78502
-3.78501
-3.78565
-3.78631
-3.78697
-3.78859
-3.78762
-3.78826
-3.78826
-3.78826
-3.78858
-3.78794
-3.78761
-3.79085
-3.79084
-3.78858
-3.78825
-3.7889
-3.7902
-3.78729
-3.78568
-3.78407
-3.78342
-3.78374
-3.78341
-3.7847
-3.78275
-3.78567
-3.78567
-3.78534
-3.78437
-3.78307
-3.78405
-3.78406
-3.78374
-3.78407
-3.78472
-3.78536
-3.786
-3.78632
-3.78567
-3.78308
-3.78277
-3.78666
-3.7873
-3.78439
-3.78472
-3.78407
-3.78213
-3.78407
-3.78245
-3.78439
-3.78439
-3.78632
-3.78794
-3.78761
-3.78826
-3.78988
-3.78956
-3.79119
-3.79022
-3.79054
-3.78795
-3.78892
-3.78795
-3.78665
-3.78567
-3.78632
-3.78341
-3.78374
-3.78568
-3.78763
-3.7886
-3.78859
-3.78827
-3.78535
-3.78697
-3.78761
-3.78923
-3.78857
-3.7889
-3.78923
-3.78599
-3.78535
-3.78567
-3.78827
-3.78568
-3.78827
-3.78697
-3.78632
-3.78372
-3.78437
-3.78178
-3.77983
-3.78113
-3.7821
-3.78404
-3.78372
-3.78535
-3.7847
-3.78535
-3.78827
-3.78762
-3.78633
-3.78665
-3.78373
-3.78308
-3.78405
-3.78599
-3.78761
-3.78697
-3.78697
-3.78697
-3.78664
-3.78632
-3.78599
-3.78696
-3.78534
-3.78728
-3.78631
-3.78761
-3.78729
-3.78567
-3.78534
-3.78534
-3.78307
-3.78307
-3.78405
-3.7821
-3.78114
-3.78211
-3.78243
-3.78373
-3.78437
-3.78372
-3.78307
-3.78307
-3.78242
-3.78113
-3.78307
-3.78372
-3.7834
-3.78275
-3.78178
-3.7834
-3.78276
-3.78276
-3.78437
-3.78761
-3.78728
-3.78664
-3.78761
-3.78697
-3.78503
-3.78341
-3.7847
-3.78437
-3.78404
-3.78339
-3.78468
-3.78565
-3.78824
-3.78695
-3.7876
-3.78761
-3.78923
-3.78858
-3.78729
-3.78827
-3.78794
-3.78826
-3.78729
-3.78664
-3.78533
-3.78565
-3.78824
-3.78825
-3.78955
-3.79085
-3.78956
-3.78924
-3.78471
-3.78568
-3.78761
-3.78372
-3.78469
-3.78695
-3.78727
-3.7876
-3.78663
-3.78793
-3.78535
-3.78664
-3.78567
-3.78664
-3.78859
-3.79086
-3.7915
-3.79215
-3.79021
-3.78891
-3.78956
-3.78956
-3.79053
-3.78924
-3.79118
-3.79183
-3.79085
-3.79052
-3.78761
-3.78729
-3.78794
-3.78762
-3.78697
-3.78729
-3.78729
-3.78437
-3.78437
-3.78502
-3.78632
-3.78697
-3.78763
-3.78601
-3.78504
-3.78763
-3.7873
-3.78956
-3.78859
-3.78728
-3.78728
-3.78534
-3.78632
-3.78438
-3.78212
-3.78407
-3.78537
-3.78408
-3.78472
-3.78569
-3.78537
-3.78697
-3.78406
-3.78309
-3.78406
-3.78309
-3.78503
-3.78601
-3.78633
-3.78698
-3.78503
-3.78568
-3.78471
-3.78276
-3.78341
-3.78342
-3.78471
-3.78245
-3.78342
-3.78406
-3.78374
-3.78439
-3.78407
-3.78246
-3.78376
-3.78375
-3.7831
-3.78504
-3.7847
-3.78567
-3.78762
-3.78665
-3.78569
-3.78536
-3.78666
-3.78794
-3.78632
-3.78762
-3.78633
-3.78374
-3.78374
-3.78342
-3.78407
-3.78698
-3.78569
-3.78342
-3.78116
-3.78148
-3.78115
-3.7805
-3.7805
-3.78147
-3.78342
-3.78148
-3.7831
-3.78148
-3.7818
-3.78051
-3.78246
-3.78181
-3.78505
-3.78667
-3.78536
-3.78439
-3.78277
-3.78471
-3.786
-3.78729
-3.78859
-3.78697
-3.78827
-3.7899
-3.7912
-3.79186
-3.79154
-3.79186
-3.79186
-3.79024
-3.79088
-3.79022
-3.78794
-3.78437
-3.78436
-3.78339
-3.78534
-3.786
-3.78407
-3.78375
-3.78376
-3.78505
-3.78342
-3.78374
-3.78405
-3.78599
-3.78631
-3.78761
-3.78762
-3.78762
-3.78697
-3.78405
-3.78405
-3.78664
-3.78761
-3.78826
-3.78729
-3.78762
-3.78503
-3.78276
-3.78471
-3.78179
-3.77986
-3.78148
-3.78115
-3.78211
-3.78081
-3.78372
-3.78179
-3.78211
-3.7818
-3.78439
-3.78568
-3.78536
-3.78568
-3.78568
-3.786
-3.78601
-3.78665
-3.78665
-3.78762
-3.78665
-3.78438
-3.77953
-3.78018
-3.77921
-3.7818
-3.78245
-3.78212
-3.77953
-3.78179
-3.78341
-3.78308
-3.78244
-3.78244
-3.78179
-3.78211
-3.78276
-3.78243
-3.78114
-3.78049
-3.77985
-3.78179
-3.78179
-3.78276
-3.78017
-3.78211
-3.77854
-3.78113
-3.78081
-3.78049
-3.7792
-3.77921
-3.77922
-3.77728
-3.7789
-3.78051
-3.77985
-3.78178
-3.7808
-3.78113
-3.78016
-3.78114
-3.78245
-3.78116
-3.78181
-3.78149
-3.78116
-3.78245
-3.78471
-3.78535
-3.78729
-3.78438
-3.78212
-3.78309
-3.78406
-3.78405
-3.7847
-3.78503
-3.78471
-3.78439
-3.78374
-3.78342
-3.78504
-3.78762
-3.78501
-3.78468
-3.78598
-3.78632
-3.78892
-3.78763
-3.78633
-3.78568
-3.786
-3.78501
-3.78339
-3.78372
-3.78081
-3.78178
-3.78243
-3.78113
-3.78113
-3.78275
-3.78243
-3.78341
-3.78341
-3.78244
-3.78212
-3.78082
-3.77855
-3.77951
-3.78145
-3.78566
-3.78501
-3.78308
-3.78016
-3.78114
-3.78211
-3.78146
-3.78017
-3.78049
-3.7792
-3.77985
-3.78309
-3.78567
-3.78502
-3.78503
-3.78503
-3.78373
-3.78341
-3.78244
-3.78179
-3.78406
-3.78406
-3.7847
-3.78438
-3.78341
-3.78114
-3.78048
-3.78113
-3.78145
-3.78178
-3.78179
-3.78342
-3.78471
-3.78601
-3.78503
-3.78309
-3.78438
-3.78405
-3.78534
-3.78145
-3.78338
-3.78468
-3.78598
-3.78437
-3.78501
-3.78436
-3.785
-3.78597
-3.78339
-3.78274
-3.78437
-3.78469
-3.78372
-3.78469
-3.78275
-3.78502
-3.78632
-3.78275
-3.78275
-3.78307
-3.78306
-3.78177
-3.78113
-3.7821
-3.78307
-3.78372
-3.78469
-3.7834
-3.78308
-3.78146
-3.78146
-3.78373
-3.78309
-3.78406
-3.78308
-3.78244
-3.78211
-3.78373
-3.78599
-3.78502
-3.78631
-3.7847
-3.78308
-3.78244
-3.78179
-3.78243
-3.78308
-3.78244
-3.78341
-3.78405
-3.7847
-3.78275
-3.78373
-3.78308
-3.78405
-3.78438
-3.78309
-3.78471
-3.7831
-3.78115
-3.78114
-3.78016
-3.77853
-3.78048
-3.7808
-3.78275
-3.78535
-3.78568
-3.78374
-3.78503
-3.78438
-3.78503
-3.78567
-3.78826
-3.7847
-3.78535
-3.7834
-3.78373
-3.78114
-3.78211
-3.78308
-3.78309
-3.78374
-3.78374
-3.7873
-3.78827
-3.7899
-3.7899
-3.78667
-3.78537
-3.78569
-3.78503
-3.78665
-3.78438
-3.7847
-3.78502
-3.78502
-3.78534
-3.78793
-3.78632
-3.78503
-3.78536
-3.78374
-3.78341
-3.7818
-3.78147
-3.78245
-3.78277
-3.78213
-3.7831
-3.78245
-3.78472
-3.78601
-3.78504
-3.78536
-3.78471
-3.78439
-3.78569
-3.78537
-3.78408
-3.78408
-3.7844
-3.78472
-3.78439
-3.78309
-3.78245
-3.7818
-3.78018
-3.7818
-3.78472
-3.78309
-3.78245
-3.78212
-3.78309
-3.78277
-3.78342
-3.78569
-3.78699
-3.78569
-3.78537
-3.78343
-3.78311
-3.78343
-3.78408
-3.78441
-3.78376
-3.7844
-3.78407
-3.78407
-3.78569
-3.7831
-3.78245
-3.78309
-3.78277
-3.78374
-3.78341
-3.78148
-3.78181
-3.78278
-3.78376
-3.78279
-3.78473
-3.78472
-3.78828
-3.78762
-3.78827
-3.786
-3.78471
-3.7844
-3.78375
-3.78278
-3.78213
-3.77986
-3.7805
-3.7805
-3.78147
-3.78212
-3.78212
-3.7831
-3.78375
-3.7844
-3.78635
-3.78733
-3.79089
-3.79024
-3.78958
-3.78989
-3.79085
-3.79181
-3.7902
-3.78989
-3.78698
-3.78634
-3.78504
-3.78666
-3.78763
-3.78666
-3.78957
-3.78957
-3.78827
-3.78731
-3.78796
-3.78568
-3.786
-3.78535
-3.78859
-3.78762
-3.78763
-3.78666
-3.78763
-3.78634
-3.78439
-3.7818
-3.78049
-3.78276
-3.78406
-3.78958
-3.78764
-3.78537
-3.78505
-3.78699
-3.78634
-3.78342
-3.78439
-3.78407
-3.78633
-3.78568
-3.78535
-3.7847
-3.78536
-3.78245
-3.78472
-3.78213
-3.78148
-3.78149
-3.78181
-3.7831
-3.78472
-3.78342
-3.78374
-3.78567
-3.78534
-3.7847
-3.78471
-3.78731
-3.78764
-3.78893
-3.78666
-3.78472
-3.78569
-3.78601
-3.78569
-3.78472
-3.78342
-3.78407
-3.78601
-3.78698
-3.78569
-3.7844
-3.78602
-3.78602
-3.78407
-3.78634
-3.78569
-3.78439
-3.7818
-3.78309
-3.78309
-3.78049
-3.78179
-3.78309
-3.78245
-3.78278
-3.78407
-3.7831
-3.78472
-3.78601
-3.78602
-3.78505
-3.78311
-3.78441
-3.78441
-3.78181
-3.78375
-3.78569
-3.78439
-3.78568
-3.78697
-3.78859
-3.78763
-3.78828
-3.78828
-3.7899
-3.78795
-3.78602
-3.78505
-3.78408
-3.7857
-3.78635
-3.7857
-3.78343
-3.78374
-3.78406
-3.78341
-3.78115
-3.78212
-3.78277
-3.78309
-3.78536
-3.78601
-3.78634
-3.78537
-3.78731
-3.78763
-3.78503
-3.78568
-3.78634
-3.78602
-3.78505
-3.78376
-3.78376
-3.78279
-3.78311
-3.78213
-3.78148
-3.77986
-3.78083
-3.78148
-3.7831
-3.7831
-3.78245
-3.78277
-3.78147
-3.78568
-3.78601
-3.78504
-3.7844
-3.78537
-3.78376
-3.78408
-3.78506
-3.78473
-3.78473
-3.78213
-3.78343
-3.78407
-3.7844
-3.78376
-3.7815
-3.78118
-3.7815
-3.7828
-3.78409
-3.78279
-3.78505
-3.78601
-3.78794
-3.78697
-3.78665
-3.78602
-3.78376
-3.78408
-3.78214
-3.78279
-3.78375
-3.7818
-3.78245
-3.78407
-3.78439
-3.78698
-3.78828
-3.78991
-3.78959
-3.78732
-3.7883
-3.7883
-3.7857
-3.78538
-3.78408
-3.78343
-3.78375
-3.7844
-3.78472
-3.78504
-3.78828
-3.78861
-3.78764
-3.78408
-3.78635
-3.78279
-3.78344
-3.77987
-3.78019
-3.77825
-3.77662
-3.77727
-3.77791
-3.77824
-3.77791
-3.77824
-3.77824
-3.77501
-3.77663
-3.77533
-3.77565
-3.77598
-3.77954
-3.78181
-3.78214
-3.78149
-3.78537
-3.78602
-3.78796
-3.78667
-3.78441
-3.78441
-3.78537
-3.78375
-3.7844
-3.78343
-3.78311
-3.78343
-3.78084
-3.78115
-3.78019
-3.77923
-3.7802
-3.78053
-3.78279
-3.78343
-3.78439
-3.78341
-3.78503
-3.78568
-3.786
-3.78666
-3.78504
-3.78472
-3.78407
-3.78569
-3.78633
-3.78568
-3.78697
-3.78471
-3.78342
-3.78666
-3.78731
-3.78569
-3.78667
-3.78699
-3.78699
-3.7844
-3.78472
-3.78472
-3.78536
-3.78536
-3.78309
-3.78245
-3.78505
-3.7844
-3.78278
-3.78279
-3.78246
-3.78343
-3.78407
-3.78407
-3.78634
-3.78667
-3.78667
-3.78505
-3.78376
-3.78408
-3.78505
-3.78471
-3.78439
-3.78471
-3.786
-3.7873
-3.78762
-3.7886
-3.79022
-3.78957
-3.7886
-3.78957
-3.7899
-3.79054
-3.79022
-3.78731
-3.78893
-3.79023
-3.79023
-3.78861
-3.78601
-3.786
-3.78405
-3.78406
-3.78309
-3.78244
-3.78342
-3.78341
-3.78341
-3.78374
-3.78601
-3.78731
-3.78666
-3.78569
-3.78828
-3.78763
-3.78893
-3.79022
-3.78989
-3.78956
-3.78988
-3.78956
-3.78762
-3.78762
-3.78568
-3.78471
-3.7818
-3.78374
-3.78212
-3.78439
-3.7844
-3.78537
-3.78439
-3.78698
-3.78471
-3.78244
-3.78179
-3.78212
-3.78083
-3.78083
-3.78051
-3.78051
-3.78147
-3.77791
-3.77888
-3.7805
-3.78115
-3.78212
-3.78407
-3.78601
-3.78406
-3.7831
-3.78666
-3.78471
-3.78374
-3.78341
-3.78405
-3.78179
-3.78277
-3.78213
-3.78537
-3.78667
-3.78764
-3.7899
-3.78796
-3.78763
-3.7886
-3.78795
-3.78633
-3.78471
-3.78309
-3.78244
-3.7847
-3.78438
-3.78438
-3.78568
-3.78341
-3.78341
-3.78665
-3.78697
-3.786
-3.78632
-3.78697
-3.78535
-3.78567
-3.78438
-3.78276
-3.78115
-3.78277
-3.78406
-3.78341
-3.78276
-3.78471
-3.78503
-3.786
-3.7873
-3.78535
-3.78665
-3.78633
-3.78536
-3.78245
-3.78116
-3.78439
-3.78373
-3.78211
-3.78502
-3.78502
-3.78567
-3.78502
-3.78405
-3.78535
-3.78633
-3.78439
-3.78374
-3.78244
-3.78147
-3.78308
-3.78438
-3.78341
-3.78633
-3.78504
-3.78666
-3.78924
-3.78729
-3.78858
-3.78955
-3.78923
-3.79052
-3.78728
-3.78761
-3.78793
-3.78632
-3.78502
-3.786
-3.78697
-3.78697
-3.78632
-3.78469
-3.78534
-3.78339
-3.78436
-3.7834
-3.7847
-3.78503
-3.78503
-3.78568
-3.78665
-3.78892
-3.78892
-3.78956
-3.79117
-3.78923
-3.7889
-3.78955
-3.79052
-3.79214
-3.79149
-3.79084
-3.79084
-3.7889
-3.7876
-3.7889
-3.7889
-3.78761
-3.78568
-3.78212
-3.78082
-3.78016
-3.78015
-3.78048
-3.78306
-3.78436
-3.78469
-3.78598
-3.78663
-3.78793
-3.78566
-3.78404
-3.78501
-3.78404
-3.7821
-3.78177
-3.7808
-3.7808
-3.78048
-3.78048
-3.78048
-3.78242
-3.78177
-3.7808
-3.78533
-3.78598
-3.78565
-3.785
-3.78241
-3.78111
-3.78047
-3.78144
-3.77983
-3.77918
-3.7808
-3.78177
-3.78241
-3.78306
-3.78468
-3.78436
-3.78372
-3.78339
-3.78241
-3.78565
-3.78695
-3.78923
-3.79149
-3.78921
-3.78986
-3.78889
-3.78727
-3.78631
-3.78631
-3.78663
-3.78663
-3.78436
-3.78339
-3.78274
-3.78273
-3.78273
-3.78661
-3.78565
-3.78565
-3.78339
-3.78534
-3.78501
-3.78372
-3.78275
-3.7821
-3.78372
-3.78436
-3.78371
-3.78436
-3.78144
-3.78339
-3.78404
-3.78599
-3.78631
-3.78696
-3.78631
-3.78663
-3.78437
-3.78696
-3.78502
-3.78501
-3.78468
-3.78533
-3.78209
-3.78047
-3.77918
-3.7795
-3.78145
-3.78274
-3.7808
-3.78145
-3.78112
-3.78112
-3.7821
-3.78437
-3.78404
-3.78534
-3.78404
-3.78275
-3.78372
-3.78404
-3.78274
-3.785
-3.78565
-3.78533
-3.78565
-3.78727
-3.78728
-3.78793
-3.7876
-3.78501
-3.78695
-3.78824
-3.78726
-3.78662
-3.78695
-3.78534
-3.78469
-3.78631
-3.78502
-3.78761
-3.78923
-3.78858
-3.78858
-3.78826
-3.78696
-3.78598
-3.7876
-3.78921
-3.78792
-3.78565
-3.78696
-3.78729
-3.78697
-3.78891
-3.79118
-3.7902
-3.79182
-3.79116
-3.7905
-3.79082
-3.78791
-3.78792
-3.78566
-3.78244
-3.78115
-3.78018
-3.7792
-3.78049
-3.78016
-3.78113
-3.78274
-3.78371
-3.7808
-3.77885
-3.7782
-3.78046
-3.78241
-3.78144
-3.78112
-3.78113
-3.78243
-3.78178
-3.7834
-3.78404
-3.78534
-3.78501
-3.78403
-3.78241
-3.78046
-3.78209
-3.78112
-3.78113
-3.78081
-3.78243
-3.78211
-3.78405
-3.78566
-3.78889
-3.78824
-3.78759
-3.78792
-3.78599
-3.78599
-3.78373
-3.78469
-3.78275
-3.78307
-3.78307
-3.78372
-3.78081
-3.78016
-3.78049
-3.7834
-3.7821
-3.78307
-3.78307
-3.78274
-3.78145
-3.78469
-3.78275
-3.7834
-3.7834
-3.78567
-3.78567
-3.78437
-3.78631
-3.78793
-3.7876
-3.78695
-3.78792
-3.7876
-3.78792
-3.78761
-3.78988
-3.78729
-3.78761
-3.78729
-3.78858
-3.78761
-3.78664
-3.78858
-3.78729
-3.7873
-3.78406
-3.78633
-3.78665
-3.78988
-3.7902
-3.79052
-3.79084
-3.79182
-3.79085
-3.79182
-3.79215
-3.79279
-3.79118
-3.78923
-3.78988
-3.79118
-3.79216
-3.79151
-3.79443
-3.79281
-3.79183
-3.79118
-3.79053
-3.79021
-3.78859
-3.78794
-3.78665
-3.78795
-3.78763
-3.78665
-3.78632
-3.78697
-3.78858
-3.78859
-3.78698
-3.78601
-3.78827
-3.78924
-3.78729
-3.78664
-3.78664
-3.78858
-3.78825
-3.78922
-3.79052
-3.78955
-3.78761
-3.78664
-3.78535
-3.78535
-3.78438
-3.78567
-3.78599
-3.78372
-3.7834
-3.78243
-3.78308
-3.7847
-3.78341
-3.78146
-3.7834
-3.78438
-3.7847
-3.78438
-3.78569
-3.78698
-3.78827
-3.78827
-3.78728
-3.78533
-3.78792
-3.78696
-3.78568
-3.78342
-3.78537
-3.78407
-3.78245
-3.78277
-3.78082
-3.77758
-3.77887
-3.77886
-3.7795
-3.78112
-3.78048
-3.77693
-3.77662
-3.77954
-3.77986
-3.78245
-3.78471
-3.78245
-3.78406
-3.78439
-3.78373
-3.78405
-3.78469
-3.78437
-3.78147
-3.78244
-3.78179
-3.78179
-3.78083
-3.7805
-3.78439
-3.7831
-3.78277
-3.78374
-3.78407
-3.78244
-3.78309
-3.78179
-3.78212
-3.78082
-3.78179
-3.78471
-3.78536
-3.78665
-3.78698
-3.78601
-3.78795
-3.78569
-3.78568
-3.78406
-3.7847
-3.7873
-3.78762
-3.78471
-3.78277
-3.78179
-3.78308
-3.78243
-3.78275
-3.78372
-3.78211
-3.78243
-3.78309
-3.78536
-3.78633
-3.78698
-3.78569
-3.78504
-3.78568
-3.78633
-3.78568
-3.78794
-3.78826
-3.78729
-3.78696
-3.78858
-3.78859
-3.78795
-3.78665
-3.786
-3.78697
-3.7834
-3.78276
-3.786
-3.78762
-3.7873
-3.78666
-3.78601
-3.78438
-3.78502
-3.78437
-3.78535
-3.78341
-3.78374
-3.7831
-3.78376
-3.78408
-3.78344
-3.78376
-3.78375
-3.78245
-3.78244
-3.78082
-3.77952
-3.78146
-3.78211
-3.78147
-3.78309
-3.78601
-3.78537
-3.7844
-3.78602
-3.78667
-3.78699
-3.78569
-3.78601
-3.78828
-3.78957
-3.78666
-3.78698
-3.7873
-3.78567
-3.78567
-3.78601
-3.78569
-3.78569
-3.78505
-3.78505
-3.78407
-3.78245
-3.78342
-3.78342
-3.78148
-3.7805
-3.7805
-3.78083
-3.77954
-3.77857
-3.77986
-3.78084
-3.78084
-3.78213
-3.78148
-3.78116
-3.78116
-3.78278
-3.77954
-3.77922
-3.78117
-3.7789
-3.77954
-3.7776
-3.77889
-3.78019
-3.78245
-3.78084
-3.77987
-3.77922
-3.77987
-3.78148
-3.77889
-3.77695
-3.7776
-3.7776
-3.77857
-3.7763
-3.77727
-3.77565
-3.77791
-3.77954
-3.7802
-3.78182
-3.78117
-3.78182
-3.78084
-3.77922
-3.78019
-3.78115
-3.78017
-3.78146
-3.78211
-3.78115
-3.77889
-3.77922
-3.77858
-3.77761
-3.7802
-3.78019
-3.78343
-3.78149
-3.78052
-3.78149
-3.78051
-3.77953
-3.78114
-3.77952
-3.77855
-3.77921
-3.78375
-3.78634
-3.78926
-3.78828
-3.79022
-3.78958
-3.78925
-3.78699
-3.78537
-3.78505
-3.78473
-3.78409
-3.78344
-3.78279
-3.78278
-3.78276
-3.78178
-3.78114
-3.78309
-3.78019
-3.78149
-3.78052
-3.78214
-3.78181
-3.78311
-3.78472
-3.78439
-3.78373
-3.78503
-3.78276
-3.78147
-3.78051
-3.78084
-3.78148
-3.78213
-3.78245
-3.78277
-3.78439
-3.78537
-3.78408
-3.78765
-3.78732
-3.78602
-3.7873
-3.78698
-3.78601
-3.78667
-3.78796
-3.78634
-3.78472
-3.78278
-3.78342
-3.78569
-3.78407
-3.78212
-3.7873
-3.78698
-3.78731
-3.78536
-3.78245
-3.7844
-3.78408
-3.7857
-3.7844
-3.78537
-3.78473
-3.78408
-3.78505
-3.78796
-3.78829
-3.78861
-3.78828
-3.78796
-3.78925
-3.78828
-3.78666
-3.78634
-3.78602
-3.78376
-3.78312
-3.78473
-3.787
-3.78958
-3.79054
-3.79152
-3.79055
-3.79055
-3.78797
-3.78668
-3.78733
-3.78668
-3.78603
-3.78634
-3.786
-3.78632
-3.78568
-3.78472
-3.78376
-3.7841
-3.78507
-3.78604
-3.78473
-3.78666
-3.78601
-3.78568
-3.78633
-3.78601
-3.78505
-3.78505
-3.78376
-3.78311
-3.78117
-3.78278
-3.7831
-3.78245
-3.78342
-3.78213
-3.78181
-3.78278
-3.78311
-3.78376
-3.78117
-3.78182
-3.78117
-3.78279
-3.78052
-3.78019
-3.77824
-3.78018
-3.78149
-3.78053
-3.78182
-3.78019
-3.77921
-3.77953
-3.78083
-3.78148
-3.78246
-3.78246
-3.78279
-3.78246
-3.7844
-3.78601
-3.78374
-3.78407
-3.78472
-3.78149
-3.78085
-3.78214
-3.78052
-3.78408
-3.78505
-3.78311
-3.78506
-3.78441
-3.78733
-3.78538
-3.78473
-3.78537
-3.78666
-3.78503
-3.78309
-3.78244
-3.78244
-3.7831
-3.78375
-3.78602
-3.78537
-3.78861
-3.78862
-3.78733
-3.7883
-3.78603
-3.78668
-3.78602
-3.78731
-3.78763
-3.78406
-3.78471
-3.78471
-3.78342
-3.78472
-3.7844
-3.78407
-3.78213
-3.78375
-3.7844
-3.78407
-3.78407
-3.7844
-3.78537
-3.78506
-3.78247
-3.78409
-3.78377
-3.78279
-3.78343
-3.78277
-3.78374
-3.78116
-3.7802
-3.78053
-3.77794
-3.77988
-3.7815
-3.78247
-3.78539
-3.78798
-3.78733
-3.78474
-3.78539
-3.78344
-3.78312
-3.78473
-3.78344
-3.78441
-3.78603
-3.787
-3.787
-3.78765
-3.78733
-3.78895
-3.78765
-3.78765
-3.7883
-3.78831
-3.78734
-3.78507
-3.78604
-3.78345
-3.78378
-3.78637
-3.78733
-3.78732
-3.78473
-3.78537
-3.7844
-3.78376
-3.78506
-3.78766
-3.78766
-3.78799
-3.78831
-3.78604
-3.78927
-3.78959
-3.79056
-3.79024
-3.78926
-3.79088
-3.78958
-3.78958
-3.78861
-3.79024
-3.78896
-3.78864
-3.7867
-3.78507
-3.78345
-3.78409
-3.78732
-3.78408
-3.78085
-3.78376
-3.78377
-3.7841
-3.78539
-3.78701
-3.78443
-3.78346
-3.78702
-3.78572
-3.78636
-3.78538
-3.78505
-3.78763
-3.78601
-3.78667
-3.78604
-3.78572
-3.78443
-3.78022
-3.78313
-3.78377
-3.78053
-3.78182
-3.78118
-3.78119
-3.78345
-3.7841
-3.78377
-3.78603
-3.787
-3.78668
-3.78538
-3.78474
-3.78474
-3.78571
-3.78667
-3.78571
-3.78539
-3.78604
-3.78507
-3.78799
-3.78572
-3.78734
-3.78636
-3.78474
-3.78539
-3.78603
-3.78603
-3.78668
-3.78959
-3.79088
-3.79088
-3.7883
-3.78733
-3.78734
-3.78734
-3.7867
-3.78702
-3.78734
-3.7841
-3.78377
-3.78409
-3.78343
-3.78538
-3.78473
-3.7844
-3.78505
-3.78473
-3.78538
-3.78733
-3.78927
-3.79089
-3.79057
-3.78895
-3.78928
-3.78928
-3.78895
-3.78765
-3.78538
-3.78635
-3.78732
-3.78862
-3.787
-3.78505
-3.78311
-3.78473
-3.78473
-3.7844
-3.78344
-3.7828
-3.7828
-3.78248
-3.78312
-3.78474
-3.78603
-3.78474
-3.78442
-3.78539
-3.78604
-3.78572
-3.78636
-3.78701
-3.78636
-3.78345
-3.78539
-3.78475
-3.78604
-3.78507
-3.78345
-3.78313
-3.78506
-3.78409
-3.7815
-3.78345
-3.78636
-3.78668
-3.78604
-3.78636
-3.78539
-3.78215
-3.78313
-3.78281
-3.78022
-3.78022
-3.78022
-3.78054
-3.78086
-3.78182
-3.78118
-3.7828
-3.78377
-3.78345
-3.7828
-3.78409
-3.78507
-3.7867
-3.78865
-3.78865
-3.78898
-3.78962
-3.79058
-3.78961
-3.78993
-3.78799
-3.78928
-3.7854
-3.7854
-3.78733
-3.78539
-3.78766
-3.7854
-3.78443
-3.78507
-3.78637
-3.7854
-3.78573
-3.78605
-3.7867
-3.78573
-3.78541
-3.78477
-3.78509
-3.78508
-3.78314
-3.78183
-3.78248
-3.78248
-3.78054
-3.78152
-3.78476
-3.78411
-3.78638
-3.78541
-3.78832
-3.78606
-3.78509
-3.78411
-3.78314
-3.78346
-3.78507
-3.78668
-3.78701
-3.78572
-3.78476
-3.78574
-3.78703
-3.78962
-3.78768
-3.78735
-3.78961
-3.79026
-3.78993
-3.78864
-3.78798
-3.78636
-3.78539
-3.78474
-3.78443
-3.78475
-3.78476
-3.788
-3.78574
-3.78348
-3.78088
-3.78087
-3.78152
-3.78119
-3.78248
-3.78183
-3.78183
-3.78151
-3.78183
-3.78119
-3.78119
-3.78152
-3.78217
-3.77991
-3.78282
-3.78346
-3.7841
-3.78377
-3.78669
-3.78799
-3.78832
-3.78703
-3.78833
-3.78704
-3.78736
-3.78703
-3.78638
-3.7854
-3.78475
-3.78605
-3.78508
-3.78573
-3.78379
-3.78444
-3.78121
-3.77861
-3.78217
-3.7799
-3.78184
-3.78152
-3.78282
-3.7825
-3.7838
-3.78444
-3.78574
-3.78638
-3.78669
-3.78572
-3.78702
-3.78605
-3.78671
-3.78833
-3.78768
-3.78477
-3.78315
-3.78152
-3.78054
-3.78312
-3.78247
-3.7841
-3.78346
-3.78347
-3.78444
-3.78444
-3.78509
-3.78412
-3.78573
-3.78509
-3.78379
-3.78541
-3.78606
-3.78541
-3.78508
-3.78346
-3.78314
-3.78411
-3.7867
-3.78703
-3.78703
-3.78768
-3.78573
-3.78509
-3.78218
-3.78477
-3.78542
-3.78477
-3.78574
-3.78411
-3.78087
-3.77925
-3.77957
-3.78022
-3.77958
-3.78121
-3.78122
-3.78284
-3.78283
-3.78347
-3.78411
-3.78216
-3.78346
-3.78476
-3.78315
-3.78283
-3.78154
-3.78186
-3.78412
-3.78541
-3.78347
-3.78347
-3.78508
-3.78605
-3.78604
-3.78281
-3.78054
-3.78281
-3.78347
-3.7838
-3.78445
-3.78283
-3.78379
-3.78443
-3.7828
-3.78443
-3.78476
-3.78508
-3.78443
-3.78378
-3.78346
-3.78248
-3.78281
-3.78184
-3.78216
-3.78055
-3.78282
-3.78186
-3.78153
-3.78153
-3.78282
-3.78799
-3.78475
-3.78475
-3.7854
-3.78508
-3.78184
-3.77795
-3.77892
-3.77795
-3.77537
-3.77796
-3.77829
-3.7812
-3.78022
-3.78054
-3.78086
-3.78313
-3.78346
-3.78217
-3.78251
-3.77992
-3.78186
-3.78282
-3.78249
-3.78507
-3.78475
-3.7854
-3.78637
-3.78702
-3.7867
-3.78573
-3.78962
-3.78865
-3.78897
-3.79091
-3.79123
-3.78897
-3.7867
-3.78832
-3.78703
-3.78509
-3.78509
-3.78411
-3.78217
-3.78217
-3.78152
-3.78249
-3.78249
-3.78346
-3.7854
-3.78411
-3.78217
-3.7812
-3.78023
-3.77925
-3.78216
-3.78152
-3.78153
-3.78186
-3.78381
-3.7851
-3.78606
-3.78185
-3.78282
-3.78411
-3.78444
-3.78736
-3.78606
-3.78639
-3.78735
-3.78476
-3.78314
-3.78216
-3.78217
-3.78217
-3.78088
-3.78218
-3.78348
-3.7838
-3.7825
-3.78217
-3.78314
-3.78411
-3.78282
-3.78508
-3.78412
-3.78445
-3.78283
-3.7825
-3.78574
-3.78412
-3.78379
-3.78411
-3.78185
-3.78314
-3.78476
-3.7825
-3.78283
-3.7825
-3.78186
-3.78088
-3.78218
-3.78412
-3.78347
-3.78152
-3.78314
-3.78411
-3.78282
-3.7825
-3.78023
-3.78088
-3.7838
-3.78347
-3.78379
-3.7854
-3.78572
-3.78508
-3.78541
-3.78509
-3.78379
-3.78249
-3.78249
-3.78313
-3.78312
-3.78247
-3.7828
-3.78312
-3.78377
-3.78636
-3.78345
-3.78313
-3.78216
-3.78249
-3.78281
-3.78151
-3.78377
-3.78474
-3.78571
-3.78636
-3.78701
-3.78637
-3.78475
-3.78443
-3.78443
-3.78346
-3.78507
-3.78312
-3.78312
-3.78118
-3.78053
-3.78151
-3.78217
-3.78218
-3.78542
-3.78833
-3.7893
-3.78897
-3.788
-3.78734
-3.78766
-3.78345
-3.7828
-3.78313
-3.78572
-3.78637
-3.7854
-3.7854
-3.78217
-3.78249
-3.78152
-3.78184
-3.78443
-3.78377
-3.78345
-3.78508
-3.78378
-3.78476
-3.7854
-3.78443
-3.78476
-3.78411
-3.78346
-3.78378
-3.7841
-3.78442
-3.7854
-3.78378
-3.78249
-3.78347
-3.78411
-3.78217
-3.78411
-3.78346
-3.7841
-3.7815
-3.78214
-3.78052
-3.78149
-3.77924
-3.77828
-3.7799
-3.78281
-3.78184
-3.78249
-3.78346
-3.78345
-3.78183
-3.78149
-3.77987
-3.78052
-3.77858
-3.78052
-3.78279
-3.78603
-3.78796
-3.78699
-3.78699
-3.78667
-3.787
-3.78636
-3.78474
-3.78475
-3.78604
-3.78474
-3.78409
-3.78377
-3.78474
-3.78474
-3.78345
-3.78345
-3.78442
-3.78474
-3.787
-3.78635
-3.78635
-3.78571
-3.7828
-3.78118
-3.78021
-3.78021
-3.77892
-3.78118
-3.78118
-3.78346
-3.78314
-3.78443
-3.78638
-3.78572
-3.78475
-3.78313
-3.7828
-3.78539
-3.78701
-3.78734
-3.79025
-3.78701
-3.78507
-3.78571
-3.78668
-3.78635
-3.78667
-3.78538
-3.78636
-3.78766
-3.7854
-3.78605
-3.78701
-3.78733
-3.78668
-3.78668
-3.7857
-3.78506
-3.78214
-3.78279
-3.7828
-3.78377
-3.78183
-3.78377
-3.78377
-3.78377
-3.78442
-3.78539
-3.78539
-3.78894
-3.78667
-3.78667
-3.78571
-3.78636
-3.78539
-3.78409
-3.78247
-3.78085
-3.77988
-3.78053
-3.7815
-3.77923
-3.77859
-3.78053
-3.78118
-3.78216
-3.78087
-3.78184
-3.78378
-3.78313
-3.78441
-3.78408
-3.78344
-3.78248
-3.78087
-3.78217
-3.78185
-3.7825
-3.78314
-3.78379
-3.78475
-3.78442
-3.78409
-3.78538
-3.78473
-3.78571
-3.78474
-3.78345
-3.7854
-3.78508
-3.78605
-3.78702
-3.78637
-3.7854
-3.78604
-3.78346
-3.78184
-3.78183
-3.78377
-3.78571
-3.78442
-3.78508
-3.78476
-3.78702
-3.78734
-3.78637
-3.78767
-3.78928
-3.78539
-3.78473
-3.7857
-3.78732
-3.78377
-3.78377
-3.78378
-3.78475
-3.78702
-3.7854
-3.78572
-3.78539
-3.78441
-3.7857
-3.78473
-3.78571
-3.7841
-3.78313
-3.78475
-3.7828
-3.78409
-3.78506
-3.78473
-3.78344
-3.7844
-3.78504
-3.78472
-3.78473
-3.78409
-3.78506
-3.78507
-3.78248
-3.78086
-3.78183
-3.78247
-3.78344
-3.78408
-3.78538
-3.78538
-3.7857
-3.78538
-3.78343
-3.78441
-3.78505
-3.78505
-3.78538
-3.78603
-3.78571
-3.78603
-3.78409
-3.78539
-3.78345
-3.78215
-3.78539
-3.78441
-3.78603
-3.7844
-3.78731
-3.78893
-3.78926
-3.78603
-3.78637
-3.78896
-3.78767
-3.78831
-3.78636
-3.78669
-3.78604
-3.78539
-3.78474
-3.78376
-3.78408
-3.78408
-3.78311
-3.78377
-3.78312
-3.78021
-3.78021
-3.7828
-3.7828
-3.78247
-3.7815
-3.78279
-3.78214
-3.78149
-3.78116
-3.78148
-3.7831
-3.78505
-3.78538
-3.78668
-3.78539
-3.7841
-3.78442
-3.7841
-3.78313
-3.78409
-3.78474
-3.78246
-3.78213
-3.78407
-3.78343
-3.78473
-3.78506
-3.78571
-3.78313
-3.78442
-3.7841
-3.7828
-3.7841
-3.78474
-3.78409
-3.78474
-3.78668
-3.78635
-3.787
-3.78635
-3.78635
-3.78636
-3.78766
-3.78961
-3.78734
-3.78669
-3.78409
-3.78602
-3.78667
-3.78537
-3.78634
-3.7857
-3.78279
-3.77922
-3.78116
-3.77858
-3.77988
-3.78054
-3.78216
-3.78281
-3.78378
-3.78702
-3.7854
-3.78766
-3.78959
-3.78926
-3.78893
-3.78731
-3.78731
-3.78634
-3.78408
-3.78149
-3.78441
-3.7828
-3.78248
-3.78378
-3.78443
-3.78507
-3.78377
-3.78441
-3.78635
-3.78537
-3.78538
-3.78376
-3.78279
-3.78344
-3.7828
-3.78441
-3.78247
-3.78539
-3.78279
-3.78376
-3.78376
-3.78441
-3.78474
-3.78442
-3.78441
-3.78377
-3.78442
-3.78603
-3.78344
-3.7857
-3.78505
-3.78569
-3.78407
-3.78504
-3.78473
-3.78635
-3.78376
-3.7815
-3.78118
-3.78053
-3.77989
-3.77697
-3.77859
-3.78021
-3.78021
-3.78053
-3.78053
-3.78182
-3.78182
-3.78344
-3.78344
-3.78409
-3.78571
-3.78636
-3.78637
-3.78669
-3.78604
-3.78345
-3.78313
-3.78377
-3.78344
-3.7844
-3.7844
-3.78214
-3.7815
-3.7815
-3.78183
-3.7828
-3.78183
-3.78215
-3.78473
-3.78375
-3.78245
-3.78116
-3.78084
-3.78052
-3.78052
-3.78052
-3.78376
-3.78505
-3.78539
-3.78442
-3.78604
-3.78539
-3.78506
-3.78441
-3.78278
-3.78181
-3.78051
-3.78052
-3.78182
-3.78538
-3.78345
-3.78474
-3.78475
-3.78345
-3.7841
-3.78377
-3.78473
-3.78537
-3.78602
-3.78602
-3.7828
-3.78215
-3.78151
-3.78345
-3.78636
-3.787
-3.78636
-3.78571
-3.78831
-3.78799
-3.78669
-3.78831
-3.78636
-3.78863
-3.78571
-3.78538
-3.78668
-3.78572
-3.78767
-3.78475
-3.78443
-3.78539
-3.78539
-3.78506
-3.78474
-3.78441
-3.78311
-3.78376
-3.78279
-3.78408
-3.7802
-3.77989
-3.78216
-3.78378
-3.78442
-3.7828
-3.78312
-3.78409
-3.78312
-3.7841
-3.78669
-3.78669
-3.78572
-3.78733
-3.78636
-3.78765
-3.78798
-3.78572
-3.78508
-3.78443
-3.78411
-3.78378
-3.78539
-3.78538
-3.78538
-3.78474
-3.78313
-3.78345
-3.78216
-3.78248
-3.78443
-3.78508
-3.78734
-3.78863
-3.78992
-3.78765
-3.78732
-3.78668
-3.78604
-3.78928
-3.7909
-3.79251
-3.79121
-3.7883
-3.78668
-3.78506
-3.78474
-3.78442
-3.78313
-3.78021
-3.78054
-3.78183
-3.78247
-3.78603
-3.78604
-3.78572
-3.78507
-3.78443
-3.7854
-3.78442
-3.78442
-3.78248
-3.7812
-3.78249
-3.77925
-3.77893
-3.77957
-3.78184
-3.78281
-3.7841
-3.78474
-3.78409
-3.7841
-3.78313
-3.78281
-3.78379
-3.78347
-3.78671
-3.78542
-3.78542
-3.78509
-3.78476
-3.78507
-3.78571
-3.78344
-3.78603
-3.78603
-3.78474
-3.7828
-3.78183
-3.78216
-3.78249
-3.78281
-3.78313
-3.78411
-3.78379
-3.78347
-3.78541
-3.7841
-3.78636
-3.78538
-3.78506
-3.78507
-3.78475
-3.78507
-3.78281
-3.78507
-3.78539
-3.7841
-3.78118
-3.77989
-3.78314
-3.78378
-3.78734
-3.78637
-3.78766
-3.78798
-3.78798
-3.78831
-3.78961
-3.78701
-3.78669
-3.78993
-3.7909
-3.78864
-3.79026
-3.78993
-3.78928
-3.78605
-3.7841
-3.78604
-3.78442
-3.78377
-3.78474
-3.78312
-3.78312
-3.7828
-3.78183
-3.78572
-3.78605
-3.78638
-3.78476
-3.78444
-3.78508
-3.78249
-3.78346
-3.78217
-3.78281
-3.78314
-3.78379
-3.78541
-3.78347
-3.78314
-3.78087
-3.78119
-3.78022
-3.77893
-3.77536
-3.77698
-3.77762
-3.77696
-3.77891
-3.78021
-3.78054
-3.78088
-3.78121
-3.78218
-3.78152
-3.78248
-3.78183
-3.78053
-3.77988
-3.78151
-3.78216
-3.78313
-3.78281
-3.78541
-3.78605
-3.78443
-3.78378
-3.78442
-3.78312
-3.78442
-3.78216
-3.78313
-3.78151
-3.78086
-3.78248
-3.78313
-3.78312
-3.7815
-3.78248
-3.78443
-3.78444
-3.78573
-3.78508
-3.78345
-3.78668
-3.78701
-3.78831
-3.78896
-3.78701
-3.78604
-3.78669
-3.78928
-3.78831
-3.78539
-3.78572
-3.78636
-3.78345
-3.78474
-3.78474
-3.78441
-3.78247
-3.78279
-3.78312
-3.7828
-3.78216
-3.78346
-3.78314
-3.78314
-3.78152
-3.78087
-3.78249
-3.78314
-3.78411
-3.7841
-3.78442
-3.78506
-3.78571
-3.78539
-3.78604
-3.78411
-3.78411
-3.78314
-3.78151
-3.78119
-3.78377
-3.78572
-3.78702
-3.78831
-3.78734
-3.78604
-3.78766
-3.78831
-3.78798
-3.78765
-3.78798
-3.79057
-3.79057
-3.78961
-3.78735
-3.78507
-3.78636
-3.787
-3.78764
-3.78862
-3.78959
-3.79025
-3.79252
-3.79382
-3.7922
-3.79025
-3.79089
-3.79025
-3.78798
-3.78733
-3.78798
-3.78992
-3.79025
-3.79316
-3.79122
-3.79089
-3.7896
-3.79187
-3.78928
-3.78701
-3.78766
-3.78733
-3.7857
-3.78571
-3.78701
-3.78604
-3.78572
-3.78864
-3.78735
-3.788
-3.78865
-3.7867
-3.78444
-3.78314
-3.78248
-3.78442
-3.78604
-3.78733
-3.78636
-3.78766
-3.78604
-3.78669
-3.78443
-3.78313
-3.78378
-3.78442
-3.78345
-3.78377
-3.78442
-3.7841
-3.78345
-3.78184
-3.78346
-3.7854
-3.78702
-3.78767
-3.78832
-3.788
-3.78638
-3.78573
-3.78703
-3.78767
-3.78766
-3.78507
-3.78475
-3.78087
-3.7812
-3.78314
-3.78249
-3.7841
-3.78507
-3.78377
-3.78313
-3.78249
-3.78379
-3.78542
-3.78542
-3.78703
-3.78929
-3.78962
-3.78962
-3.78864
-3.78864
-3.78897
-3.78833
-3.79028
-3.7906
-3.78963
-3.78735
-3.78637
-3.7854
-3.78572
-3.78444
-3.78412
-3.78574
-3.78445
-3.7838
-3.78218
-3.78282
-3.78346
-3.78314
-3.78248
-3.78313
-3.78249
-3.78443
-3.78508
-3.78476
-3.7854
-3.78444
-3.78541
-3.78606
-3.78508
-3.78346
-3.78442
-3.78637
-3.78605
-3.78767
-3.78767
-3.78638
-3.78736
-3.78865
-3.7893
-3.78832
-3.78605
-3.78345
-3.78345
-3.78249
-3.78379
-3.78509
-3.78541
-3.78606
-3.78703
-3.78606
-3.78606
-3.78573
-3.78541
-3.78476
-3.78638
-3.78767
-3.78735
-3.78606
-3.78444
-3.78574
-3.78704
-3.7851
-3.78445
-3.7838
-3.78348
-3.7851
-3.78445
-3.78218
-3.78348
-3.78251
-3.78187
-3.78122
-3.78218
-3.7825
-3.78249
-3.78314
-3.78412
-3.78413
-3.78349
-3.78252
-3.78413
-3.78154
-3.78381
-3.78381
-3.78348
-3.7838
-3.78348
-3.78348
-3.78379
-3.78541
-3.78542
-3.78737
-3.78543
-3.7877
-3.78673
-3.78607
-3.78607
-3.78639
-3.78671
-3.78509
-3.78606
-3.78769
-3.78575
-3.78607
-3.78574
-3.78736
-3.78672
-3.78477
-3.78704
-3.78347
-3.78185
-3.78088
-3.78218
-3.78478
-3.78445
-3.7851
-3.78478
-3.7851
-3.78348
-3.78348
-3.78413
-3.78704
-3.78671
-3.78671
-3.78541
-3.78671
-3.78769
-3.7864
-3.78705
-3.7864
-3.78543
-3.78413
-3.78445
-3.78445
-3.78477
-3.78348
-3.78446
-3.78381
-3.78251
-3.78154
-3.78057
-3.78154
-3.78251
-3.7809
-3.78187
-3.78349
-3.78284
-3.78251
-3.78444
-3.78411
-3.78477
-3.7851
-3.78543
-3.7877
-3.78737
-3.78769
-3.78478
-3.78284
-3.78316
-3.78219
-3.78219
-3.78025
-3.78089
-3.78024
-3.78445
-3.78542
-3.78574
-3.7851
-3.78445
-3.78348
-3.78251
-3.78316
-3.78348
-3.78219
-3.78445
-3.78478
-3.78348
-3.78316
-3.78219
-3.78155
-3.78252
-3.78155
-3.77992
-3.7796
-3.77993
-3.78317
-3.78252
-3.78381
-3.78251
-3.78218
-3.78153
-3.78348
-3.78316
-3.78122
-3.78219
-3.78284
-3.78155
-3.78317
-3.78544
-3.78511
-3.78673
-3.78607
-3.78898
-3.78736
-3.78736
-3.78769
-3.78899
-3.78414
-3.78479
-3.78317
-3.78284
-3.78316
-3.78445
-3.7838
-3.78348
-3.78477
-3.78575
-3.78607
-3.78477
-3.78575
-3.78574
-3.78445
-3.78445
-3.78219
-3.78089
-3.77991
-3.78185
-3.78347
-3.7812
-3.78249
-3.78314
-3.78347
-3.78315
-3.7838
-3.78153
-3.78024
-3.78121
-3.77895
-3.77895
-3.78316
-3.78283
-3.7838
-3.78509
-3.78542
-3.78315
-3.78316
-3.78316
-3.78251
-3.78316
-3.78413
-3.7838
-3.78445
-3.78575
-3.78511
-3.78608
-3.78543
-3.78542
-3.78704
-3.78639
-3.78477
-3.78866
-3.78736
-3.78769
-3.78575
-3.78382
-3.78382
-3.78252
-3.78187
-3.78349
-3.78445
-3.78445
-3.78477
-3.7838
-3.78509
-3.78607
-3.78543
-3.78413
-3.7851
-3.78834
-3.78704
-3.7851
-3.78607
-3.78769
-3.78672
-3.78413
-3.78348
-3.78284
-3.78122
-3.7809
-3.78058
-3.7809
-3.78186
-3.78219
-3.78575
-3.78673
-3.78447
-3.78447
-3.78706
-3.78705
-3.78446
-3.78478
-3.78478
-3.7851
-3.78543
-3.7838
-3.78315
-3.78284
-3.78284
-3.78382
-3.78641
-3.78771
-3.78641
-3.78576
-3.78317
-3.78349
-3.78218
-3.78282
-3.78282
-3.78217
-3.78445
-3.78348
-3.78446
-3.78544
-3.78771
-3.78771
-3.78674
-3.78835
-3.78835
-3.79028
-3.79223
-3.78996
-3.79029
-3.79061
-3.78899
-3.79158
-3.78899
-3.78867
-3.7877
-3.78834
-3.78672
-3.78315
-3.78315
-3.77992
-3.78089
-3.7822
-3.78285
-3.78124
-3.77994
-3.77993
-3.78058
-3.78187
-3.78122
-3.78252
-3.78446
-3.78478
-3.78381
-3.78154
-3.78284
-3.78317
-3.78446
-3.78252
-3.78187
-3.78025
-3.78186
-3.78121
-3.78316
-3.78155
-3.77993
-3.77928
-3.78057
-3.78024
-3.78347
-3.78056
-3.78251
-3.78187
-3.78284
-3.78511
-3.78349
-3.78251
-3.78348
-3.78445
-3.78316
-3.78477
-3.78316
-3.78348
-3.78348
-3.78317
-3.78512
-3.78609
-3.78415
-3.78544
-3.78834
-3.78704
-3.78606
-3.78541
-3.78542
-3.78607
-3.78672
-3.78575
-3.78543
-3.78575
-3.78607
-3.78834
-3.78801
-3.78736
-3.78833
-3.78801
-3.78672
-3.78672
-3.78607
-3.78834
-3.78769
-3.78801
-3.78866
-3.78704
-3.78801
-3.78671
-3.78509
-3.78509
-3.78638
-3.78671
-3.78768
-3.78638
-3.78574
-3.78574
-3.7825
-3.78218
-3.78379
-3.7825
-3.78314
-3.78509
-3.78509
-3.78509
-3.78509
-3.78574
-3.78801
-3.79028
-3.78931
-3.78929
-3.78604
-3.78604
-3.78377
-3.78346
-3.78444
-3.78671
-3.78737
-3.78834
-3.78672
-3.78412
-3.78315
-3.78346
-3.78637
-3.78605
-3.78443
-3.78216
-3.78281
-3.78185
-3.7812
-3.78218
-3.78089
-3.78316
-3.78478
-3.78673
-3.78542
-3.78703
-3.78704
-3.78382
-3.78284
-3.78219
-3.78283
-3.78348
-3.78639
-3.78801
-3.78833
-3.78704
-3.78542
-3.78477
-3.78574
-3.78834
-3.78769
-3.78705
-3.7864
-3.7851
-3.78574
-3.78088
-3.78089
-3.77895
-3.77927
-3.77798
-3.77862
-3.77894
-3.78024
-3.77927
-3.78121
-3.78121
-3.77927
-3.78154
-3.78186
-3.78154
-3.78057
-3.78186
-3.78089
-3.78121
-3.78444
-3.78444
-3.78347
-3.78121
-3.7809
-3.77702
-3.77929
-3.77994
-3.78122
-3.77992
-3.78251
-3.78348
-3.78607
-3.78866
-3.79027
-3.78897
-3.788
-3.78703
-3.78832
-3.7893
-3.78931
-3.7877
-3.7877
-3.789
-3.78706
-3.78641
-3.78737
-3.78608
-3.78736
-3.78508
-3.78572
-3.78541
-3.78542
-3.78414
-3.78576
-3.78641
-3.78447
-3.78544
-3.78641
-3.78414
-3.78608
-3.7851
-3.78575
-3.78575
-3.78704
-3.78963
-3.79027
-3.7906
-3.79157
-3.78996
-3.78834
-3.78931
-3.78802
-3.78672
-3.78316
-3.78024
-3.78315
-3.78121
-3.78024
-3.78089
-3.78089
-3.78153
-3.78444
-3.78767
-3.78703
-3.78703
-3.78736
-3.78705
-3.78543
-3.78479
-3.78414
-3.78478
-3.78575
-3.78672
-3.78865
-3.78735
-3.78442
-3.78442
-3.78443
-3.78217
-3.78282
-3.78477
-3.78445
-3.78413
-3.78802
-3.78704
-3.7851
-3.78542
-3.78509
-3.78347
-3.78217
-3.78119
-3.77893
-3.78088
-3.7838
-3.78542
-3.78607
-3.78639
-3.78704
-3.78768
-3.78833
-3.78963
-3.78963
-3.78802
-3.78802
-3.78511
-3.7864
-3.78738
-3.78738
-3.78672
-3.78672
-3.78802
-3.78672
-3.78801
-3.78703
-3.78703
-3.78963
-3.78867
-3.78932
-3.7877
-3.78705
-3.78802
-3.78801
-3.78801
-3.78767
-3.78832
-3.78702
-3.78897
-3.78898
-3.78607
-3.78575
-3.7864
-3.78543
-3.78575
-3.78574
-3.78574
-3.78477
-3.78542
-3.7838
-3.78185
-3.77991
-3.78218
-3.78121
-3.78153
-3.78089
-3.77993
-3.78316
-3.78381
-3.78543
-3.78704
-3.78801
-3.78704
-3.78542
-3.78509
-3.78347
-3.7838
-3.78444
-3.78574
-3.78801
-3.78704
-3.78575
-3.78446
-3.78413
-3.78446
-3.78672
-3.78963
-3.79125
-3.79093
-3.78898
-3.78995
-3.79124
-3.7893
-3.78865
-3.78769
-3.78543
-3.78446
-3.78253
-3.78318
-3.78576
-3.78641
-3.78673
-3.78511
-3.78315
-3.78314
-3.78345
-3.78411
-3.78251
-3.78413
-3.78543
-3.7864
-3.78705
-3.78672
-3.7851
-3.78543
-3.78543
-3.78445
-3.78477
-3.7851
-3.7825
-3.78088
-3.77926
-3.7812
-3.7799
-3.78023
-3.77894
-3.78056
-3.78121
-3.7812
-3.78152
-3.78282
-3.7812
-3.78347
-3.78185
-3.78088
-3.78153
-3.77959
-3.78153
-3.78217
-3.78216
-3.78217
-3.78282
-3.78186
-3.78251
-3.78186
-3.78251
-3.78218
-3.7812
-3.78055
-3.78184
-3.78152
-3.78606
-3.78832
-3.78573
-3.78573
-3.78346
-3.78411
-3.78541
-3.78703
-3.78995
-3.78865
-3.78833
-3.79156
-3.79188
-3.78993
-3.79091
-3.79188
-3.79124
-3.79027
-3.78866
-3.78769
-3.7864
-3.78542
-3.78347
-3.78185
-3.78218
-3.78121
-3.78284
-3.78349
-3.78478
-3.78445
-3.78445
-3.78509
-3.78282
-3.7838
-3.78606
-3.78639
-3.7851
-3.78445
-3.78412
-3.78185
-3.78055
-3.78055
-3.78087
-3.77958
-3.7812
-3.78217
-3.7812
-3.78087
-3.78249
-3.78378
-3.78314
-3.78411
-3.78606
-3.78541
-3.78509
-3.78412
-3.78573
-3.78411
-3.78476
-3.78573
-3.78346
-3.78379
-3.78411
-3.78703
-3.78509
-3.78606
-3.78379
-3.78379
-3.7838
-3.78477
-3.78477
-3.78251
-3.78219
-3.78283
-3.78217
-3.78379
-3.78313
-3.78507
-3.78573
-3.78509
-3.78509
-3.78639
-3.78574
-3.78703
-3.78865
-3.78929
-3.7867
-3.78476
-3.78444
-3.78638
-3.78671
-3.78768
-3.78865
-3.78735
-3.788
-3.78832
-3.788
-3.78605
-3.7867
-3.78573
-3.78444
-3.78218
-3.78121
-3.78218
-3.78346
-3.78378
-3.78248
-3.78313
-3.78313
-3.78314
-3.78476
-3.78444
-3.78412
-3.78541
-3.78346
-3.78119
-3.78184
-3.78378
-3.78313
-3.78087
-3.78054
-3.78313
-3.78313
-3.78313
-3.7841
-3.78476
-3.78411
-3.78541
-3.78476
-3.7854
-3.78735
-3.78767
-3.78864
-3.78702
-3.78767
-3.78832
-3.78767
-3.78702
-3.78863
-3.78701
-3.78701
-3.78474
-3.78345
-3.78378
-3.78184
-3.78346
-3.78151
-3.78248
-3.7828
-3.7828
-3.7815
-3.7802
-3.77987
-3.77922
-3.7789
-3.78182
-3.78279
-3.78344
-3.78345
-3.78247
-3.7828
-3.78312
-3.78344
-3.78603
-3.78765
-3.787
-3.78797
-3.78733
-3.78603
-3.78506
-3.78538
-3.78667
-3.78666
-3.78698
-3.78568
-3.78795
-3.78763
-3.78731
-3.78829
-3.78765
-3.78798
-3.78604
-3.78636
-3.78636
-3.78538
-3.7844
-3.78472
-3.78505
-3.78376
-3.78506
-3.78409
-3.78474
-3.78636
-3.78571
-3.78538
-3.78473
-3.78408
-3.78311
-3.78375
-3.78408
-3.78732
-3.787
-3.78764
-3.78699
-3.78926
-3.78927
-3.78701
-3.78668
-3.78474
-3.78474
-3.78474
-3.78377
-3.78183
-3.78021
-3.77858
-3.77858
-3.7789
-3.77825
-3.77792
-3.7776
-3.78052
-3.78247
-3.78086
-3.78216
-3.78508
-3.78313
-3.78539
-3.78506
-3.78538
-3.787
-3.7857
-3.78409
-3.78441
-3.78409
-3.78571
-3.78442
-3.78247
-3.78118
-3.78021
-3.78085
-3.78084
-3.78085
-3.78215
-3.78248
-3.78572
-3.78734
-3.78896
-3.78766
-3.78896
-3.78701
-3.7854
-3.7867
-3.7854
-3.78442
-3.78474
-3.78343
-3.7844
-3.78635
-3.78668
-3.78733
-3.78831
-3.78896
-3.78669
-3.78733
-3.78927
-3.78895
-3.7883
-3.78732
-3.78765
-3.78829
-3.79056
-3.78861
-3.78861
-3.78893
-3.78829
-3.78505
-3.78441
-3.78474
-3.78442
-3.78507
-3.78507
-3.78441
-3.78311
-3.78408
-3.78505
-3.78602
-3.78731
-3.7857
-3.78506
-3.78603
-3.78279
-3.78149
-3.78278
-3.78214
-3.78441
-3.78506
-3.78312
-3.78538
-3.78603
-3.78603
-3.78538
-3.78603
-3.78376
-3.78344
-3.78247
-3.78052
-3.78182
-3.77988
-3.78214
-3.78311
-3.78214
-3.78213
-3.78148
-3.78051
-3.78117
-3.7815
-3.78377
-3.78248
-3.78474
-3.78409
-3.78247
-3.78311
-3.78375
-3.78439
-3.78375
-3.78343
-3.78213
-3.78084
-3.78117
-3.78182
-3.78312
-3.78441
-3.78441
-3.78376
-3.78182
-3.78118
-3.77892
-3.7773
-3.77892
-3.77632
-3.77631
-3.77889
-3.78116
-3.78278
-3.78473
-3.78635
-3.78441
-3.78474
-3.78571
-3.78377
-3.78151
-3.78248
-3.78474
-3.78376
-3.78408
-3.78408
-3.78505
-3.78602
-3.78634
-3.78181
-3.77987
-3.7789
-3.77729
-3.77664
-3.77567
-3.77794
-3.77891
-3.77957
-3.77892
-3.77988
-3.77988
-3.78214
-3.78085
-3.78312
-3.78312
-3.78572
-3.78766
-3.7883
-3.78668
-3.78473
-3.7857
-3.78506
-3.78474
-3.78539
-3.7828
-3.78281
-3.78313
-3.78474
-3.78474
-3.78798
-3.78669
-3.78539
-3.78507
-3.78345
-3.78216
-3.78054
-3.78119
-3.78151
-3.77988
-3.77923
-3.78182
-3.78182
-3.78376
-3.78215
-3.77955
-3.78214
-3.78247
-3.78183
-3.78248
-3.78216
-3.78443
-3.78669
-3.78701
-3.787
-3.78797
-3.78732
-3.78603
-3.78539
-3.78507
-3.78474
-3.78312
-3.7815
-3.78312
-3.78409
-3.78344
-3.78474
-3.78409
-3.7857
-3.78538
-3.78408
-3.78569
-3.78537
-3.78764
-3.78635
-3.78571
-3.78668
-3.78863
-3.7896
-3.78571
-3.7857
-3.78602
-3.78829
-3.78538
-3.78344
-3.78409
-3.78442
-3.78507
-3.78377
-3.78506
-3.78441
-3.78214
-3.78084
-3.77987
-3.77987
-3.77859
-3.77795
-3.77924
-3.78021
-3.78021
-3.78215
-3.78215
-3.7802
-3.77956
-3.78312
-3.78409
-3.78571
-3.78571
-3.78473
-3.78279
-3.78247
-3.7815
-3.78052
-3.78116
-3.78148
-3.78115
-3.78147
-3.78083
-3.78084
-3.78149
-3.78344
-3.78248
-3.78182
-3.78085
-3.7802
-3.78182
-3.7844
-3.78375
-3.78407
-3.78472
-3.78506
-3.78667
-3.78732
-3.78732
-3.78733
-3.78798
-3.78798
-3.78862
-3.787
-3.78344
-3.78149
-3.78375
-3.78213
-3.78374
-3.78503
-3.78276
-3.78212
-3.78019
-3.78246
-3.78279
-3.78408
-3.78407
-3.78439
-3.78374
-3.78147
-3.78018
-3.77986
-3.7831
-3.78569
-3.7886
-3.7899
-3.78763
-3.78505
-3.7844
-3.78278
-3.78278
-3.78375
-3.78407
-3.78504
-3.78569
-3.78569
-3.78407
-3.7844
-3.78149
-3.77858
-3.77955
-3.77793
-3.78116
-3.78148
-3.78051
-3.77824
-3.77986
-3.77954
-3.7805
-3.7818
-3.78277
-3.78407
-3.78408
-3.78473
-3.78214
-3.78117
-3.7802
-3.77923
-3.7802
-3.77923
-3.78019
-3.78116
-3.78148
-3.78051
-3.77987
-3.78085
-3.78084
-3.78246
-3.78213
-3.78181
-3.78116
-3.78052
-3.78117
-3.78182
-3.78505
-3.7857
-3.78505
-3.78505
-3.78344
-3.78344
-3.78215
-3.77956
-3.78118
-3.78215
-3.78247
-3.78247
-3.78571
-3.78376
-3.78408
-3.78505
-3.78472
-3.78407
-3.78601
-3.78731
-3.78699
-3.78668
-3.78474
-3.78474
-3.78441
-3.787
-3.787
-3.78668
-3.78538
-3.78408
-3.78408
-3.7844
-3.78796
-3.78666
-3.78698
-3.78633
-3.78634
-3.78473
-3.78408
-3.78442
-3.78474
-3.787
-3.78667
-3.78634
-3.78633
-3.78405
-3.78567
-3.78567
-3.7847
-3.786
-3.78374
-3.78342
-3.78213
-3.78051
-3.78246
-3.78279
-3.78376
-3.78441
-3.7844
-3.78537
-3.7873
-3.78601
-3.78602
-3.78862
-3.79056
-3.78797
-3.7883
-3.78603
-3.78473
-3.78537
-3.78537
-3.78601
-3.78439
-3.78407
-3.78343
-3.78408
-3.78441
-3.78474
-3.78441
-3.7857
-3.78666
-3.78472
-3.78601
-3.78245
-3.7831
-3.7831
-3.78245
-3.78213
-3.78213
-3.78376
-3.78311
-3.78375
-3.7844
-3.78343
-3.78181
-3.78117
-3.78149
-3.78408
-3.78602
-3.7857
-3.7857
-3.78408
-3.78505
-3.787
-3.78797
-3.78602
-3.78699
-3.78472
-3.78635
-3.78635
-3.78571
-3.78636
-3.78346
-3.78507
-3.78312
-3.78441
-3.7857
-3.78699
-3.78634
-3.78894
-3.78829
-3.787
-3.78733
-3.7883
-3.78733
-3.7883
-3.78636
-3.78862
-3.78828
-3.78698
-3.78634
-3.78635
-3.78571
-3.78863
-3.78701
-3.78669
-3.78603
-3.787
-3.78538
-3.78538
-3.78635
-3.78667
-3.78733
-3.78636
-3.78636
-3.78701
-3.78732
-3.78958
-3.78828
-3.78796
-3.78893
-3.79023
-3.78732
-3.78959
-3.78797
-3.79024
-3.79088
-3.78959
-3.78959
-3.78958
-3.78731
-3.78601
-3.78568
-3.78537
-3.7844
-3.78312
-3.78377
-3.78248
-3.78183
-3.78085
-3.77956
-3.77923
-3.78247
-3.7828
-3.7841
-3.78249
-3.78508
-3.78637
-3.78571
-3.78408
-3.78311
-3.78215
-3.78216
-3.78378
-3.78638
-3.78897
-3.79026
-3.79026
-3.78735
-3.788
-3.78735
-3.78767
-3.78864
-3.78508
-3.78475
-3.78314
-3.78314
-3.78573
-3.7867
-3.78832
-3.78637
-3.78572
-3.78572
-3.7867
-3.78572
-3.7854
-3.78573
-3.78573
-3.78638
-3.78476
-3.78508
-3.78476
-3.78508
-3.78639
-3.7851
-3.78639
-3.78704
-3.78606
-3.78574
-3.78606
-3.78768
-3.78574
-3.78477
-3.78541
-3.78443
-3.78767
-3.78637
-3.78702
-3.78703
-3.78639
-3.78737
-3.78736
-3.78768
-3.78574
-3.78865
-3.78897
-3.78671
-3.78477
-3.78412
-3.78509
-3.78574
-3.78541
-3.78509
-3.78508
-3.78703
-3.78541
-3.78412
-3.78153
-3.7812
-3.77991
-3.78055
-3.78217
-3.78217
-3.78153
-3.78283
-3.78348
-3.78866
-3.78768
-3.78864
-3.78734
-3.78605
-3.78508
-3.78412
-3.78444
-3.7838
-3.78412
-3.78379
-3.78185
-3.78152
-3.78153
-3.78023
-3.77764
-3.77699
-3.77829
-3.77828
-3.7773
-3.77795
-3.77794
-3.77762
-3.77893
-3.78023
-3.7838
-3.78413
-3.7851
-3.78477
-3.7838
-3.78347
-3.78379
-3.78249
-3.78281
-3.78022
-3.78022
-3.7799
-3.7812
-3.7812
-3.7825
-3.78089
-3.78283
-3.78412
-3.78476
-3.78508
-3.78508
-3.78476
-3.78541
-3.78605
-3.78734
-3.78508
-3.78638
-3.78574
-3.78542
-3.78315
-3.78282
-3.7825
-3.78282
-3.78477
-3.78315
-3.78218
-3.78023
-3.77958
-3.77861
-3.77699
-3.77958
-3.77893
-3.77991
-3.78024
-3.78251
-3.78155
-3.78284
-3.78154
-3.78186
-3.7838
-3.78121
-3.78186
-3.77991
-3.78153
-3.78217
-3.78314
-3.78412
-3.78542
-3.78574
-3.78671
-3.78379
-3.78315
-3.78412
-3.78348
-3.78477
-3.78315
-3.78445
-3.78379
-3.78444
-3.78573
-3.78573
-3.78508
-3.78314
-3.78379
-3.78412
-3.78477
-3.78509
-3.78282
-3.78315
-3.7838
-3.78348
-3.78381
-3.7851
-3.78477
-3.78477
-3.788
-3.78768
-3.78703
-3.78412
-3.78379
-3.78541
-3.78736
-3.78672
-3.78704
-3.7864
-3.78801
-3.78866
-3.788
-3.78767
-3.78735
-3.78735
-3.78639
-3.78477
-3.78704
-3.78575
-3.78381
-3.78381
-3.78413
-3.78315
-3.78315
-3.78704
-3.78931
-3.78769
-3.78608
-3.78673
-3.78641
-3.78511
-3.78348
-3.7838
-3.78413
-3.78348
-3.78412
-3.78186
-3.78089
-3.78283
-3.78445
-3.78576
-3.78705
-3.78932
-3.78933
-3.78997
-3.79029
-3.79029
-3.79287
-3.79093
-3.78995
-3.78866
-3.78768
-3.78639
-3.78607
-3.78705
-3.78544
-3.78544
-3.78576
-3.78544
-3.78479
-3.78576
-3.78478
-3.78639
-3.78864
-3.78896
-3.78833
-3.78899
-3.78932
-3.7903
-3.79062
-3.789
-3.78802
-3.78639
-3.78638
-3.78605
-3.78702
-3.78702
-3.78508
-3.78509
-3.78639
-3.78477
-3.78348
-3.7838
-3.78412
-3.78639
-3.78542
-3.78606
-3.78736
-3.78768
-3.78638
-3.7867
-3.78605
-3.78444
-3.78542
-3.78736
-3.7851
-3.78607
-3.78671
-3.78476
-3.78767
-3.788
-3.78864
-3.78865
-3.78866
-3.78801
-3.78834
-3.78704
-3.78444
-3.7825
-3.78347
-3.78476
-3.78444
-3.7867
-3.78671
-3.788
-3.78671
-3.78737
-3.7851
-3.78639
-3.78735
-3.78832
-3.78929
-3.78799
-3.78637
-3.78637
-3.78508
-3.78638
-3.78639
-3.78768
-3.78607
-3.78639
-3.78411
-3.78216
-3.78216
-3.78312
-3.78312
-3.78506
-3.7841
-3.78734
-3.78929
-3.78898
-3.78931
-3.79125
-3.78963
-3.78865
-3.78735
-3.78605
-3.78442
-3.78409
-3.78442
-3.78475
-3.7854
-3.78606
-3.78638
-3.78639
-3.78476
-3.78606
-3.78573
-3.78507
-3.78344
-3.78441
-3.78603
-3.78701
-3.78766
-3.78831
-3.78896
-3.78993
-3.78928
-3.78831
-3.78604
-3.78637
-3.78831
-3.78862
-3.78668
-3.7857
-3.787
-3.7883
-3.78636
-3.78636
-3.78572
-3.78379
-3.78477
-3.78509
-3.78282
-3.78443
-3.78475
-3.78604
-3.78604
-3.78798
-3.78766
-3.78734
-3.78669
-3.78669
-3.78702
-3.78799
-3.78701
-3.7828
-3.78021
-3.78086
-3.78216
-3.78216
-3.78443
-3.7854
-3.78799
-3.7896
-3.78895
-3.78992
-3.78668
-3.78669
-3.7867
-3.78573
-3.78378
-3.78605
-3.7867
-3.78605
-3.78378
-3.78183
-3.78539
-3.78409
-3.78279
-3.78214
-3.77923
-3.78053
-3.7815
-3.78215
-3.7828
-3.78248
-3.7841
-3.78313
-3.78476
-3.78541
-3.78573
-3.78541
-3.78508
-3.78281
-3.78377
-3.78441
-3.78571
-3.78603
-3.78733
-3.78668
-3.78635
-3.78376
-3.78345
-3.78346
-3.78346
-3.78605
-3.78573
-3.7854
-3.78572
-3.78669
-3.78669
-3.78539
-3.78474
-3.78733
-3.78798
-3.7883
-3.78895
-3.78636
-3.78669
-3.78378
-3.7841
-3.78442
-3.78571
-3.78667
-3.78602
-3.78538
-3.78376
-3.78507
-3.78378
-3.78379
-3.78508
-3.7867
-3.78572
-3.78053
-3.7815
-3.78053
-3.78183
-3.78247
-3.78247
-3.78279
-3.78246
-3.78085
-3.7802
-3.78086
-3.78151
-3.78119
-3.78216
-3.78216
-3.78313
-3.78248
-3.78247
-3.78214
-3.78149
-3.78085
-3.7802
-3.77988
-3.78086
-3.78215
-3.78345
-3.78539
-3.7854
-3.78378
-3.78346
-3.78378
-3.78312
-3.78311
-3.78246
-3.7844
-3.78182
-3.78409
-3.78182
-3.78183
-3.78377
-3.7828
-3.78216
-3.78216
-3.78183
-3.78118
-3.78344
-3.78214
-3.78376
-3.78441
-3.78313
-3.78378
-3.78314
-3.78605
-3.78411
-3.78378
-3.78313
-3.7815
-3.78442
-3.78345
-3.78507
-3.78701
-3.78734
-3.78637
-3.7867
-3.78571
-3.78279
-3.78376
-3.78539
-3.78636
-3.78572
-3.78636
-3.7883
-3.78474
-3.78279
-3.78279
-3.78279
-3.78311
-3.78311
-3.78344
-3.78571
-3.78636
-3.78441
-3.78409
-3.78571
-3.78571
-3.7854
-3.7854
-3.78411
-3.78508
-3.78831
-3.78863
-3.78572
-3.78572
-3.78377
-3.78248
-3.78215
-3.7841
-3.78442
-3.78313
-3.78313
-3.78216
-3.78346
-3.78313
-3.78313
-3.78507
-3.78377
-3.78474
-3.78248
-3.78184
-3.78152
-3.78184
-3.78281
-3.7841
-3.78377
-3.78507
-3.78409
-3.78538
-3.78603
-3.78668
-3.78701
-3.78637
-3.78541
-3.78282
-3.78444
-3.78639
-3.78768
-3.78736
-3.78508
-3.78508
-3.78541
-3.78638
-3.78541
-3.78573
-3.78703
-3.78832
-3.78865
-3.79091
-3.78993
-3.79025
-3.78734
-3.78671
-3.78866
-3.78932
-3.78802
-3.78801
-3.78801
-3.78476
-3.78378
-3.78313
-3.78216
-3.78055
-3.77829
-3.78153
-3.78088
-3.78088
-3.78023
-3.78184
-3.78217
-3.78022
-3.78023
-3.77926
-3.78153
-3.7825
-3.78152
-3.78087
-3.77893
-3.78087
-3.7825
-3.78217
-3.78153
-3.78282
-3.7812
-3.78345
-3.78442
-3.78376
-3.78539
-3.7854
-3.7867
-3.78607
-3.78737
-3.78672
-3.78445
-3.78153
-3.7812
-3.78314
-3.78184
-3.78054
-3.78087
-3.78152
-3.78249
-3.78314
-3.78346
-3.78346
-3.78249
-3.78605
-3.78541
-3.78476
-3.78379
-3.78574
-3.78606
-3.78411
-3.7854
-3.78507
-3.78476
-3.78574
-3.78607
-3.7851
-3.78381
-3.78412
-3.78347
-3.78412
-3.78346
-3.78379
-3.78314
-3.78412
-3.78509
-3.78348
-3.78509
-3.78315
-3.78219
-3.78478
-3.7851
-3.78121
-3.78153
-3.77927
-3.7783
-3.77797
-3.78056
-3.77959
-3.78154
-3.78284
-3.78349
-3.78542
-3.78575
-3.78381
-3.78284
-3.78349
-3.78154
-3.78024
-3.78121
-3.78153
-3.78121
-3.7838
-3.78283
-3.78121
-3.78218
-3.78316
-3.78348
-3.78478
-3.78413
-3.78574
-3.78249
-3.78411
-3.78282
-3.78315
-3.78316
-3.78284
-3.78381
-3.7838
-3.78283
-3.78088
-3.78121
-3.78251
-3.78445
-3.78575
-3.78477
-3.78574
-3.78736
-3.78575
-3.78381
-3.78445
-3.78639
-3.78801
-3.78801
-3.78736
-3.78832
-3.78735
-3.78508
-3.78347
-3.7838
-3.78414
-3.78382
-3.78479
-3.78414
-3.7864
-3.78705
-3.78607
-3.78672
-3.78607
-3.78542
-3.78542
-3.78607
-3.78608
-3.78771
-3.78739
-3.78414
-3.78543
-3.78446
-3.78607
-3.7851
-3.7838
-3.78413
-3.78219
-3.78284
-3.78188
-3.78285
-3.78254
-3.78351
-3.78513
-3.78577
-3.78447
-3.78512
-3.78253
-3.78317
-3.78381
-3.78413
-3.78381
-3.78382
-3.78253
-3.78189
-3.78286
-3.78286
-3.78351
-3.78319
-3.78384
-3.78319
-3.78319
-3.78156
-3.78123
-3.78155
-3.78251
-3.78478
-3.78479
-3.78512
-3.78642
-3.78642
-3.78706
-3.78803
-3.78738
-3.78706
-3.78705
-3.78673
-3.78414
-3.78446
-3.78447
-3.78447
-3.78448
-3.78643
-3.78643
-3.78546
-3.78319
-3.78286
-3.78253
-3.78187
-3.78252
-3.78252
-3.78187
-3.78317
-3.78252
-3.78317
-3.78382
-3.78349
-3.78446
-3.78284
-3.78285
-3.78026
-3.78026
-3.77928
-3.7809
-3.78251
-3.78284
-3.78414
-3.78415
-3.78544
-3.78383
-3.78448
-3.78512
-3.78285
-3.78026
-3.7796
-3.7796
-3.78349
-3.78446
-3.78608
-3.7877
-3.78867
-3.78835
-3.78867
-3.79062
-3.78933
-3.78771
-3.78707
-3.78706
-3.78642
-3.78641
-3.78706
-3.78673
-3.78706
-3.78511
-3.78511
-3.78446
-3.78479
-3.78479
-3.78318
-3.7848
-3.78383
-3.78092
-3.77995
-3.78221
-3.78091
-3.78284
-3.7851
-3.78802
-3.78705
-3.78706
-3.78706
-3.78544
-3.78479
-3.78382
-3.78284
-3.78317
-3.78349
-3.78576
-3.78512
-3.7822
-3.78317
-3.78381
-3.78348
-3.78575
-3.78575
-3.7851
-3.78414
-3.78479
-3.78673
-3.7877
-3.78932
-3.7903
-3.789
-3.78997
-3.78964
-3.78835
-3.7877
-3.78769
-3.78802
-3.78607
-3.78575
-3.78543
-3.7877
-3.78997
-3.78868
-3.78641
-3.78641
-3.7864
-3.78608
-3.78575
-3.78543
-3.7864
-3.7864
-3.78349
-3.7809
-3.78253
-3.78188
-3.78091
-3.7822
-3.78382
-3.78252
-3.78349
-3.78252
-3.78413
-3.78284
-3.78284
-3.78382
-3.78414
-3.78382
-3.78447
-3.78382
-3.78318
-3.78253
-3.78512
-3.78609
-3.789
-3.78543
-3.78705
-3.78737
-3.78964
-3.78964
-3.78931
-3.78705
-3.78478
-3.78446
-3.78641
-3.78641
-3.78609
-3.78641
-3.78706
-3.78803
-3.78835
-3.78673
-3.78738
-3.78673
-3.78544
-3.78479
-3.78576
-3.78738
-3.78641
-3.78738
-3.79028
-3.78801
-3.78607
-3.7864
-3.78705
-3.78479
-3.78285
-3.78091
-3.78026
-3.7809
-3.78123
-3.78155
-3.7809
-3.78187
-3.77992
-3.7809
-3.78122
-3.78252
-3.78252
-3.78123
-3.78479
-3.78608
-3.78704
-3.78736
-3.78736
-3.78704
-3.78608
-3.78738
-3.79029
-3.78802
-3.78867
-3.78673
-3.78738
-3.78867
-3.78964
-3.78899
-3.79125
-3.79222
-3.7919
-3.79158
-3.78835
-3.789
-3.78933
-3.79127
-3.7903
-3.78965
-3.78997
-3.79062
-3.78964
-3.789
-3.79126
-3.7903
-3.78868
-3.78868
-3.78803
-3.78609
-3.78544
-3.78576
-3.78609
-3.78479
-3.78447
-3.78738
-3.78673
-3.78867
-3.78835
-3.78705
-3.78737
-3.79029
-3.78932
-3.789
-3.78577
-3.78253
-3.78286
-3.78415
-3.78545
-3.78513
-3.78383
-3.78351
-3.78642
-3.78577
-3.78965
-3.78965
-3.79159
-3.79257
-3.78836
-3.78803
-3.78771
-3.78965
-3.78901
-3.78902
-3.78935
-3.78837
-3.78739
-3.7861
-3.78577
-3.78447
-3.7835
-3.78253
-3.78512
-3.78576
-3.78382
-3.7835
-3.78415
-3.7835
-3.78512
-3.78511
-3.78284
-3.7809
-3.78026
-3.7822
-3.7835
-3.78383
-3.78221
-3.78286
-3.78254
-3.78545
-3.78641
-3.78576
-3.78608
-3.78672
-3.78478
-3.78478
-3.78543
-3.7835
-3.78674
-3.78512
-3.78642
-3.78512
-3.78414
-3.78252
-3.78285
-3.78382
-3.78447
-3.78479
-3.78284
-3.78316
-3.7838
-3.78348
-3.78284
-3.78317
-3.78317
-3.78577
-3.78415
-3.78221
-3.78382
-3.78285
-3.78156
-3.78383
-3.78351
-3.78609
-3.78642
-3.78447
-3.78091
-3.77993
-3.77863
-3.77733
-3.78186
-3.78283
-3.78154
-3.78252
-3.78123
-3.78026
-3.78027
-3.77833
-3.78059
-3.77928
-3.78057
-3.78089
-3.78024
-3.7809
-3.78253
-3.78253
-3.78286
-3.78091
-3.78155
-3.78283
-3.78251
-3.78348
-3.78316
-3.7835
-3.7835
-3.78318
-3.78221
-3.78156
-3.78414
-3.78317
-3.78478
-3.78607
-3.7851
-3.78575
-3.7864
-3.78446
-3.78414
-3.78381
-3.78576
-3.78414
-3.7877
-3.78673
-3.78479
-3.78641
-3.78673
-3.78543
-3.7864
-3.78672
-3.78576
-3.78738
-3.78544
-3.78674
-3.78544
-3.78543
-3.78608
-3.78705
-3.78835
-3.78803
-3.78965
-3.78997
-3.79127
-3.78835
-3.78932
-3.78868
-3.7877
-3.78835
-3.78867
-3.78997
-3.78672
-3.78607
-3.78542
-3.78834
-3.78801
-3.78575
-3.78543
-3.78575
-3.7851
-3.78445
-3.78575
-3.78575
-3.78834
-3.7864
-3.78608
-3.78575
-3.78445
-3.78316
-3.78445
-3.78283
-3.78349
-3.78252
-3.78188
-3.78382
-3.78381
-3.78478
-3.78542
-3.78737
-3.78446
-3.78414
-3.7851
-3.78477
-3.78186
-3.7812
-3.78088
-3.78153
-3.78219
-3.78349
-3.78511
-3.78511
-3.78445
-3.78509
-3.78574
-3.78574
-3.78574
-3.78543
-3.78641
-3.78641
-3.7848
-3.78479
-3.78382
-3.78576
-3.78705
-3.78575
-3.78737
-3.78575
-3.78511
-3.78479
-3.78446
-3.78478
-3.78445
-3.78218
-3.78186
-3.78316
-3.78316
-3.78219
-3.77992
-3.78122
-3.78187
-3.78478
-3.78575
-3.78478
-3.78575
-3.78672
-3.78931
-3.78672
-3.78867
-3.78899
-3.78833
-3.78898
-3.78801
-3.78575
-3.78607
-3.78543
-3.78706
-3.78544
-3.78415
-3.78382
-3.78576
-3.78607
-3.78477
-3.78379
-3.78574
-3.78412
-3.78575
-3.7864
-3.78609
-3.78641
-3.78577
-3.78544
-3.7848
-3.78707
-3.78641
-3.78479
-3.7838
-3.78347
-3.78573
-3.78477
-3.78445
-3.78187
-3.78284
-3.78511
-3.78445
-3.78477
-3.7838
-3.78477
-3.78575
-3.78769
-3.78704
-3.78703
-3.78703
-3.78703
-3.78962
-3.78897
-3.78735
-3.78412
-3.78282
-3.78249
-3.78281
-3.78411
-3.78411
-3.78152
-3.78346
-3.78541
-3.78573
-3.78703
-3.78768
-3.78606
-3.78412
-3.78347
-3.78283
-3.78412
-3.78445
-3.78704
-3.78703
-3.78508
-3.78378
-3.78151
-3.78216
-3.78217
-3.78347
-3.78413
-3.78607
-3.7864
-3.78867
-3.78932
-3.79158
-3.7919
-3.79092
-3.79221
-3.79189
-3.79286
-3.79124
-3.79157
-3.78833
-3.78768
-3.78639
-3.78543
-3.78316
-3.78284
-3.78057
-3.78219
-3.78154
-3.78153
-3.78153
-3.7825
-3.78379
-3.78509
-3.78509
-3.78476
-3.78443
-3.78443
-3.78573
-3.788
-3.78962
-3.78995
-3.78962
-3.78962
-3.79156
-3.79026
-3.78994
-3.78961
-3.78864
-3.78864
-3.79026
-3.79058
-3.78961
-3.78994
-3.78865
-3.78671
-3.78251
-3.78315
-3.78185
-3.78217
-3.78281
-3.78119
-3.78216
-3.78217
-3.78476
-3.78413
-3.78446
-3.78413
-3.78543
-3.78348
-3.78412
-3.7854
-3.78378
-3.78346
-3.78378
-3.78444
-3.78607
-3.78542
-3.78251
-3.78413
-3.78283
-3.78315
-3.78412
-3.78541
-3.78444
-3.78509
-3.78542
-3.78478
-3.7864
-3.78445
-3.78347
-3.78217
-3.78282
-3.78282
-3.78121
-3.78121
-3.78088
-3.7812
-3.78152
-3.78152
-3.78281
-3.78249
-3.78217
-3.78348
-3.78575
-3.78575
-3.78575
-3.78542
-3.78185
-3.78055
-3.78185
-3.78346
-3.78477
-3.78607
-3.78412
-3.78542
-3.78509
-3.78508
-3.78508
-3.7867
-3.78734
-3.7867
-3.78476
-3.78573
-3.78606
-3.78508
-3.78378
-3.78605
-3.7867
-3.78767
-3.78573
-3.78508
-3.78411
-3.78153
-3.7812
-3.78185
-3.78249
-3.77957
-3.78087
-3.78217
-3.78379
-3.78411
-3.78411
-3.78638
-3.78541
-3.78314
-3.78346
-3.7854
-3.78476
-3.7854
-3.78509
-3.78444
-3.7838
-3.7851
-3.7838
-3.7838
-3.78736
-3.78477
-3.78574
-3.78444
-3.78282
-3.78346
-3.78508
-3.78476
-3.78573
-3.78411
-3.78347
-3.78444
-3.78639
-3.78607
-3.78607
-3.7893
-3.78671
-3.78541
-3.788
-3.78864
-3.79059
-3.79059
-3.78897
-3.78961
-3.78929
-3.7893
-3.79092
-3.7893
-3.78994
-3.78767
-3.78799
-3.78864
-3.78898
-3.78931
-3.78801
-3.78963
-3.78769
-3.78315
-3.78573
-3.78249
-3.78346
-3.78573
-3.78217
-3.7812
-3.78217
-3.78153
-3.78185
-3.78509
-3.78574
-3.78703
-3.78671
-3.78704
-3.78866
-3.78705
-3.78446
-3.78413
-3.78251
-3.7851
-3.78639
-3.78348
-3.78607
-3.78639
-3.78607
-3.78477
-3.78444
-3.78769
-3.78834
-3.789
-3.78868
-3.789
-3.78964
-3.78704
-3.78833
-3.78509
-3.78639
-3.78769
-3.78738
-3.78835
-3.78868
-3.7877
-3.789
-3.78867
-3.78802
-3.78769
-3.78672
-3.78769
-3.78704
-3.7864
-3.7877
-3.78705
-3.78834
-3.78575
-3.7851
-3.78963
-3.78769
-3.78996
-3.79061
-3.79061
-3.78964
-3.7864
-3.7864
-3.78477
-3.78444
-3.78216
-3.78249
-3.78315
-3.78251
-3.78284
-3.78479
-3.78737
-3.78575
-3.78477
-3.78573
-3.78573
-3.78509
-3.78445
-3.7864
-3.78608
-3.78511
-3.78576
-3.78607
-3.78638
-3.78638
-3.78606
-3.78704
-3.78478
-3.78413
-3.78445
-3.78574
-3.78542
-3.78607
-3.78445
-3.78542
-3.78541
-3.78541
-3.78347
-3.78379
-3.7838
-3.78315
-3.78283
-3.78316
-3.78252
-3.78349
-3.78219
-3.78347
-3.78411
-3.78184
-3.78151
-3.78151
-3.78022
-3.78055
-3.78185
-3.78024
-3.77862
-3.77927
-3.77927
-3.78121
-3.78153
-3.78283
-3.78088
-3.78184
-3.78313
-3.78281
-3.78313
-3.78573
-3.78735
-3.78573
-3.78379
-3.78379
-3.78671
-3.78574
-3.78412
-3.77958
-3.7825
-3.78023
-3.78184
-3.78152
-3.78185
-3.78153
-3.78056
-3.77991
-3.78314
-3.78022
-3.78411
-3.78508
-3.78605
-3.788
-3.78735
-3.78799
-3.78767
-3.78572
-3.7854
-3.78509
-3.78444
-3.78412
-3.78283
-3.78477
-3.78541
-3.78509
-3.7854
-3.78313
-3.7828
-3.7841
-3.78539
-3.78766
-3.78735
-3.78508
-3.78379
-3.78315
-3.78089
-3.77863
-3.7783
-3.77862
-3.77894
-3.78152
-3.78184
-3.78314
-3.78411
-3.78346
-3.78217
-3.78185
-3.77991
-3.77959
-3.78251
-3.78186
-3.78088
-3.78152
-3.78313
-3.78216
-3.78216
-3.78217
-3.7812
-3.78088
-3.78023
-3.78088
-3.7812
-3.77991
-3.77894
-3.77894
-3.77893
-3.77894
-3.78056
-3.78283
-3.78445
-3.78413
-3.78477
-3.78443
-3.78442
-3.78506
-3.78539
-3.78669
-3.78767
-3.78703
-3.78477
-3.78315
-3.78315
-3.78412
-3.78379
-3.78703
-3.78896
-3.79058
-3.7922
-3.79123
-3.78896
-3.78896
-3.78897
-3.78962
-3.79059
-3.79027
-3.78929
-3.78864
-3.78864
-3.7909
-3.78928
-3.78443
-3.78475
-3.78541
-3.78314
-3.78249
-3.78314
-3.78379
-3.7825
-3.78411
-3.78541
-3.78606
-3.78541
-3.78541
-3.78411
-3.78378
-3.78313
-3.78443
-3.78443
-3.78378
-3.78443
-3.78281
-3.78217
-3.78217
-3.78217
-3.78185
-3.78573
-3.78314
-3.78378
-3.78313
-3.78248
-3.78183
-3.78183
-3.78151
-3.7828
-3.78572
-3.78702
-3.78863
-3.78831
-3.78831
-3.78637
-3.78702
-3.78605
-3.78702
-3.78669
-3.78734
-3.78571
-3.78732
-3.78667
-3.78732
-3.78635
-3.78765
-3.7883
-3.78862
-3.78895
-3.78927
-3.79057
-3.78992
-3.79025
-3.78992
-3.78959
-3.78797
-3.78927
-3.787
-3.78602
-3.78505
-3.78797
-3.78506
-3.78636
-3.78441
-3.78473
-3.78343
-3.78213
-3.78213
-3.78181
-3.78148
-3.78084
-3.78246
-3.7831
-3.78408
-3.78602
-3.78537
-3.7844
-3.78473
-3.78312
-3.78376
-3.78376
-3.787
-3.78926
-3.78893
-3.78925
-3.78893
-3.78796
-3.78764
-3.78958
-3.79121
-3.79088
-3.78797
-3.78635
-3.78667
-3.78537
-3.78343
-3.78149
-3.78538
-3.78474
-3.7857
-3.78505
-3.78407
-3.78342
-3.78504
-3.78374
-3.78375
-3.78182
-3.78247
-3.78475
-3.78378
-3.78119
-3.78248
-3.78474
-3.78571
-3.78506
-3.78602
-3.78602
-3.7844
-3.7844
-3.78375
-3.78343
-3.78214
-3.78085
-3.78085
-3.78117
-3.7802
-3.78246
-3.78246
-3.78278
-3.78342
-3.78342
-3.78536
-3.78374
-3.78277
-3.7818
-3.77889
-3.77825
-3.78019
-3.78213
-3.78213
-3.7831
-3.78277
-3.78503
-3.78438
-3.78406
-3.78601
-3.78569
-3.78537
-3.78407
-3.78569
-3.78439
-3.78504
-3.7831
-3.78083
-3.7818
-3.78276
-3.78245
-3.78018
-3.78051
-3.77954
-3.78018
-3.77986
-3.78309
-3.78309
-3.78374
-3.78245
-3.78278
-3.78278
-3.78376
-3.78537
-3.78505
-3.78376
-3.78408
-3.78246
-3.78311
-3.78376
-3.78344
-3.78311
-3.78505
-3.78667
-3.78666
-3.78569
-3.78569
-3.78472
-3.78506
-3.78571
-3.78345
-3.78378
-3.78313
-3.78442
-3.78376
-3.78214
-3.78182
-3.78311
-3.78441
-3.78376
-3.78441
-3.78506
-3.78474
-3.78669
-3.78573
-3.7854
-3.78507
-3.78409
-3.78279
-3.78117
-3.78084
-3.77987
-3.78052
-3.78214
-3.78376
-3.78376
-3.78345
-3.78118
-3.77957
-3.78021
-3.77989
-3.78053
-3.78085
-3.77955
-3.78084
-3.78343
-3.78343
-3.787
-3.78409
-3.7841
-3.78767
-3.79058
-3.78928
-3.78572
-3.78506
-3.78409
-3.78376
-3.78506
-3.78571
-3.7828
-3.78247
-3.78409
-3.78571
-3.78474
-3.78539
-3.7841
-3.78442
-3.78538
-3.78312
-3.78214
-3.78441
-3.78409
-3.78669
-3.78539
-3.78507
-3.78346
-3.78508
-3.78573
-3.7867
-3.78508
-3.7828
-3.78441
-3.78408
-3.78344
-3.78442
-3.78507
-3.7854
-3.78572
-3.78605
-3.7854
-3.78475
-3.78475
-3.78313
-3.78281
-3.78313
-3.78183
-3.78378
-3.7841
-3.7841
-3.7854
-3.78475
-3.78378
-3.78345
-3.78442
-3.78475
-3.78475
-3.78508
-3.78314
-3.78184
-3.78345
-3.78215
-3.78604
-3.7841
-3.7854
-3.78476
-3.78444
-3.78444
-3.78411
-3.78314
-3.78281
-3.78507
-3.78475
-3.78443
-3.78443
-3.78637
-3.78637
-3.78702
-3.78669
-3.78733
-3.78603
-3.78506
-3.78475
-3.78475
-3.7854
-3.7867
-3.78831
-3.78701
-3.78701
-3.78539
-3.78572
-3.7854
-3.7854
-3.7841
-3.78507
-3.78151
-3.78151
-3.77827
-3.78248
-3.78281
-3.78151
-3.77925
-3.77893
-3.7812
-3.77925
-3.78054
-3.78086
-3.7841
-3.7841
-3.7867
-3.7854
-3.78249
-3.78152
-3.78216
-3.7854
-3.78539
-3.78734
-3.78766
-3.78702
-3.7854
-3.78573
-3.78379
-3.78378
-3.7854
-3.78474
-3.78538
-3.78214
-3.78408
-3.78473
-3.787
-3.78636
-3.78572
-3.78701
-3.78701
-3.78669
-3.78766
-3.78765
-3.78571
-3.78668
-3.78604
-3.78799
-3.78669
-3.78799
-3.78669
-3.78701
-3.78928
-3.78701
-3.78507
-3.78443
-3.78443
-3.78378
-3.78411
-3.78411
-3.78378
-3.78475
-3.78409
-3.78312
-3.78344
-3.78183
-3.78216
-3.78378
-3.78411
-3.78412
-3.78121
-3.78315
-3.78379
-3.78184
-3.78377
-3.78409
-3.78149
-3.78052
-3.78248
-3.78313
-3.78411
-3.78282
-3.77862
-3.77959
-3.77959
-3.7812
-3.7812
-3.78088
-3.78055
-3.78249
-3.78022
-3.77893
-3.77667
-3.7799
-3.78088
-3.78185
-3.78379
-3.78508
-3.78929
-3.788
-3.78865
-3.78833
-3.78672
-3.78801
-3.78639
-3.78736
-3.78768
-3.78767
-3.78961
-3.78766
-3.78863
-3.78831
-3.78864
-3.78768
-3.78865
-3.78736
-3.78736
-3.78638
-3.78573
-3.78378
-3.7841
-3.78572
-3.7841
-3.78637
-3.78572
-3.78702
-3.78734
-3.79059
-3.78898
-3.78704
-3.78639
-3.78574
-3.78541
-3.78573
-3.78476
-3.78444
-3.78509
-3.78444
-3.78508
-3.78346
-3.78281
-3.78507
-3.78605
-3.78638
-3.78671
-3.78607
-3.78574
-3.78736
-3.78638
-3.78605
-3.7867
-3.78767
-3.78573
-3.78606
-3.78574
-3.78704
-3.78672
-3.78478
-3.78542
-3.78671
-3.78638
-3.78412
-3.78347
-3.78316
-3.78478
-3.78446
-3.78446
-3.78412
-3.78476
-3.78347
-3.78186
-3.78349
-3.78641
-3.78738
-3.78705
-3.78445
-3.78283
-3.78541
-3.78638
-3.78865
-3.78703
-3.78639
-3.78446
-3.78543
-3.78511
-3.78575
-3.7838
-3.78444
-3.78541
-3.78638
-3.7867
-3.78605
-3.78605
-3.78573
-3.78509
-3.78542
-3.78833
-3.78477
-3.78574
-3.78703
-3.78605
-3.78734
-3.78605
-3.78606
-3.78509
-3.7838
-3.78347
-3.78315
-3.78249
-3.78411
-3.78605
-3.78509
-3.78218
-3.78315
-3.78477
-3.78477
-3.78477
-3.78508
-3.7854
-3.78508
-3.78799
-3.78766
-3.78637
-3.78507
-3.78508
-3.78476
-3.78508
-3.78508
-3.78347
-3.78444
-3.78509
-3.7838
-3.7825
-3.7812
-3.78249
-3.78313
-3.78086
-3.78152
-3.78217
-3.7825
-3.78315
-3.78315
-3.78315
-3.78379
-3.78444
-3.78508
-3.78507
-3.78474
-3.78215
-3.78313
-3.78378
-3.78087
-3.77991
-3.78185
-3.78088
-3.78282
-3.78509
-3.78541
-3.78281
-3.78313
-3.78215
-3.78214
-3.78279
-3.78247
-3.7841
-3.7841
-3.78216
-3.78346
-3.78313
-3.78443
-3.78346
-3.78411
-3.78508
-3.78573
-3.78637
-3.78507
-3.7854
-3.78701
-3.78733
-3.78765
-3.7883
-3.78766
-3.78669
-3.78604
-3.78669
-3.78377
-3.78118
-3.78053
-3.78279
-3.78377
-3.78344
-3.78312
-3.78281
-3.77989
-3.78184
-3.78216
-3.78183
-3.78216
-3.78377
-3.78441
-3.78312
-3.78572
-3.78508
-3.78411
-3.78378
-3.78281
-3.78345
-3.78345
-3.78539
-3.78344
-3.78377
-3.78539
-3.78572
-3.78411
-3.78379
-3.78605
-3.78897
-3.78799
-3.7883
-3.7896
-3.78894
-3.78894
-3.78798
-3.78701
-3.78799
-3.78832
-3.78928
-3.78733
-3.78603
-3.78635
-3.78538
-3.78733
-3.78765
-3.78571
-3.78473
-3.78765
-3.78766
-3.78637
-3.78475
-3.78605
-3.78378
-3.78118
-3.78441
-3.78214
-3.78279
-3.78247
-3.78377
-3.7841
-3.78346
-3.78217
-3.78087
-3.78281
-3.78346
-3.78281
-3.78312
-3.78343
-3.78472
-3.78569
-3.78635
-3.78539
-3.78637
-3.78831
-3.78993
-3.78798
-3.78895
-3.78668
-3.78895
-3.78895
-3.78798
-3.78895
-3.78669
-3.78507
-3.78539
-3.78507
-3.78281
-3.77925
-3.77957
-3.78118
-3.78182
-3.78116
-3.78246
-3.78246
-3.78312
-3.78378
-3.78249
-3.78346
-3.7841
-3.78248
-3.78118
-3.78345
-3.7841
-3.78377
-3.78571
-3.78539
-3.78603
-3.78377
-3.78215
-3.78183
-3.78378
-3.7841
-3.78345
-3.78313
-3.78572
-3.78734
-3.78572
-3.78604
-3.78539
-3.78346
-3.78313
-3.78248
-3.78313
-3.78249
-3.78054
-3.78249
-3.78184
-3.78054
-3.78021
-3.78215
-3.78248
-3.7841
-3.78314
-3.78735
-3.7867
-3.78476
-3.78314
-3.7841
-3.78474
-3.7815
-3.78441
-3.78344
-3.78215
-3.78086
-3.7828
-3.78604
-3.78733
-3.78733
-3.78539
-3.78604
-3.78572
-3.78507
-3.78443
-3.78216
-3.78183
-3.78151
-3.7828
-3.78118
-3.78248
-3.78021
-3.78378
-3.78604
-3.78539
-3.78636
-3.78668
-3.78441
-3.78377
-3.78151
-3.78151
-3.78248
-3.78054
-3.78021
-3.78053
-3.7828
-3.78377
-3.7828
-3.78085
-3.78118
-3.78086
-3.78054
-3.78216
-3.78087
-3.77925
-3.78054
-3.78086
-3.78182
-3.7815
-3.78345
-3.78377
-3.78572
-3.7854
-3.78573
-3.788
-3.78734
-3.78669
-3.78798
-3.78733
-3.78603
-3.78668
-3.78635
-3.78441
-3.78312
-3.78215
-3.78313
-3.78345
-3.78475
-3.78378
-3.78184
-3.7854
-3.78604
-3.78151
-3.78021
-3.7802
-3.7815
-3.7815
-3.78571
-3.78733
-3.78733
-3.7883
-3.78733
-3.78636
-3.78863
-3.78863
-3.78799
-3.78573
-3.78508
-3.78605
-3.78378
-3.78474
-3.78343
-3.78343
-3.78343
-3.78376
-3.7815
-3.78216
-3.78054
-3.78249
-3.78313
-3.78345
-3.78182
-3.78214
-3.78051
-3.78278
-3.78311
-3.78442
-3.78378
-3.78281
-3.78313
-3.78604
-3.78701
-3.78604
-3.78668
-3.78603
-3.78798
-3.78409
-3.78538
-3.787
-3.78602
-3.78603
-3.78474
-3.78442
-3.78443
-3.78378
-3.78669
-3.78702
-3.79026
-3.78929
-3.78929
-3.78799
-3.7867
-3.78605
-3.78379
-3.78443
-3.78314
-3.78314
-3.78281
-3.78443
-3.78346
-3.78249
-3.78217
-3.78153
-3.78315
-3.78348
-3.78542
-3.78541
-3.78444
-3.78313
-3.78248
-3.78118
-3.78119
-3.78185
-3.78413
-3.78349
-3.78219
-3.78414
-3.78705
-3.78704
-3.78865
-3.78799
-3.78605
-3.78638
-3.78573
-3.78347
-3.78412
-3.78638
-3.78735
-3.7867
-3.7867
-3.78574
-3.78834
-3.78672
-3.78671
-3.78574
-3.78704
-3.78542
-3.78348
-3.78056
-3.78088
-3.78218
-3.78218
-3.78121
-3.78185
-3.78055
-3.78249
-3.78119
-3.78217
-3.78283
-3.78445
-3.78737
-3.78899
-3.78705
-3.7864
-3.78672
-3.78607
-3.78541
-3.78605
-3.78508
-3.78379
-3.78282
-3.78348
-3.78057
-3.78089
-3.78121
-3.77927
-3.78121
-3.78122
-3.78252
-3.78576
-3.78576
-3.78576
-3.78833
-3.79026
-3.78929
-3.78736
-3.78608
-3.78576
-3.78609
-3.78608
-3.78446
-3.78511
-3.78511
-3.78317
-3.7822
-3.78155
-3.78348
-3.78348
-3.78283
-3.78316
-3.78219
-3.7809
-3.78317
-3.78543
-3.78382
-3.78349
-3.78188
-3.78253
-3.78317
-3.78285
-3.78317
-3.78608
-3.78382
-3.78479
-3.78705
-3.78608
-3.78608
-3.78511
-3.78479
-3.78284
-3.7822
-3.7809
-3.7822
-3.78285
-3.78091
-3.78189
-3.7806
-3.78157
-3.78254
-3.78156
-3.78317
-3.78252
-3.78414
-3.78382
-3.78576
-3.78512
-3.78642
-3.78415
-3.78448
-3.78351
-3.78254
-3.7874
-3.78837
-3.7874
-3.7874
-3.78966
-3.78771
-3.78835
-3.78642
-3.78707
-3.78611
-3.78643
-3.78513
-3.78124
-3.78189
-3.78318
-3.78416
-3.78546
-3.78449
-3.78675
-3.78383
-3.78383
-3.78545
-3.78545
-3.78546
-3.7874
-3.78838
-3.7887
-3.79162
-3.79064
-3.79161
-3.79064
-3.79161
-3.78966
-3.79128
-3.78999
-3.78934
-3.79291
-3.79032
-3.78644
-3.78417
-3.78223
-3.78352
-3.78254
-3.7848
-3.78609
-3.78576
-3.78641
-3.78771
-3.78642
-3.78675
-3.78643
-3.78513
-3.7861
-3.78545
-3.78481
-3.78319
-3.78319
-3.78158
-3.78222
-3.78319
-3.78285
-3.7822
-3.78026
-3.77994
-3.7835
-3.78319
-3.78319
-3.7832
-3.78223
-3.78126
-3.78125
-3.78221
-3.78318
-3.78447
-3.78641
-3.78674
-3.78707
-3.78869
-3.7887
-3.78902
-3.78902
-3.78935
-3.79032
-3.79129
-3.79064
-3.79225
-3.78868
-3.78771
-3.78836
-3.78739
-3.78675
-3.78546
-3.7861
-3.7861
-3.78707
-3.78739
-3.78966
-3.78999
-3.78707
-3.78675
