2.07998
2.10086
2.13358
2.16792
2.19521
2.21143
2.2177
2.21727
2.21062
2.19465
2.16748
2.13207
2.09478
2.06184
2.03717
2.02286
2.0203
2.03005
2.0504
2.07751
2.10661
2.13269
2.14997
2.15217
2.13499
2.09847
2.0473
1.98918
1.93297
1.88784
1.86241
1.86334
1.89243
1.94468
2.00992
2.07664
2.13523
2.17957
2.20704
2.21751
2.21227
2.19363
2.16524
2.13243
2.10047
2.0716
2.04354
2.01157
1.97266
1.92851
1.88539
1.85316
1.8439
1.86844
1.93059
2.02331
2.13106
2.23621
2.32475
2.38865
2.42514
2.43497
2.42072
2.38595
2.33479
2.27171
2.20131
2.12917
2.06282
2.01105
1.98063
1.97214
1.97803
1.98631
1.98797
1.98254
1.97713
1.98004
1.99397
2.01478
2.03589
2.05295
2.06599
2.07809
2.09281
2.11273
2.13906
2.17124
2.20548
2.23456
2.25056
2.24938
2.23348
2.20961
2.18466
2.16249
2.14393
2.12864
2.11712
2.11038
2.10833
2.10938
2.11127
2.11153
2.10694
2.09368
2.0683
2.02965
1.98088
1.92957
1.88613
1.85985
1.85499
1.86959
1.89749
1.93205
1.96815
2.00258
2.03338
2.05922
2.07893
2.09244
2.10238
2.11383
2.13129
2.15468
2.17828
2.1938
2.19617
2.18624
2.16922
2.15097
2.13463
2.12004
2.10498
2.08762
2.06794
2.04854
2.03369
2.02693
2.02921
2.03848
2.0509
2.06225
2.06932
2.0711
2.06923
2.06777
2.07155
2.08404
2.10587
2.13516
2.16912
2.20458
2.23717
2.26114
2.27101
2.26444
2.24347
2.21372
2.18216
2.15493
2.13482
2.12052
2.10782
2.09195
2.0705
2.04561
2.02411
2.01391
2.01808
2.0315
2.04456
2.04969
2.04509
2.03441
2.02389
2.01961
2.02573
2.04373
2.07151
2.10291
2.12965
2.14529
2.14892
2.14475
2.13775
2.12861
2.11248
2.08353
2.04241
1.99817
1.96263
1.94397
1.94529
1.96567
2.00092
2.04465
2.09037
2.1336
2.17248
2.2063
2.23355
2.2512
2.25607
2.24751
2.22855
2.20486
2.18219
2.16388
2.14947
2.13556
2.11776
2.09304
2.0609
2.02308
1.98326
1.94687
1.92134
1.91506
1.93337
1.97446
2.02973
2.08926
2.14639
2.19824
2.24329
2.27962
2.30444
2.31457
2.30703
2.27974
2.23279
2.17002
2.10033
2.03552
1.98553
1.9543
1.94026
1.94012
1.95128
1.97191
2.00022
2.03424
2.0716
2.1092
2.14306
2.16882
2.1826
2.18136
2.163
2.12628
2.07163
2.00361
1.9329
1.87509
1.84482
1.84796
1.87938
1.92754
1.981
2.03184
2.07565
2.11052
2.13615
2.15345
2.16399
2.16965
2.17225
2.17311
2.17361
2.17584
2.18276
2.19706
2.21925
2.2456
2.26781
2.27602
2.26324
2.22756
2.17283
2.1081
2.04668
2.00345
1.98814
1.99981
2.02884
2.06404
2.09765
2.1247
2.14116
2.14392
2.13264
2.11133
2.08776
2.07069
2.06662
2.07763
2.1011
2.13025
2.15578
2.16879
2.16349
2.13948
2.10266
2.06452
2.0383
2.03225
2.04377
2.06039
2.06736
2.0547
2.02063
1.9721
1.92307
1.88919
1.88102
1.90081
1.94413
2.00222
2.06409
2.11901
2.15933
2.18195
2.18769
2.1803
2.16475
2.14536
2.12517
2.10748
2.0979
2.10327
2.12664
2.16366
2.20498
2.24171
2.26875
2.28404
2.28662
2.2752
2.24911
2.21033
2.16439
2.11857
2.07961
2.05287
2.04231
2.04899
2.06935
2.09611
2.12223
2.14436
2.16364
2.18324
2.20523
2.22964
2.25497
2.27834
2.29527
2.29968
2.28571
2.25036
2.19502
2.12461
2.04641
1.96965
1.90464
1.86042
1.84233
1.85174
1.88741
1.94585
2.02008
2.09929
2.17076
2.22257
2.24643
2.23912
2.20449
2.15393
2.10256
2.06109
2.03177
2.01178
1.99819
1.98947
1.98492
1.9839
1.98552
1.98917
1.99516
2.00528
2.02321
2.0528
2.09606
2.15197
2.21596
2.28044
2.33521
2.36821
2.36737
2.3234
2.23402
2.11006
1.97759
1.86714
1.79631
1.76783
1.77792
1.81925
1.88067
1.94987
2.01702
2.07716
2.12972
2.17519
2.21191
2.23576
2.24299
2.23216
2.2043
2.16283
2.11353
2.06444
2.02474
2.00293
2.00424
2.02809
2.06751
2.11218
2.15327
2.18578
2.20809
2.22
2.22135
2.21265
2.19584
2.17304
2.14344
2.10374
2.05405
2.00271
1.96295
1.94445
1.9478
1.96641
1.99241
2.0207
2.05007
2.0826
2.12149
2.16838
2.22067
2.27124
2.31179
2.33751
2.34903
2.34953
2.3418
2.32668
2.30372
2.27179
2.23025
2.18015
2.12537
2.07236
2.02853
1.99907
1.98458
1.98132
1.98408
1.98913
1.99497
2.00048
2.00353
2.00207
1.99637
1.98993
1.98794
1.99393
2.00754
2.02446
2.03902
2.04752
2.05049
2.05216
2.05747
2.0688
2.08516
2.10376
2.12193
2.13825
2.15269
2.1659
2.17814
2.18851
2.19467
2.19358
2.18254
2.16035
2.12767
2.08658
2.04054
1.99527
1.95992
1.94553
1.95856
1.99345
2.0342
2.06442
2.07614
2.07247
2.06299
2.05518
2.04868
2.03814
2.02012
1.99743
1.97937
1.97817
2.00112
2.044
2.09253
2.13167
2.15307
2.15545
2.14128
2.1142
2.07895
2.04275
2.01521
2.00581
2.01993
2.05705
2.11223
2.17905
2.25072
2.3189
2.37301
2.402
2.39762
2.35686
2.28314
2.18729
2.08815
2.00946
1.97151
1.97952
2.0206
2.07292
2.1177
2.14508
2.15386
2.14782
2.13038
2.10195
2.06273
2.0182
1.98011
1.96147
1.96894
1.99869
2.03945
2.07971
2.11269
2.1371
2.1548
2.16804
2.17735
2.18179
2.18099
2.17599
2.16808
2.15718
2.14226
2.12377
2.1057
2.09401
2.09158
2.09469
2.09569
2.08879
2.07424
2.05931
2.0543
2.06572
2.09367
2.13492
2.18408
2.23272
2.27134
2.29266
2.2927
2.27135
2.23256
2.18258
2.12606
2.06343
1.99436
1.92836
1.88814
1.88634
1.90643
1.92381
1.92921
1.92783
1.92948
1.94144
1.96476
1.99448
2.02191
2.03918
2.04522
2.04894
2.06227
2.08782
2.11811
2.14406
2.15874
2.15727
2.13862
2.10754
2.07397
2.04959
2.04387
2.06138
2.10101
2.1563
2.2166
2.2696
2.30513
2.31775
2.30732
2.27772
2.23529
2.18697
2.13905
2.09627
2.06208
2.03836
2.02466
2.01978
2.02511
2.04322
2.07313
2.10854
2.14041
2.16125
2.16805
2.16342
2.15415
2.14818
2.15057
2.16065
2.1725
2.17869
2.17564
2.16791
2.16551
2.17417
2.18898
2.19943
2.1981
2.18399
2.16103
2.13494
2.11117
2.0921
2.07556
2.05632
2.03126
2.00503
1.98876
1.98968
2.00323
2.01839
2.02659
2.02393
2.00981
1.98612
1.95697
1.92821
1.90696
1.90069
1.91501
1.94944
1.99432
2.03529
2.06222
2.07475
2.08017
2.08701
2.10013
2.12021
2.1448
2.16958
2.19048
2.20553
2.21518
2.22109
2.2242
2.22447
2.22172
2.21626
2.20877
2.1996
2.18946
2.18059
2.17697
2.18194
2.19493
2.21084
2.22253
2.22365
2.20994
2.17946
2.13243
2.07202
2.00501
1.94124
1.89104
1.86233
1.85837
1.87781
1.91616
1.96751
2.02509
2.08138
2.1293
2.16456
2.18732
2.2008
2.20758
2.20752
2.19942
2.1837
2.16261
2.13869
2.11487
2.09549
2.08629
2.09236
2.1142
2.14562
2.17667
2.19863
2.20746
2.20391
2.19156
2.17405
2.15296
2.1274
2.09552
2.05623
2.01204
1.97019
1.94094
1.93142
1.94123
1.96463
1.99574
2.03013
2.06413
2.09441
2.11798
2.13217
2.13426
2.12166
2.09287
2.04915
1.99563
1.941
1.89585
1.8696
1.86733
1.88783
1.92427
1.9666
2.00452
2.0304
2.04128
2.03934
2.03099
2.0243
2.02563
2.03787
2.06085
2.09315
2.13295
2.17706
2.21958
2.25311
2.27193
2.27507
2.26714
2.25581
2.24785
2.24572
2.2468
2.24525
2.23499
2.21261
2.17917
2.14029
2.10421
2.07877
2.06831
2.07262
2.08828
2.10971
2.13053
2.14577
2.15355
2.1557
2.15635
2.15887
2.16377
2.16834
2.16885
2.16275
2.14981
2.132
2.1121
2.09147
2.06963
2.0463
2.02303
2.00163
1.98158
1.95994
1.93377
1.90365
1.87538
1.85924
1.86606
1.90148
1.96155
2.03365
2.10234
2.15572
2.18872
2.2034
2.20682
2.20775
2.21279
2.22402
2.2391
2.25283
2.25948
2.25431
2.23469
2.20192
2.16206
2.12408
2.09552
2.07911
2.07368
2.07645
2.08466
2.09665
2.11239
2.13212
2.15324
2.17022
2.1781
2.17603
2.16618
2.15083
2.1307
2.1055
2.07565
2.04427
2.01822
2.00607
2.01322
2.03746
2.06935
2.09718
2.11282
2.11426
2.10413
2.08701
2.06833
2.0542
2.05057
2.06002
2.0788
2.09757
2.10579
2.09683
2.0705
2.03186
1.9884
1.94743
1.91418
1.8905
1.8752
1.8663
1.86385
1.87056
1.89049
1.92704
1.98122
2.05052
2.12864
2.20636
2.27313
2.31919
2.33747
2.32539
2.28545
2.22507
2.15512
2.0863
2.0252
1.97471
1.93746
1.91699
1.91544
1.9321
1.9638
2.00725
2.06076
2.12358
2.19237
2.26001
2.31779
2.35872
2.37914
2.37888
2.36007
2.32601
2.27971
2.22397
2.16266
2.10133
2.04648
2.00375
1.97552
1.95837
1.94478
1.9288
1.91058
1.89678
1.89703
1.91816
1.95944
2.01152
2.06107
2.09735
2.11609
2.11925
2.1128
2.10424
2.10088
2.10847
2.12904
2.1593
2.19098
2.21402
2.22088
2.20911
2.18192
2.14669
2.11199
2.08501
2.06938
2.06502
2.06911
2.07784
2.08805
2.09765
2.10565
2.11121
2.1136
2.11269
2.10957
2.10644
2.1064
2.11268
2.127
2.14822
2.17276
2.1963
2.21498
2.22547
2.22581
2.21709
2.20376
2.19087
2.18059
2.17142
2.15944
2.13988
2.10831
2.06181
2.00073
1.93086
1.86443
1.81629
1.79651
1.80563
1.83718
1.88314
1.93734
1.99599
2.05704
2.11954
2.18224
2.24206
2.29368
2.33049
2.34704
2.34174
2.31818
2.28467
2.25156
2.22671
2.21217
2.20409
2.19595
2.18191
2.15918
2.12891
2.0959
2.0673
2.04995
2.04638
2.05305
2.06186
2.06432
2.05462
2.03012
1.99231
1.94803
1.909
1.88845
1.89611
1.93356
1.99365
2.06422
2.13232
2.18691
2.22004
2.22697
2.20673
2.16336
2.10667
2.05063
2.00814
1.98615
1.98448
1.99913
2.02604
2.06243
2.10605
2.15377
2.20062
2.23964
2.26381
2.26847
2.25281
2.22008
2.17531
2.12349
2.06926
2.01808
1.97556
1.94618
1.9349
1.94772
1.98664
2.04429
2.1067
2.16101
2.19969
2.2202
2.22409
2.21656
2.20543
2.19883
2.20175
2.21368
2.22875
2.23826
2.23435
2.2133
2.17794
2.13813
2.10827
2.10064
2.1181
2.15261
2.19087
2.22069
2.23433
2.22933
2.20782
2.17457
2.13449
2.09151
2.04832
2.00732
1.9716
1.94419
1.92691
1.91932
1.91919
1.92398
1.93231
1.94515
1.9656
1.99713
2.0409
2.09423
2.15087
2.20294
2.24251
2.2627
2.25862
2.22975
2.18257
2.13066
2.08901
2.06626
2.06146
2.06726
2.07499
2.07931
2.08017
2.08204
2.09092
2.11111
2.14262
2.18029
2.21528
2.23817
2.24183
2.22248
2.18078
2.12261
2.06031
2.01054
1.98803
1.99965
2.04202
2.10188
2.15997
2.19896
2.2095
2.19084
2.14918
2.0959
2.04608
2.01411
2.00562
2.01299
2.02191
2.0238
2.02054
2.01913
2.02446
2.0376
2.058
2.08505
2.11732
2.15052
2.17794
2.19396
2.1991
2.20005
2.20433
2.21385
2.22417
2.22837
2.22125
2.20179
2.17319
2.14183
2.11412
2.09295
2.07656
2.06054
2.0409
2.01545
1.98428
1.95043
1.92028
1.90068
1.89405
1.89815
1.91106
1.93242
1.96013
1.989
2.01274
2.02651
2.02849
2.02068
2.0088
2.00054
2.00189
2.0148
2.03727
2.06576
2.09638
2.12479
2.14655
2.15814
2.15727
2.14271
2.11476
2.07641
2.03402
1.9957
1.96801
1.95277
1.94712
1.9468
1.94956
1.95585
1.96715
1.98389
2.00395
2.02362
2.04036
2.05493
2.07002
2.08625
2.10058
2.10941
2.11187
2.10992
2.10669
2.10542
2.10871
2.11826
2.13444
2.15596
2.18046
2.20625
2.23293
2.26033
2.28656
2.30791
2.32008
2.32001
2.307
2.2831
2.25223
2.21886
2.18674
2.15775
2.13157
2.10661
2.082
2.05882
2.03973
2.02686
2.02048
2.01816
2.0157
2.00928
1.99777
1.98375
1.97215
1.96721
1.96988
1.97786
1.98689
1.99229
1.99063
1.98141
1.96704
1.95119
1.93698
1.92657
1.92156
1.92374
1.93509
1.95778
1.9936
2.04163
2.09604
2.14663
2.18216
2.19375
2.17711
2.13349
2.06985
1.99865
1.93616
1.89949
1.90152
1.94526
2.0219
2.11376
2.20084
2.26726
2.30474
2.31308
2.29805
2.26815
2.23183
2.19573
2.16312
2.13429
2.10916
2.09014
2.08194
2.08803
2.10747
2.1349
2.16408
2.19205
2.22028
2.25169
2.28538
2.31422
2.3281
2.31861
2.28226
2.22178
2.14584
2.06696
1.99715
1.94361
1.90717
1.88542
1.87722
1.88483
1.91183
1.95928
2.02294
2.09411
2.16152
2.21358
2.24103
2.23979
2.21205
2.16492
2.10886
2.05544
2.01494
1.99309
1.98934
1.99796
2.01103
2.02157
2.0252
2.02047
2.00831
1.99161
1.9756
1.96709
1.97198
1.99262
2.02686
2.06904
2.11207
2.14927
2.17578
2.18994
2.1943
2.19504
2.19868
2.20815
2.22212
2.23739
2.25135
2.26252
2.27003
2.27262
2.26803
2.25336
2.22641
2.18708
2.13823
2.08607
2.03981
2.00948
2.00124
2.01341
2.03681
2.05974
2.07323
2.07311
2.05941
2.03551
2.0075
1.98336
1.97049
1.97292
1.98971
2.01508
2.04016
2.05635
2.05915
2.05001
2.03522
2.02201
2.01468
2.01325
2.01482
2.01668
2.01867
2.02308
2.03231
2.04616
2.06219
2.07817
2.09333
2.10726
2.11844
2.1239
2.12022
2.10594
2.08378
2.06037
2.04226
2.03089
2.02183
2.00954
1.99191
1.97201
1.95826
1.96223
1.99279
2.04843
2.1161
2.17939
2.22685
2.25404
2.26101
2.24985
2.22359
2.18595
2.14177
2.09695
2.05748
2.02724
2.0065
1.99312
1.98509
1.98292
1.98968
2.00816
2.03748
2.07186
2.10398
2.129
2.14534
2.15322
2.15345
2.14774
2.13847
2.12711
2.11285
2.09358
2.06841
2.03939
2.01073
1.9866
1.96915
1.95809
1.95282
1.95562
1.9722
2.00663
2.05499
2.10538
2.14533
2.16763
2.17149
2.15997
2.13743
2.10807
2.07614
2.04697
2.02652
2.01952
2.02705
2.04584
2.06955
2.09178
2.10829
2.11662
2.11578
2.10622
2.08971
2.06879
2.04623
2.02511
2.00896
2.00098
2.0022
2.011
2.02481
2.04219
2.06288
2.08592
2.10864
2.12741
2.13906
2.14305
2.14193
2.14033
2.14272
2.15165
2.16739
2.18775
2.20793
2.22106
2.22033
2.20227
2.16933
2.12969
2.09425
2.07202
2.06646
2.07552
2.09407
2.11625
2.13647
2.1497
2.15265
2.14643
2.13652
2.1291
2.12633
2.12544
2.12172
2.11177
2.09569
2.07702
2.06067
2.05048
2.04734
2.04967
2.05495
2.06095
2.06702
2.0747
2.08713
2.107
2.13421
2.16467
2.19159
2.20834
2.21168
2.20272
2.18547
2.16396
2.14073
2.11778
2.0979
2.08441
2.07887
2.07986
2.08443
2.08996
2.09473
2.09763
2.09813
2.0974
2.09838
2.10327
2.11135
2.11947
2.12477
2.12541
2.12037
2.10982
2.09513
2.07764
2.05789
2.03614
2.0137
1.9931
1.9764
1.96347
1.95325
1.94681
1.94834
1.96233
1.98903
2.02264
2.05407
2.07502
2.08014
2.06754
2.03937
2.00235
1.96678
1.94266
1.93505
1.94295
1.96233
1.98943
2.0217
2.05703
2.09222
2.12213
2.14125
2.14619
2.13817
2.12306
2.10825
2.09741
2.08878
2.07909
2.06834
2.06042
2.06038
2.0713
2.09226
2.1191
2.14663
2.17074
2.1885
2.19721
2.19609
2.18851
2.18095
2.1785
2.1819
2.18786
2.19194
2.19083
2.18317
2.16886
2.14783
2.11944
2.08342
2.04162
1.99875
1.96077
1.93153
1.91118
1.89885
1.89598
1.90652
1.93467
1.98121
2.04014
2.10035
2.15178
2.18896
2.21014
2.21599
2.20858
2.19129
2.16891
2.14637
2.12721
2.1125
2.10132
2.09182
2.08162
2.06789
2.04876
2.02572
2.00435
1.99313
1.99875
2.02012
2.04845
2.07428
2.09202
2.10004
2.10005
2.09667
2.09527
2.09812
2.1025
2.10305
2.09676
2.08524
2.07294
2.06374
2.05953
2.06025
2.06464
2.07128
2.0808
2.09641
2.12136
2.15456
2.18867
2.21334
2.22037
2.20756
2.17966
2.1466
2.12002
2.10858
2.11376
2.12912
2.14489
2.15337
2.15203
2.14291
2.13028
2.11847
2.11066
2.10792
2.10925
2.11223
2.11464
2.11605
2.11846
2.12562
2.14147
2.16857
2.20594
2.2482
2.28756
2.31722
2.33262
2.33081
2.30993
2.27014
2.21479
2.14998
2.08258
2.0175
1.95656
1.89981
1.84878
1.80886
1.78864
1.7958
1.83311
1.8966
1.9765
2.05948
2.13272
2.18683
2.21725
2.22406
2.21203
2.19044
2.17102
2.16314
2.16938
2.18511
2.20142
2.20938
2.2039
2.18619
2.16342
2.1452
2.13932
2.14764
2.16474
2.18111
2.18862
2.18423
2.16989
2.15011
2.12904
2.10965
2.09516
2.08925
2.09298
2.10151
2.1072
2.10627
2.10021
2.09113
2.07905
2.06457
2.05133
2.04408
2.04544
2.05486
2.0702
2.08947
2.11041
2.12879
2.13829
2.13346
2.11314
2.08164
2.04679
2.01637
1.99558
1.98559
1.98408
1.9877
1.99597
2.01275
2.04444
2.09521
2.1626
2.23609
2.30099
2.3453
2.36326
2.35459
2.32204
2.27027
2.20533
2.13471
2.06679
2.00921
1.96764
1.94539
1.94281
1.95741
1.98489
2.02029
2.05835
2.09372
2.12171
2.13937
2.14693
2.14738
2.14414
2.13965
2.1354
2.13234
2.12969
2.12425
2.11237
2.09346
2.07132
2.05263
2.04371
2.04747
2.06216
2.08229
2.10123
2.11323
2.11498
2.1062
2.08799
2.06098
2.02681
1.99174
1.96663
1.96199
1.98299
2.0273
2.08655
2.14934
2.20548
2.24847
2.27537
2.28517
2.27717
2.25159
2.21182
2.16603
2.12474
2.09413
2.07193
2.0512
2.02804
2.00604
1.99437
2.00109
2.02652
2.063
2.10076
2.13328
2.15872
2.17839
2.19454
2.20753
2.21452
2.21052
2.19089
2.1547
2.10653
2.05565
2.01212
1.98194
1.96531
1.95865
1.95796
1.96088
1.96711
1.97781
1.99445
2.01787
2.04733
2.08014
2.11204
2.13801
2.15262
2.1509
2.12987
2.09108
2.04236
1.99548
1.95908
1.93369
1.91492
1.90099
1.89743
1.91316
1.95064
2.00214
2.05502
2.09919
2.13028
2.14914
2.15899
2.16376
2.16737
2.173
2.18273
2.1965
2.21276
2.23008
2.24821
2.26762
2.28721
2.303
2.3096
2.30304
2.28312
2.25395
2.22342
2.20003
2.18746
2.18172
2.175
2.16144
2.13984
2.11319
2.08643
2.06383
2.04647
2.03218
2.01697
1.99704
1.97048
1.93919
1.90927
1.88891
1.88518
1.90102
1.93426
1.97896
2.02707
2.07053
2.10438
2.1294
2.1506
2.17162
2.19042
2.20202
2.20458
2.20127
2.19659
2.19272
2.18943
2.18609
2.18256
2.17825
2.17122
2.1588
2.13863
2.11018
2.07637
2.04309
2.01593
1.99808
1.99128
1.9947
2.00311
2.00853
2.00522
1.9925
1.9737
1.95465
1.94406
1.95219
1.98426
2.03383
2.08575
2.12641
2.15099
2.16305
2.17003
2.17848
2.19159
2.20906
2.22779
2.24309
2.25024
2.24654
2.23302
2.21492
2.19976
2.1938
2.19843
2.20946
2.21933
2.22084
2.20974
2.18561
2.15148
2.11267
2.07546
2.04479
2.02196
2.00419
1.98654
1.96556
1.94258
1.92366
1.91594
1.92357
1.9456
1.9766
2.00968
2.03954
2.06324
2.07915
2.08597
2.08278
2.07011
2.05098
2.03099
2.01672
2.01303
2.02088
2.0368
2.05495
2.06956
2.0763
2.07219
2.05593
2.02883
1.99565
1.96388
1.94152
1.93527
1.9498
1.98583
2.03714
2.0907
2.13238
2.15347
2.1538
2.13986
2.11991
2.09946
2.07974
2.0601
2.04067
2.02281
2.00813
1.99796
1.99376
1.9971
2.00858
2.02662
2.04895
2.07465
2.10486
2.14111
2.18289
2.22611
2.26448
2.2922
2.30685
2.31026
2.30704
2.30143
2.29495
2.28564
2.26985
2.24489
2.21084
2.17161
2.13423
2.10729
2.09778
2.10673
2.12707
2.14669
2.15652
2.15706
2.15706
2.16335
2.17263
2.17465
2.16128
2.13067
2.08551
2.03208
1.97922
1.93621
1.90915
1.90026
1.90915
1.93349
1.96879
2.00896
2.0482
2.08223
2.10768
2.12177
2.12343
2.11539
2.10301
2.08983
2.0769
2.06581
2.05823
2.05273
2.0467
2.04175
2.04418
2.0605
2.09282
2.13681
2.18334
2.22219
2.24587
2.25261
2.24724
2.23767
2.22866
2.2186
2.20292
2.1794
2.15017
2.11959
2.09173
2.06954
2.05536
2.05044
2.05338
2.05942
2.06278
2.06016
2.05341
2.04831
2.05035
2.06042
2.07375
2.08275
2.08143
2.06804
2.04542
2.01966
1.99815
1.98749
1.99146
2.00945
2.03653
2.06563
2.08986
2.10419
2.10643
2.0975
2.08196
2.06749
2.06174
2.06719
2.07953
2.09182
2.09916
2.09983
2.09345
2.07998
2.05991
2.03561
2.01184
1.99536
1.99295
2.00787
2.03724
2.073
2.10582
2.12932
2.14155
2.1438
2.13908
2.13153
2.1249
2.12025
2.11442
2.10314
2.08558
2.06617
2.05247
2.05185
2.06813
2.1002
2.14298
2.19011
2.23642
2.27782
2.30987
2.32689
2.32393
2.29967
2.25713
2.20192
2.14082
2.08316
2.04089
2.02417
2.03449
2.06248
2.09294
2.11206
2.11253
2.09467
2.06493
2.03326
2.00973
2.00159
2.01123
2.03635
2.07143
2.10913
2.14171
2.16268
2.16833
2.15862
2.13714
2.10918
2.07916
2.04953
2.02207
1.99999
1.98838
1.99182
2.01117
2.04193
2.07579
2.10438
2.12207
2.12636
2.11656
2.09255
2.0555
2.01023
1.96689
1.93918
1.93946
1.9736
2.03821
2.12153
2.20736
2.28036
2.32959
2.34975
2.34133
2.3088
2.258
2.19349
2.11821
2.03551
1.95141
1.87492
1.81645
1.78497
1.78537
1.81647
1.8702
1.93315
1.99136
2.03499
2.06079
2.07215
2.07697
2.08407
2.09947
2.12371
2.1527
2.18045
2.20234
2.2161
2.2207
2.21457
2.19495
2.15946
2.10819
2.04442
1.97514
1.91089
1.86244
1.83694
1.83651
1.85915
1.90026
1.95433
2.01643
2.08189
2.14519
2.20019
2.24216
2.26972
2.28429
2.28842
2.28519
2.27896
2.27433
2.27378
2.27619
2.27871
2.28074
2.28657
2.30262
2.33054
2.36293
2.38553
2.38439
2.35396
2.2998
2.23441
2.16995
2.11331
2.06523
2.02238
1.98018
1.93597
1.89181
1.8551
1.83513
1.83758
1.86196
1.90285
1.95176
1.99983
2.04082
2.0721
2.09235
2.09946
2.09178
2.07138
2.04555
2.02529
2.02099
2.03624
2.06505
2.09595
2.11861
2.12782
2.12386
2.1112
2.09547
2.08102
2.07023
2.06345
2.05867
2.05189
2.03967
2.0235
2.01237
2.01755
2.04117
2.07416
2.10535
2.12793
2.13945
2.14122
2.13751
2.13373
2.13295
2.13413
2.13459
2.13322
2.13008
2.12458
2.11648
2.10752
2.09994
2.09461
2.09234
2.09582
2.10856
2.13192
2.16306
2.19588
2.22336
2.23937
2.24029
2.22602
2.19952
2.16532
2.12842
2.09327
2.06293
2.0388
2.02141
2.01091
2.00697
2.00864
2.01499
2.0255
2.03986
2.05683
2.07359
2.08671
2.0938
2.09418
2.08782
2.07387
2.05053
2.01767
1.981
1.95494
1.95612
1.98701
2.03194
2.07291
2.10112
2.11548
2.11782
2.11024
2.09448
2.07221
2.04572
2.01858
1.99555
1.98208
1.98293
2.00129
2.0374
2.0861
2.13613
2.17417
2.19088
2.18453
2.16076
2.12934
2.09942
2.07576
2.0586
2.04695
2.043
2.05222
2.07752
2.11273
2.14511
2.16414
2.1666
2.15596
2.14018
2.13019
2.13661
2.16266
2.20061
2.23834
2.26765
2.28469
2.28684
2.27309
2.24698
2.21489
2.17866
2.13429
2.08066
2.02477
1.97773
1.94815
1.93911
1.94853
1.97096
1.99991
2.02957
2.05496
2.07209
2.07927
2.07862
2.07639
2.07977
2.09268
2.11326
2.13532
2.15198
2.15833
2.15222
2.13387
2.10501
2.06861
2.0291
1.99245
1.96554
1.95437
1.96221
1.98825
2.02768
2.07298
2.11632
2.15068
2.17042
2.17178
2.15414
2.12067
2.07772
2.03264
1.99179
1.96018
1.9416
1.93855
1.95099
1.97625
2.00994
2.04711
2.08196
2.10843
2.1219
2.12106
2.10838
2.08929
2.07038
2.0577
2.05404
2.05702
2.06032
2.05766
2.04587
2.02524
1.9987
1.97152
1.95066
1.94258
1.9498
1.96914
1.99411
2.01964
2.04526
2.07412
2.10991
2.15373
2.20302
2.25272
2.29708
2.33119
2.35172
2.35691
2.34608
2.32061
2.2847
2.2449
2.20835
2.17995
2.16107
2.15002
2.14397
2.14105
2.14116
2.14456
2.14898
2.14986
2.14449
2.13481
2.12593
2.12244
2.12576
2.13365
2.14062
2.13952
2.12354
2.0886
2.0361
1.9742
1.91604
1.87483
1.85891
1.86918
1.89999
1.94249
1.98843
2.03184
2.06839
2.09445
2.10688
2.10392
2.0865
2.0586
2.02703
2.00026
1.98622
1.98985
2.01123
2.04516
2.08239
2.11176
2.12348
2.11238
2.07961
2.03174
1.97844
1.93019
1.89634
1.88296
1.89032
1.91284
1.94306
1.97607
2.01023
2.04509
2.07953
2.11137
2.13827
2.15842
2.17015
2.17208
2.16438
2.15009
2.13412
2.11942
2.1046
2.08675
2.06579
2.04539
2.03015
2.02262
2.02248
2.02733
2.03435
2.04201
2.05115
2.06451
2.0852
2.11459
2.15109
2.19029
2.22578
2.25058
2.25834
2.24442
2.20752
2.15068
2.08192
2.01326
1.95875
1.93046
1.93382
1.96566
2.01694
2.07719
2.13729
2.18963
2.22702
2.24282
2.23349
2.20243
2.16119
2.12368
2.09733
2.08064
2.06887
2.05908
2.05029
2.04191
2.03291
2.02273
2.01264
2.00612
2.00645
2.01377
2.02505
2.03729
2.05011
2.06519
2.08501
2.11128
2.14261
2.17313
2.19405
2.19756
2.18098
2.14877
2.11154
2.08195
2.06849
2.07151
2.08415
2.09728
2.10535
2.10848
2.11042
2.11532
2.12544
2.14062
2.1583
2.17506
2.18789
2.19425
2.19199
2.17937
2.15567
2.12196
2.08126
2.03911
2.00279
1.97925
1.97207
1.97998
1.99778
2.0189
2.03875
2.05634
2.07226
2.08442
2.08722
2.07611
2.05157
2.01915
1.98652
1.96057
1.94635
1.94698
1.96453
2.00065
2.05593
2.12801
2.20961
2.28896
2.35353
2.39374
2.40467
2.38527
2.33689
2.26307
2.17095
2.07417
1.99196
1.94379
1.94164
1.98459
2.05845
2.14192
2.21504
2.26404
2.28236
2.27006
2.23378
2.18542
2.13846
2.10253
2.08011
2.06734
2.05872
2.05125
2.04532
2.04314
2.04716
2.05831
2.07478
2.09239
2.10658
2.11493
2.11841
2.1201
2.12108
2.11784
2.10411
2.0769
2.04123
2.00923
1.99354
1.99928
2.02167
2.05039
2.07583
2.09308
2.10223
2.10693
2.11092
2.11527
2.11799
2.11622
2.10866
2.09697
2.08517
2.07784
2.07798
2.08567
2.09784
2.10916
2.1142
2.1103
2.09898
2.0849
2.07306
2.06636
2.06487
2.0674
2.07331
2.0822
2.09323
2.10612
2.1222
2.14255
2.16535
2.18593
2.19923
2.20221
2.19465
2.1801
2.16551
2.15872
2.16455
2.18261
2.20734
2.22928
2.23718
2.22112
2.17646
2.107
2.02601
1.95369
1.90989
1.90592
1.94172
2.00887
2.09327
2.17742
2.24476
2.28484
2.29572
2.28262
2.25495
2.22275
2.19372
2.17128
2.15419
2.13917
2.12485
2.11351
2.10836
2.10945
2.11304
2.11405
2.10838
2.09283
2.06535
2.02927
1.99732
1.98927
2.01792
2.07622
2.14243
2.19509
2.22162
2.22042
2.19942
2.17235
2.15043
2.13654
2.1267
2.11639
2.10459
2.09369
2.08701
2.08643
2.0913
2.09835
2.10246
2.09822
2.08161
2.05164
2.01178
1.97021
1.93836
1.92644
1.93831
1.9697
2.01136
2.05404
2.09177
2.12219
2.14521
2.16143
2.1706
2.17151
2.1629
2.14496
2.12012
2.09252
2.06597
2.04222
2.02087
2.00097
1.98275
1.96752
1.95555
1.94518
1.9338
1.9207
1.90943
1.90799
1.92622
1.9706
2.03933
2.12177
2.20312
2.27024
2.3151
2.33533
2.33234
2.30918
2.26985
2.21973
2.16685
2.12169
2.09206
2.07562
2.06194
2.04369
2.02403
2.01324
2.02032
2.04566
2.08125
2.11744
2.14867
2.17362
2.19167
2.2004
2.19629
2.17712
2.14449
2.1046
2.06627
2.03743
2.02222
2.02087
2.03173
2.05277
2.0811
2.11246
2.14214
2.16683
2.18521
2.19694
2.20198
2.19997
2.19032
2.173
2.14947
2.12267
2.09648
2.07488
2.06144
2.05843
2.06542
2.07915
2.09622
2.11636
2.14059
2.16499
2.18153
2.18512
2.17724
2.16367
2.15048
2.14105
2.13562
2.13273
2.12975
2.12209
2.10326
2.06792
2.01643
1.95767
1.90767
1.88305
1.89263
1.93336
1.99369
2.06008
2.12177
2.17189
2.20651
2.22392
2.22474
2.21179
2.18919
2.16123
2.13172
2.10427
2.08223
2.0685
2.06482
2.07119
2.08612
2.10825
2.13605
2.16748
2.20117
2.23444
2.2589
2.26318
2.24107
2.19486
2.13272
2.06372
1.99513
1.9325
1.88176
1.85037
1.84494
1.86653
1.90849
1.9597
2.01048
2.05667
2.09882
2.13911
2.17859
2.21638
2.25019
2.27711
2.29495
2.30291
2.30235
2.296
2.28667
2.27633
2.26654
2.25843
2.25188
2.24503
2.23445
2.21604
2.18794
2.15232
2.11512
2.08255
2.05735
2.0379
2.02053
2.00325
1.98685
1.9737
1.96629
1.96684
1.97777
2.00147
2.03856
2.08574
2.13622
2.18415
2.2282
2.2685
2.30167
2.32225
2.32659
2.31387
2.28583
2.24649
2.20116
2.15401
2.10726
2.06233
2.02174
1.98972
1.97133
1.97057
1.9882
2.02018
2.05876
2.095
2.12074
2.13012
2.12129
2.09721
2.0654
2.03611
2.01875
2.01782
2.03061
2.04958
2.06617
2.07406
2.07046
2.05667
2.03829
2.02406
2.02281
2.04019
2.07656
2.12672
2.18118
2.22925
2.26156
2.27096
2.25274
2.20506
2.13104
2.04166
1.95705
1.90088
1.88581
1.90525
1.94236
1.98285
2.01936
2.04936
2.07236
2.08923
2.10233
2.11417
2.12504
2.13231
2.13236
2.12435
2.11221
2.10283
2.10083
2.10499
2.10983
2.11023
2.10351
2.08977
2.07119
2.053
2.04379
2.0516
2.07699
2.11197
2.1458
2.17035
2.18123
2.17768
2.16123
2.13374
2.09639
2.05135
2.00483
1.96724
1.94963
1.95814
1.99099
2.03976
2.09339
2.14152
2.17675
2.19481
2.19419
2.17538
2.1409
2.09575
2.0483
2.01048
1.99493
2.00823
2.04487
2.09022
2.12981
2.15607
2.16898
2.17287
2.17255
2.17091
2.1688
2.16654
2.16527
2.16704
2.17297
2.18188
2.19012
2.19279
2.18598
2.16891
2.14399
2.11498
2.08479
2.05467
2.0255
1.99935
1.9804
1.97417
1.98499
2.01214
2.04905
2.08739
2.12163
2.14945
2.17065
2.18572
2.19404
2.19246
2.17593
2.14105
2.08971
2.02929
1.96905
1.9162
1.87574
1.85249
1.851
1.8719
1.90997
1.95736
2.00901
2.06444
2.12391
2.18356
2.23478
2.26842
2.27862
2.26381
2.22563
2.16869
2.10087
2.03326
1.97738
1.94081
1.92454
1.92487
1.93725
1.95793
1.98321
2.00892
2.03136
2.04915
2.06566
2.08932
2.12728
2.17735
2.22859
2.26952
2.29373
2.29955
2.28796
2.26153
2.22435
2.18174
2.13908
2.09937
2.06228
2.02589
1.9896
1.95509
1.92554
1.90451
1.89492
1.89824
1.91388
1.9397
1.97242
2.00766
2.04014
2.06498
2.08055
2.09007
2.10019
2.11705
2.14368
2.17969
2.22117
2.26129
2.29176
2.30467
2.29375
2.25658
2.19686
2.12525
2.05709
2.00735
1.98523
1.99025
2.01262
2.03792
2.05337
2.0528
2.03809
2.01748
2.00137
1.99812
2.01188
2.04335
2.09092
2.1496
2.21064
2.26404
2.30193
2.31989
2.31731
2.29745
2.26655
2.23121
2.19588
2.16271
2.13415
2.11417
2.10602
2.10829
2.11396
2.11492
2.10732
2.09248
2.07264
2.04771
2.01671
1.98068
1.94341
1.91022
1.88645
1.87588
1.87993
1.89802
1.9281
1.96677
2.0097
2.05317
2.09564
2.13734
2.17855
2.21775
2.25145
2.27605
2.28993
2.29373
2.28923
2.27729
2.25738
2.22884
2.19286
2.15334
2.11582
2.08479
2.06097
2.04113
2.02147
2.00363
1.99657
2.00721
2.02776
2.04101
2.03595
2.01254
1.97754
1.93993
1.9091
1.89297
1.89529
1.91389
1.94225
1.97296
2.00029
2.02171
2.03833
2.05454
2.07612
2.1071
2.1468
2.18987
2.22901
2.25856
2.27588
2.281
2.27464
2.25752
2.23058
2.19628
2.15979
2.12891
2.11141
2.11083
2.12407
2.1433
2.1604
2.17013
2.17072
2.16261
2.14791
2.13081
2.11696
2.10987
2.1075
2.10343
2.09076
2.06521
2.02638
1.97824
1.92864
1.88642
1.85735
1.84315
1.8433
1.8561
1.87911
1.90976
1.94563
1.984
2.02233
2.05828
2.08897
2.11136
2.12461
2.13073
2.13024
2.11928
2.09391
2.056
2.01395
1.97885
1.95885
1.95579
1.966
1.98485
2.01092
2.04655
2.09351
2.1473
2.19814
2.23653
2.25723
2.25899
2.24307
2.21205
2.16982
2.12193
2.07574
2.0394
2.01856
2.01352
2.02049
2.03479
2.05387
2.07708
2.10347
2.13007
2.15219
2.16527
2.167
2.15797
2.14125
2.12164
2.10463
2.0947
2.09337
2.09802
2.10329
2.10424
2.09979
2.09262
2.08678
2.08474
2.08664
2.09127
2.09734
2.10417
2.1109
2.11599
2.11735
2.11419
2.10796
2.10233
2.10259
2.11493
2.14455
2.19059
2.24368
2.29059
2.32107
2.33085
2.32012
2.29076
2.24536
2.18782
2.12375
2.05913
1.99872
1.94559
1.90248
1.87183
1.85437
1.8483
1.85055
1.8585
1.87024
1.88453
1.90123
1.92166
1.9477
1.98047
2.01928
2.0618
2.10494
2.14521
2.17903
2.20449
2.22246
2.23578
2.24649
2.25398
2.25614
2.25192
2.24263
2.23103
2.21943
2.20691
2.18843
2.15744
2.1111
2.05375
1.99553
1.94764
1.91858
1.91247
1.92937
1.96719
2.02281
2.09023
2.15931
2.21947
2.26586
2.30096
2.33036
2.35702
2.37897
2.3907
2.38616
2.36112
2.31491
2.25167
2.17974
2.10974
2.0507
2.0067
1.97665
1.95737
1.94612
1.94045
1.93727
1.93263
1.92267
1.90504
1.88006
1.85157
1.82663
1.8139
1.82141
1.85304
1.90605
1.97174
2.03938
2.10017
2.14756
2.17722
2.18844
2.18481
2.17275
2.15887
2.14747
2.13919
2.13206
2.12399
2.11489
2.10714
2.10418
2.10751
2.11529
2.12493
2.13648
2.15094
2.16514
2.1708
2.15978
2.12967
2.08614
2.04081
2.00496
1.98398
1.97797
1.98561
2.00576
2.0363
2.07307
2.11107
2.14669
2.17856
2.20679
2.23171
2.25367
2.27311
2.29024
2.3049
2.31683
2.32526
2.32918
2.3271
2.31736
2.29884
2.27149
2.23703
2.19992
2.16709
2.14458
2.13255
2.12521
2.11555
2.09932
2.07592
2.04791
2.01971
1.996
1.97875
1.96517
1.94861
1.92473
1.89942
1.88691
1.89117
1.89953
1.90241
1.90378
1.91211
1.93055
1.95514
1.97843
1.99385
1.99829
1.99214
1.97819
1.96013
1.94135
1.92496
1.9151
1.9176
1.93717
1.97269
2.01706
2.0622
2.10263
2.13616
2.16254
2.18234
2.19638
2.20599
2.21329
2.22116
2.23213
2.24718
2.26381
2.27675
2.28123
2.27619
2.26363
2.24557
2.22165
2.18969
2.14849
2.10051
2.05187
2.00952
1.97846
1.9607
1.9558
1.96178
1.97652
1.99924
2.02988
2.06714
2.10769
2.14719
2.18146
2.20692
2.22107
2.22307
2.21353
2.1936
2.16475
2.12979
2.09409
2.06445
2.04638
2.04109
2.0455
2.05525
2.06616
2.07392
2.07553
2.07139
2.06611
2.06675
2.07963
2.10717
2.14616
2.18898
2.22759
2.25683
2.27492
2.28186
2.27782
2.26297
2.23802
2.20493
2.1672
2.12982
2.09816
2.07664
2.0676
2.07011
2.07889
2.08518
2.07992
2.05673
2.01337
1.95253
1.88233
1.81609
1.76949
1.75565
1.78088
1.84278
1.92979
2.0235
2.10475
2.15991
2.18448
2.18287
2.16498
2.14112
2.118
2.0977
2.0802
2.06652
2.05986
2.0647
2.08424
2.11748
2.15864
2.19961
2.23344
2.25639
2.26725
2.26576
2.25231
2.22907
2.20088
2.17492
2.15859
2.15663
2.16815
2.18623
2.20091
2.20329
2.18872
2.15787
2.11639
2.0729
2.03593
2.01066
1.99688
1.98955
1.98139
1.9669
1.94566
1.92342
1.90909
1.90921
1.92441
1.9509
1.984
2.01966
2.05414
2.08488
2.1124
2.14057
2.17371
2.21252
2.25235
2.28561
2.30544
2.30841
2.29486
2.26825
2.23347
2.19512
2.15682
2.12114
2.09075
2.06906
2.05969
2.06403
2.07907
2.09798
2.11366
2.12249
2.12534
2.12581
2.12768
2.13263
2.13904
2.14241
2.1373
2.11931
2.08643
2.04014
1.98636
1.93459
1.89467
1.87291
1.87008
1.88272
1.90594
1.93602
1.9714
2.01191
2.05692
2.10387
2.14828
2.18478
2.20855
2.2166
2.20923
2.19109
2.17018
2.15393
2.14613
2.14677
2.15327
2.1614
2.16623
2.16315
2.15007
2.12979
2.11057
2.10134
2.10332
2.1075
2.10204
2.08108
2.0464
2.0039
1.96011
1.92181
1.89605
1.88812
1.89881
1.92414
1.95761
1.99316
2.02663
2.05552
2.07844
2.09499
2.10619
2.11459
2.12358
2.13575
2.15121
2.16781
2.18298
2.19506
2.20414
2.21183
2.21996
2.22831
2.23267
2.22652
2.2048
2.16663
2.11722
2.0684
2.0366
2.03545
2.06686
2.1181
2.1697
2.2054
2.217
2.20318
2.16733
2.11593
2.05774
2.003
1.96205
1.94413
1.95501
1.9933
2.04904
2.10706
2.15391
2.18345
2.19684
2.1978
2.18784
2.16642
2.13373
2.09298
2.05227
2.02287
2.01151
2.0154
2.02758
2.04454
2.06647
2.0928
2.12048
2.14568
2.16578
2.18005
2.18855
2.19103
2.18793
2.18176
2.17665
2.17537
2.17764
2.18162
2.18711
2.19662
2.21313
2.23591
2.25914
2.27476
2.2779
2.27034
2.25897
2.25005
2.24398
2.23549
2.21814
2.18893
2.14992
2.10718
2.06764
2.03717
2.01979
2.01782
2.0308
2.05451
2.08114
2.10162
2.1084
2.09709
2.06727
2.02295
1.97175
1.92191
1.87925
1.84678
1.82719
1.82389
1.83849
1.86749
1.90235
1.93385
1.95781
1.97691
1.99734
2.02305
2.0527
2.08003
2.09748
2.10078
2.09139
2.07674
2.06791
2.07495
2.1015
2.143
2.18937
2.22979
2.25542
2.25985
2.23924
2.19297
2.12472
2.04315
1.96104
1.89234
1.84892
1.83815
1.8621
1.91718
1.99579
2.08912
2.18798
2.2811
2.35671
2.40718
2.43107
2.43137
2.41251
2.37855
2.33276
2.27751
2.21487
2.14975
2.09295
2.05739
2.04668
2.05102
2.05648
2.05403
2.04108
2.01925
1.99223
1.96484
1.94221
1.92885
1.92754
1.93851
1.95991
1.98914
2.02399
2.06189
2.09869
2.12886
2.14859
2.15852
2.16351
2.16948
2.17892
2.18914
2.19464
2.19102
2.17724
2.15545
2.1302
2.10681
2.08942
2.07969
2.07628
2.07592
2.07534
2.07248
2.06708
2.06041
2.05435
2.05005
2.04649
2.04153
2.03508
2.03204
2.04049
2.06507
2.10142
2.13801
2.16284
2.16803
2.15102
2.11395
2.06306
2.00718
1.95666
1.92238
1.91468
1.94017
1.99663
2.07227
2.15207
2.22388
2.28021
2.31797
2.33691
2.33756
2.32001
2.28381
2.22951
2.16149
2.08945
2.02842
1.99431
1.99506
2.02502
2.06982
2.11679
2.16026
2.19998
2.23745
2.27386
2.3093
2.34243
2.36958
2.38462
2.37982
2.34813
2.28605
2.1968
2.09241
1.99282
1.91978
1.88738
1.8952
1.92999
1.97399
2.01268
2.03728
2.04391
2.03261
2.00728
1.9761
1.9502
1.9397
1.94886
1.97383
2.00488
2.03101
2.04465
2.04572
2.04242
2.04665
2.0666
2.10034
2.13518
2.1567
2.15909
2.14761
2.13392
2.12817
2.13248
2.14061
2.14338
2.13418
2.11111
2.07609
2.03357
1.98968
1.95093
1.92282
1.90814
1.90693
1.91775
1.93858
1.96654
1.99819
2.03028
2.06013
2.0857
2.10587
2.12035
2.12967
2.13423
2.13359
2.12709
2.11521
2.10096
2.08934
2.08521
2.09137
2.10726
2.12878
2.1492
2.16119
2.15939
2.14252
2.11438
2.08284
2.05746
2.04531
2.04719
2.05655
2.06341
2.05999
2.04281
2.01094
1.96586
1.91598
1.87837
1.87139
1.90365
1.96804
2.04523
2.11282
2.15451
2.165
2.1497
2.12155
2.09605
2.08566
2.09557
2.12258
2.15749
2.18949
2.20959
2.21341
2.20175
2.17975
2.15494
2.13493
2.12572
2.13032
2.1476
2.17258
2.19841
2.21875
2.22917
2.22718
2.21268
2.18793
2.15687
2.12588
2.10603
2.10733
2.1247
2.14038
2.14085
2.126
2.10544
2.09063
2.08765
2.0942
2.10178
2.10039
2.08322
2.0495
2.0059
1.96539
1.94177
1.94213
1.96247
1.99179
2.02034
2.04423
2.06401
2.0813
2.09719
2.11132
2.12052
2.1192
2.10249
2.06915
2.02202
1.9667
1.91072
1.86348
1.83463
1.83086
1.85332
1.89792
1.95803
2.02736
2.10028
2.17137
2.23435
2.28255
2.31089
2.31714
2.3023
2.27078
2.22993
2.189
2.15637
2.13701
2.13181
2.13863
2.15384
2.17341
2.19272
2.20733
2.21503
2.21763
2.22046
2.22948
2.24675
2.26798
2.28358
2.28304
2.25929
2.21241
2.15055
2.08811
2.04099
2.02016
2.02706
2.0537
2.08738
2.11664
2.13589
2.14657
2.15225
2.15228
2.1434
2.12675
2.10753
2.08898
2.07001
2.04813
2.02362
2.00132
1.98853
1.99127
2.01098
2.04437
2.08573
2.12946
2.17107
2.20751
2.23686
2.25752
2.26804
2.26757
2.25545
2.23097
2.19319
2.14222
2.08094
2.01608
1.95802
1.91828
1.90476
1.91852
1.95456
2.00398
2.05599
2.09968
2.12674
2.13414
2.1246
2.10403
2.07791
2.04953
2.02106
1.99602
1.97995
1.97888
1.99623
2.03058
2.07514
2.11905
2.15098
2.16345
2.15569
2.1336
2.10734
2.08743
2.08106
2.09046
2.11356
2.14594
2.18219
2.2164
2.24202
2.25276
2.24365
2.21189
2.15738
2.08428
2.00353
1.93323
1.89297
1.8935
1.93001
1.98557
2.04145
2.08536
2.11316
2.1268
2.13157
2.13407
2.13914
2.14631
2.14948
2.14187
2.1213
2.09193
2.06185
2.03897
2.02761
2.02822
2.03886
2.05718
2.08184
2.11264
2.14927
2.18956
2.22844
2.25858
2.27257
2.2657
2.23768
2.19282
2.13807
2.08027
2.02473
1.97526
1.93558
1.90944
1.90085
1.91315
1.94594
1.99261
2.0424
2.0841
2.10903
2.11243
2.09413
2.05866
2.01377
1.96869
1.93223
1.91025
1.90467
1.91576
1.94478
1.99255
2.05548
2.12546
2.19372
2.2542
2.30291
2.3356
2.347
2.33389
2.2986
2.24943
2.19623
2.14475
2.09544
2.04714
2.00118
1.96156
1.93237
1.91574
1.91237
1.92232
1.94362
1.97061
1.9953
2.01166
2.01942
2.02406
2.03337
2.05202
2.07908
2.11047
2.14216
2.17179
2.19859
2.2227
2.24462
2.26476
2.28267
2.29666
2.30397
2.30177
2.28855
2.26512
2.23494
2.20369
2.17715
2.15857
2.14742
2.14093
2.13709
2.13519
2.13448
2.13294
2.12766
2.11606
2.09594
2.06497
2.02269
1.97342
1.92627
1.89113
1.8733
1.87152
1.88183
1.90341
1.93988
1.99447
2.06413
2.13792
2.20204
2.24589
2.26507
2.26082
2.23844
2.20469
2.1653
2.12368
2.08093
2.03806
1.999
1.97118
1.96065
1.96625
1.98189
2.00299
2.02895
2.061
2.09883
2.13907
2.17608
2.20428
2.21977
2.22054
2.20643
2.17896
2.14156
2.1001
2.06266
2.03822
2.03297
2.04688
2.07233
2.09814
2.11555
2.12158
2.11851
2.11033
2.09928
2.0851
2.06663
2.04489
2.02477
2.01486
2.02536
2.06317
2.12514
2.19688
2.26047
2.3028
2.31753
2.30364
2.26428
2.20592
2.1367
2.0637
1.99287
1.93188
1.89067
1.87679
1.89063
1.92671
1.979
2.04186
2.10441
2.15089
2.17006
2.16053
2.12912
2.08752
2.0481
2.01911
2.00259
1.99691
2.00031
2.0125
2.03306
2.05948
2.08659
2.1077
2.11708
2.11285
2.09856
2.0824
2.07407
2.08085
2.10403
2.13767
2.1715
2.19543
2.20293
2.19271
2.16863
2.13815
2.10932
2.08779
2.07567
2.07288
2.07865
2.09114
2.10621
2.11821
2.12353
2.1239
2.12543
2.13352
2.14875
2.16698
2.18153
2.18579
2.17577
2.15218
2.12138
2.09409
2.08022
2.08255
2.09565
2.11051
2.11895
2.11458
2.09341
2.05494
2.00369
1.94949
1.90565
1.8849
1.89355
1.92704
1.97191
2.01377
2.04432
2.06247
2.07079
2.07156
2.06585
2.0551
2.04251
2.03241
2.02812
2.03114
2.04168
2.05965
2.0848
2.11578
2.14908
2.18019
2.20654
2.22821
2.24547
2.25666
2.25832
2.24653
2.21834
2.17378
2.11806
2.06125
2.01513
1.98846
1.98267
1.99149
2.00438
2.01094
2.00419
1.98291
1.95398
1.93311
1.93869
1.98008
2.05057
2.13283
2.20942
2.26895
2.30643
2.3211
2.31437
2.28854
2.24736
2.19742
2.14859
2.11104
2.09038
2.08559
2.09081
2.09798
2.09824
2.08365
2.04939
1.99765
1.94149
1.90044
1.88532
1.89008
1.90261
1.91618
1.93086
1.95019
1.97818
2.01761
2.069
2.12941
2.19169
2.24572
2.28245
2.29667
2.2883
2.26225
2.22763
2.19487
2.17065
2.15522
2.14451
2.13546
2.129
2.12802
2.1331
2.14054
2.14458
2.14128
2.13129
2.1211
2.12116
2.13913
2.17372
2.21601
2.25476
2.27941
2.28175
2.25825
2.21242
2.15518
2.10079
2.05989
2.03533
2.02376
2.02038
2.02141
2.02491
2.03024
2.03719
2.04516
2.05342
2.06207
2.07215
2.08426
2.09656
2.10524
2.10614
2.09724
2.0797
2.05688
2.03284
2.01074
1.99251
1.97956
1.97328
1.97411
1.98112
1.99228
2.00567
2.02122
2.04304
2.07839
2.1314
2.19599
2.2569
2.29915
2.31599
2.3102
2.29084
2.26913
2.25453
2.25017
2.25114
2.24896
2.23806
2.21896
2.19677
2.178
2.16729
2.16536
2.16902
2.17269
2.17021
2.1569
2.13142
2.09659
2.05837
2.0235
1.99773
1.98487
1.98565
1.99638
2.0102
2.02061
2.02439
2.02223
2.01742
2.0139
2.01537
2.02466
2.04297
2.06887
2.09847
2.12652
2.14811
2.16048
2.16364
2.1596
2.15097
2.14015
2.1298
2.12373
2.12574
2.13692
2.15374
2.16947
2.17775
2.17541
2.16324
2.14539
2.12854
2.11943
2.12026
2.12613
2.12839
2.12043
2.10097
2.0736
2.04478
2.02127
2.00886
2.01174
2.03231
2.06975
2.119
2.17141
2.21715
2.24816
2.25996
2.25225
2.2284
2.19454
2.15768
2.12332
2.09376
2.06809
2.04357
2.01704
1.98633
1.95074
1.91173
1.87368
1.84418
1.83312
1.84936
1.8957
1.96564
2.04551
2.11986
2.17681
2.20989
2.21723
2.20044
2.16448
2.11776
2.07109
2.03477
2.01443
2.00984
2.0178
2.03502
2.05825
2.08315
2.10435
2.11696
2.11865
2.11096
2.09907
2.0897
2.08763
2.09346
2.10496
2.11914
2.13338
2.14509
2.15129
2.14997
2.14164
2.12975
2.11919
2.1142
2.11666
2.12539
2.13652
2.14465
2.14475
2.13363
2.111
2.07941
2.04394
2.01318
2.00026
2.01878
2.07362
2.15493
2.2433
2.32033
2.37418
2.39855
2.39038
2.34985
2.28168
2.1961
2.10734
2.02907
1.96885
1.92684
1.89944
1.88327
1.87719
1.8825
1.90194
1.93765
1.98881
2.04998
2.11198
2.16511
2.20302
2.224
2.23005
2.22467
2.21167
2.19462
2.17522
2.15196
2.12122
2.08206
2.03894
1.99859
1.96594
1.94487
1.93894
1.94815
1.96797
1.99267
2.01923
2.04831
2.08215
2.12141
2.16307
2.20155
2.23122
2.24861
2.25424
2.25316
2.25125
2.24918
2.24351
2.23258
2.21764
2.20004
2.1799
2.1571
2.1334
2.11312
2.1016
2.10262
2.11569
2.13563
2.15391
2.1617
2.15385
2.13194
2.10359
2.07787
2.06169
2.05859
2.06869
2.08915
2.11544
2.14315
2.1685
2.18806
2.19895
2.19894
2.18649
2.16075
2.12276
2.07692
2.03078
1.99223
1.96571
1.95029
1.94191
1.93771
1.93863
1.94698
1.96187
1.97841
1.99203
2.00234
2.01251
2.02601
2.0433
2.06056
2.07179
2.07211
2.05974
2.03672
2.00915
1.98787
1.98611
2.01211
2.062
2.1222
2.17746
2.21631
2.23225
2.22337
2.19149
2.14147
2.08116
2.02206
1.97887
1.96412
1.97997
2.01687
2.06152
2.10363
2.13725
2.15974
2.17148
2.1757
2.17656
2.17589
2.17206
2.16321
2.15153
2.14432
2.14922
2.16693
2.18918
2.20453
2.20519
2.18925
2.15853
2.11686
2.06955
2.02415
1.99079
1.97967
1.99617
2.03672
2.08944
2.13956
2.17497
2.18902
2.18091
2.15504
2.11995
2.08578
2.06049
2.04692
2.04159
2.03665
2.02427
2.00034
1.96589
1.92572
1.88564
1.85051
1.82453
1.8127
1.82177
1.85796
1.92231
2.00737
2.09902
2.1827
2.24907
2.29499
2.32127
2.33038
2.32614
2.31355
2.29749
2.28114
2.26561
2.25103
2.23747
2.22543
2.21597
2.20964
2.20572
2.20207
2.19548
2.18241
2.15924
2.12306
2.07336
2.01299
1.9475
1.88349
1.82774
1.78759
1.77187
1.78908
1.84136
1.91957
2.00598
2.08287
2.13954
2.17382
2.18951
2.19178
2.18389
2.16737
2.14428
2.11926
2.09985
2.09443
2.10593
2.1276
2.14753
2.15609
2.14881
2.1254
2.08847
2.04241
1.99209
1.94189
1.89548
1.85718
1.83292
1.82975
1.85281
1.90194
1.9707
2.04867
2.12498
2.19003
2.23656
2.25997
2.2584
2.23325
2.19006
2.13867
2.09149
2.05999
2.05086
2.06393
2.09331
2.13055
2.16754
2.19822
2.2192
2.22949
2.22942
2.21985
2.20192
2.1777
2.15106
2.12889
2.12017
2.13105
2.15957
2.19569
2.22639
2.24067
2.23263
2.20227
2.15524
2.10148
2.0521
2.01552
1.99466
1.98802
1.99328
2.01088
2.04319
2.08953
2.14252
2.19088
2.22532
2.24114
2.2367
2.21108
2.16387
2.09761
2.02021
1.94421
1.88232
1.84269
1.82741
1.83492
1.86343
1.91111
1.97288
2.03846
2.09481
2.13106
2.14178
2.12793
2.09601
2.05647
2.02071
1.99698
1.98756
1.99006
2.00107
2.01821
2.03988
2.06449
2.09048
2.11695
2.14431
2.17387
2.206
2.23825
2.26555
2.28243
2.28526
2.2721
2.24214
2.19563
2.13552
2.06893
2.00668
1.96018
1.93698
1.9384
1.96009
1.99432
2.03265
2.0675
2.09351
2.10802
2.11083
2.10357
2.08891
2.0699
2.04906
2.02831
2.00974
1.99699
1.99487
2.00739
2.03526
2.0749
2.11992
2.16317
2.19846
2.22143
2.2295
2.22227
2.20145
2.17108
2.13796
2.11099
2.09798
2.10078
2.11315
2.12344
2.12008
2.09578
2.04844
1.98145
1.90488
1.83513
1.78929
1.7763
1.79297
1.8287
1.87389
1.92441
1.98104
2.04491
2.11148
2.17003
2.21009
2.22786
2.22687
2.21496
2.20087
2.19183
2.1925
2.20454
2.22634
2.25342
2.27893
2.29485
2.29341
2.26895
2.22074
2.15511
2.0859
2.03003
1.99967
1.99645
2.01206
2.0343
2.05358
2.06637
2.07544
2.08768
2.1095
2.1416
2.17697
2.2053
2.21988
2.2207
2.21266
2.20279
2.19825
2.20429
2.221
2.24157
2.25474
2.25028
2.22339
2.17547
2.1124
2.04218
1.973
1.91187
1.86437
1.83525
1.82863
1.84627
1.88505
1.93578
1.98606
2.02575
2.05216
2.07061
2.08971
2.11505
2.14555
2.17456
2.19412
2.2
2.19379
2.18177
2.17147
2.16883
2.1763
2.19168
2.20771
2.21376
2.20018
2.16433
2.11572
2.07387
2.05457
2.05752
2.07153
2.08724
2.10146
2.11304
2.11791
2.10952
2.08402
2.04443
1.9998
1.96076
1.93516
1.92501
1.9263
1.9319
1.93601
1.93759
1.94054
1.951
1.97349
2.00767
2.04807
2.08624
2.1142
2.12733
2.12604
2.11608
2.1059
2.10187
2.1051
2.11199
2.1181
2.12164
2.12477
2.13246
2.14845
2.1707
2.19119
2.20137
2.19738
2.18053
2.15516
2.12615
2.09757
2.07458
2.06632
2.083
2.126
2.18566
2.24954
2.30801
2.35313
2.37716
2.37343
2.33863
2.27447
2.18803
2.09032
1.99448
1.91375
1.85874
1.83531
1.84328
1.87686
1.92617
1.98047
2.03211
2.07923
2.12446
2.16905
2.20757
2.22974
2.22791
2.20387
2.1698
2.14161
2.12872
2.12913
2.13497
2.14005
2.14185
2.13999
2.13487
2.12824
2.12231
2.11742
2.10997
2.09419
2.06752
2.03453
2.00528
1.9881
1.98354
1.98592
1.98989
1.99443
2.00223
2.01586
2.03492
2.05581
2.07383
2.08531
2.08836
2.08247
2.06829
2.04768
2.02379
2.00081
1.98363
1.97722
1.98577
2.01174
2.05525
2.113
2.17774
2.23979
2.29003
2.32297
2.33804
2.33866
2.32966
2.31478
2.2952
2.26951
2.23466
2.18826
2.13099
2.06854
2.01041
1.964
1.92982
1.90312
1.8805
1.86445
1.86244
1.88224
1.92693
1.99254
2.06885
2.14214
2.19868
2.22906
2.23206
2.21579
2.19459
2.18248
2.18694
2.20669
2.23399
2.25939
2.27562
2.27914
2.26918
2.24711
2.21641
2.18315
2.15423
2.13401
2.1227
2.11744
2.11495
2.11299
2.11057
2.10852
2.10966
2.11689
2.1295
2.14035
2.13891
2.11855
2.08249
2.04336
2.01379
1.99765
1.99155
1.99168
1.99587
2.00136
2.00417
2.00117
1.99182
1.97822
1.96372
1.9509
1.94095
1.934
1.93045
1.93215
1.94284
1.96643
2.00412
2.05149
2.09898
2.13648
2.15888
2.16799
2.16963
2.16787
2.16198
2.14885
2.1281
2.10525
2.08991
2.09076
2.1116
2.1498
2.19722
2.24308
2.27741
2.29464
2.29567
2.2869
2.27544
2.26457
2.25291
2.23769
2.2173
2.19195
2.16271
2.13076
2.09784
2.06764
2.04518
2.03315
2.02821
2.02201
2.00683
1.98069
1.9492
1.92388
1.91638
1.93173
1.96601
2.009
2.04925
2.07799
2.09173
2.0925
2.0853
2.07452
2.06172
2.04679
2.02909
2.00797
1.98312
1.955
1.9259
1.90001
1.88147
1.87109
1.86521
1.8594
1.85352
1.85285
1.86528
1.89666
1.94726
2.0116
2.08089
2.14564
2.197
2.22839
2.23643
2.22139
2.18683
2.13878
2.08466
2.03286
1.99208
1.96935
1.96687
1.98076
2.00356
2.02802
2.04962
2.06716
2.08226
2.09818
2.11741
2.14051
2.16622
2.19231
2.21623
2.23528
2.24722
2.25168
2.25128
2.25014
2.25017
2.24942
2.24435
2.23302
2.21632
2.19741
2.18037
2.16909
2.16511
2.16479
2.15975
2.14264
2.11285
2.07735
2.04718
2.03176
2.03395
2.04879
2.06645
2.07708
2.07484
2.05976
2.03728
2.01497
1.99836
1.99022
1.99199
2.00326
2.0192
2.03066
2.02904
2.0121
1.98648
1.9656
1.96342
1.98632
2.02853
2.07597
2.11462
2.13563
2.13659
2.12117
2.09744
2.07471
2.06007
2.05688
2.06515
2.08294
2.10775
2.13734
2.16897
2.19843
2.21997
2.22817
2.22109
2.20191
2.17887
2.16192
2.15817
2.16801
2.18536
2.20156
2.2096
2.2061
2.19031
2.16246
2.12443
2.08344
2.0528
2.04339
2.05361
2.07256
2.09124
2.10648
2.11756
2.12253
2.1181
2.10222
2.0768
2.04751
2.02072
2.00088
1.99029
1.99006
2.00088
2.02218
2.05112
2.08269
2.11188
2.13545
2.1516
2.15887
2.15656
2.14511
2.1264
2.10193
2.0709
2.03039
1.97876
1.92082
1.87039
1.84591
1.8586
1.9033
1.96283
2.02056
2.06745
2.10145
2.12451
2.14001
2.15082
2.15845
2.16361
2.16779
2.17476
2.19032
2.21886
2.25859
2.3
2.3306
2.3414
2.32994
2.29992
2.25929
2.2163
2.17677
2.14396
2.11888
2.10019
2.0857
2.07492
2.06867
2.06586
2.06344
2.0595
2.05542
2.05483
2.06052
2.07239
2.08761
2.10196
2.11114
2.11201
2.10411
2.09035
2.07531
2.06194
2.05069
2.04285
2.04327
2.05799
2.08878
2.13078
2.17499
2.21178
2.23317
2.23477
2.21733
2.18731
2.15442
2.12708
2.10884
2.09796
2.09011
2.08176
2.07161
2.06061
2.05125
2.04589
2.04447
2.04256
2.03335
2.01202
1.97968
1.94573
1.92711
1.93962
1.98565
2.05241
2.12228
2.18198
2.22496
2.25023
2.25997
2.25752
2.24548
2.22482
2.19538
2.15707
2.1113
2.06206
2.01551
1.978
1.95354
1.94324
1.94649
1.96185
1.98722
2.0196
2.05495
2.08943
2.12116
2.15049
2.17845
2.20468
2.22596
2.23759
2.23627
2.22302
2.20319
2.18283
2.1638
2.1432
2.11778
2.08829
2.06042
2.04243
2.0423
2.06333
2.10089
2.14534
2.1878
2.22276
2.24688
2.25693
2.24925
2.22161
2.17607
2.12094
2.06992
2.03703
2.02903
2.04164
2.06324
2.08256
2.09333
2.09456
2.08862
2.07945
2.07098
2.06617
2.06624
2.07021
2.07459
2.07511
2.06935
2.05887
2.04733
2.03622
2.02222
2.00016
1.96865
1.93184
1.89651
1.86848
1.85182
1.85028
1.86638
1.89995
1.94772
2.00473
2.06586
2.12613
2.18026
2.22286
2.24966
2.25922
2.25438
2.24174
2.22915
2.22213
2.22175
2.22446
2.22359
2.21276
2.18976
2.15935
2.13178
2.11601
2.1124
2.1125
2.10678
2.09188
2.07155
2.0534
2.04505
2.05157
2.07427
2.10998
2.1516
2.19021
2.21753
2.22805
2.21956
2.19344
2.15385
2.10713
2.06122
2.02479
2.00527
2.00578
2.02301
2.04875
2.07415
2.09364
2.10598
2.11264
2.11478
2.11169
2.10253
2.08902
2.07578
2.06731
2.06463
2.06444
2.06099
2.0496
2.03054
2.01076
2.00046
2.00522
2.02117
2.03805
2.0463
2.04195
2.0271
2.0083
1.9929
1.98539
1.98644
1.99575
2.01532
2.04852
2.09547
2.15013
2.20232
2.24276
2.26546
2.26801
2.25071
2.21614
2.16911
2.11725
2.07073
2.04065
2.03516
2.05606
2.09807
2.15092
2.20228
2.24092
2.2596
2.2566
2.2351
2.20161
2.1635
2.12703
2.09588
2.07042
2.04888
2.02979
2.01328
2.00024
1.99023
1.98165
1.97345
1.9669
1.96578
1.97464
1.99575
2.02675
2.06096
2.09001
2.10693
2.10906
2.09991
2.08737
2.07894
2.07844
2.08573
2.09932
2.11855
2.14357
2.17305
2.20284
2.22698
2.24017
2.24027
2.22919
2.21233
2.19684
2.18834
2.18736
2.1886
2.18353
2.16596
2.13683
2.10585
2.08712
2.09006
2.11225
2.14144
2.16402
2.17215
2.16536
2.14839
2.12824
2.11122
2.10148
2.10052
2.10782
2.12159
2.13893
2.15457
2.16125
2.1514
2.12029
2.06887
2.00549
1.94493
1.90312
1.88865
1.89862
1.92291
1.95166
1.97889
2.0026
2.02281
2.04009
2.05545
2.07163
2.0922
2.11842
2.14779
2.17558
2.19768
2.2119
2.21756
2.21438
2.20224
2.18213
2.15655
2.12845
2.10021
2.07424
2.05425
2.044
2.04389
2.05061
2.06023
2.07014
2.07854
2.08401
2.08623
2.08702
2.08982
2.09693
2.107
2.11626
2.12153
2.12148
2.1153
2.10186
2.07977
2.04942
2.01665
1.99417
1.99661
2.03186
2.09585
2.17416
2.24869
2.30385
2.32958
2.32164
2.28122
2.2151
2.13513
2.05537
1.98789
1.94012
1.91477
1.91049
1.92353
1.95002
1.9865
2.02801
2.06702
2.09414
2.10316
2.09998
2.10397
2.12536
2.14902
2.15618
2.14428
2.12151
2.09608
2.07219
2.05123
2.03369
2.01984
2.01042
2.00685
2.01054
2.0213
2.03609
2.04928
2.05567
2.05446
2.05053
2.05065
2.05738
2.06713
2.0736
2.07243
2.06336
2.04941
2.03495
2.02373
2.01753
2.01526
2.0138
2.01025
2.00434
1.99809
1.99324
1.98991
1.98809
1.99089
2.00537
2.03892
2.09416
2.16614
2.2433
2.31186
2.3603
2.3825
2.37891
2.35527
2.31886
2.27434
2.22295
2.1659
2.10816
2.05856
2.02609
2.01627
2.02986
2.06324
2.10868
2.15508
2.19043
2.20505
2.19382
2.15659
2.09776
2.02667
1.95799
1.91099
1.90359
1.94162
2.01312
2.09622
2.17166
2.22871
2.26326
2.27435
2.26262
2.23079
2.18365
2.12721
2.06751
2.01013
1.9605
1.92451
1.90688
1.90807
1.92391
1.94782
1.97308
1.99397
2.00631
2.00788
1.99958
1.98606
1.97399
1.96833
1.96927
1.97312
1.97616
1.97883
1.98767
2.01258
2.06037
2.12915
2.20861
2.28575
2.3492
2.3903
2.40379
2.38825
2.34624
2.28436
2.21322
2.14586
2.09428
2.06615
2.06357
2.08373
2.11934
2.16028
2.19594
2.21729
2.21873
2.19904
2.16113
2.11088
2.05522
2.00125
1.95696
1.93064
1.92679
1.94175
1.96535
1.98653
1.99807
1.99958
1.99745
2.00046
2.0149
2.04169
2.07692
2.11398
2.14627
2.16937
2.18145
2.18274
2.17437
2.15771
2.1346
2.10767
2.08097
2.06019
2.05166
2.05964
2.08271
2.1127
2.13793
2.1487
2.14052
2.11387
2.07325
2.02651
1.98402
1.95585
1.94828
1.9613
1.98842
2.01927
2.04349
2.05375
2.04774
2.0287
2.00392
1.98191
1.96867
1.9664
1.97447
1.99173
2.01794
2.05389
2.09993
2.15332
2.2074
2.25351
2.28396
2.29448
2.28493
2.25919
2.2231
2.18256
2.1421
2.10549
2.07675
2.05918
2.05386
2.05925
2.07185
2.08724
2.10089
2.10867
2.10711
2.0949
2.07391
2.0488
2.0248
2.00557
1.99274
1.98723
1.99077
2.00618
2.03559
2.07764
2.12542
2.16813
2.19547
2.20049
2.17979
2.13351
2.06527
1.9825
1.89808
1.8326
1.80991
1.84011
1.90949
1.99458
2.07999
2.16108
2.23769
2.30769
2.36575
2.40634
2.42727
2.43042
2.41987
2.39959
2.37268
2.34194
2.31073
2.28273
2.26108
2.24628
2.23385
2.21508
2.18373
2.14191
2.09863
2.0627
2.03713
2.01977
2.00729
1.99752
1.9887
1.97953
1.97178
1.97105
1.98372
2.01169
2.05033
2.09056
2.12181
2.13492
2.12539
2.09544
2.05345
2.01063
1.97666
1.95547
1.94455
1.93858
1.93509
1.93628
1.94547
1.96247
1.98163
1.99527
1.99794
1.98837
1.96984
1.9486
1.93187
1.92551
1.93206
1.94991
1.97426
1.99884
2.01789
2.02749
2.0269
2.01976
2.01373
2.01664
2.03129
2.05356
2.07623
2.09445
2.10763
2.11822
2.12987
2.14555
2.16603
2.18933
2.21156
2.2281
2.23486
2.22988
2.21461
2.19402
2.17432
2.16021
2.15322
2.15223
2.15488
2.15838
2.16052
2.16081
2.16091
2.16357
2.17016
2.17887
2.18539
2.18513
2.17533
2.1564
2.1317
2.10571
2.08204
2.06289
2.04932
2.04164
2.03907
2.03996
2.04309
2.04925
2.0607
2.07874
2.10112
2.12237
2.13593
2.13634
2.12133
2.09277
2.05693
2.02318
2.00202
2.00104
2.02081
2.05442
2.09203
2.12547
2.15025
2.16582
2.1745
2.17929
2.18223
2.18377
2.18329
2.17957
2.1713
2.15756
2.13902
2.11818
2.09838
2.08147
2.06815
2.06086
2.06345
2.07597
2.09229
2.10326
2.1017
2.08528
2.05826
2.03047
2.01321
2.01374
2.03211
2.06169
2.09296
2.11759
2.13101
2.13271
2.12475
2.10994
2.09072
2.06923
2.04803
2.03055
2.02068
2.02136
2.03355
2.0557
2.08447
2.11502
2.14182
2.16021
2.16829
2.16695
2.1584
2.14483
2.12812
2.11044
2.09384
2.07933
2.06692
2.05763
2.05523
2.06428
2.08651
2.11874
2.15367
2.18227
2.1968
2.19279
2.17024
2.13291
2.08631
2.03599
1.9872
1.94602
1.92021
1.91675
1.93765
1.97914
2.03381
2.09343
2.15033
2.19847
2.23459
2.25811
2.27076
2.27594
2.27764
2.27859
2.27807
2.27114
2.25136
2.21478
2.16237
2.09986
2.03629
1.98242
1.94835
1.94059
1.96055
2.00427
2.06299
2.1239
2.17368
2.2033
2.21008
2.19755
2.17369
2.14828
2.12956
2.12173
2.1238
2.13066
2.13575
2.13307
2.11822
2.08927
2.04767
1.99816
1.94789
1.90497
1.87596
1.86411
1.86883
1.88756
1.91861
1.96213
2.0166
2.07592
2.13195
2.179
2.21373
2.23286
2.23346
2.21449
2.17783
2.12827
2.07271
2.01846
1.97316
1.94545
1.94423
1.97446
2.03213
2.10431
2.17424
2.22765
2.25686
2.26144
2.24726
2.22458
2.20403
2.19212
2.18916
2.1917
2.19601
2.19932
2.19974
2.19561
2.18571
2.16967
2.1494
2.13021
2.1206
2.12835
2.15514
2.19494
2.23694
2.2696
2.28569
2.28546
2.2747
2.2583
2.23445
2.19626
2.13917
2.06649
1.98989
1.92473
1.88325
1.86939
1.8782
1.89939
1.92214
1.93847
1.94479
1.94126
1.93042
1.91577
1.90086
1.88856
1.88056
1.87804
1.88285
1.89786
1.92593
1.96856
2.02506
2.09237
2.16444
2.23207
2.28398
2.30988
2.30524
2.27642
2.23942
2.20709
2.17987
2.15555
2.13845
2.13253
2.13361
2.13386
2.13009
2.12646
2.13039
2.14654
2.17347
2.20514
2.23433
2.25531
2.26488
2.26339
2.25427
2.24154
2.22674
2.20824
2.18463
2.15718
2.12783
2.09719
2.06665
2.03965
2.01898
2.00655
2.00598
2.02087
2.04926
2.08154
2.10533
2.11141
2.09669
2.06376
2.01942
1.97298
1.93425
1.91097
1.907
1.92275
1.95622
2.00267
2.05439
2.10223
2.13925
2.16349
2.17807
2.18859
2.19869
2.20652
2.20525
2.18784
2.15238
2.10524
2.05968
2.03045
2.02657
2.04753
2.08524
2.12949
2.17302
2.21282
2.24696
2.27087
2.27749
2.26173
2.22474
2.17452
2.12211
2.07567
2.03812
2.01046
1.99465
1.99314
2.00733
2.03579
2.07422
2.11686
2.15887
2.19706
2.22858
2.25029
2.25953
2.25621
2.24402
2.22921
2.2173
2.20974
2.20331
2.1924
2.17261
2.14378
2.11036
2.07942
2.05781
2.04967
2.05491
2.06857
2.08303
2.09195
2.09317
2.089
2.08395
2.08185
2.08367
2.08842
2.09526
2.10355
2.11106
2.11339
2.10667
2.09034
2.06839
2.04714
2.03205
2.02487
2.02393
2.02688
2.03353
2.04572
2.06464
2.0879
2.10899
2.11974
2.11447
2.09341
2.06346
2.03559
2.01994
2.02095
2.03528
2.05488
2.07231
2.08367
2.08822
2.08622
2.07781
2.06282
2.04132
2.01406
1.98258
1.94961
1.9197
1.89917
1.89463
1.9102
1.94433
1.99002
2.03754
2.07794
2.10508
2.11672
2.11536
2.10819
2.10482
2.11239
2.13151
2.1564
2.17868
2.19155
2.19177
2.18025
2.16149
2.14258
2.13144
2.13454
2.15476
2.19
2.23331
2.27493
2.30567
2.31956
2.31508
2.29453
2.26266
2.22467
2.18517
2.14712
2.11141
2.07776
2.04559
2.01427
1.98295
1.95018
1.9148
1.87772
1.84348
1.82019
1.81755
1.84331
1.89909
1.97684
2.06024
2.13186
2.18045
2.20369
2.20685
2.19798
2.18317
2.16651
2.15666
2.16797
2.20418
2.25069
2.29409
2.33496
2.37651
2.41317
2.43441
2.43332
2.40892
2.36428
2.30387
2.232
2.15294
2.07315
2.00248
1.95287
1.93248
1.9396
1.9625
1.98626
2.00066
2.00342
1.99872
1.99329
1.99247
1.99757
2.00634
2.01592
2.02598
2.03879
2.05697
2.08101
2.10848
2.13499
2.15537
2.16573
2.16535
2.1576
2.14894
2.14569
2.15095
2.16377
2.18046
2.19599
2.20488
2.202
2.18409
2.15126
2.10738
2.0592
2.01321
1.97263
1.93782
1.91002
1.89361
1.89461
1.91713
1.96034
2.01775
2.07953
2.13641
2.18191
2.21203
2.22443
2.21856
2.19686
2.1654
2.13248
2.10539
2.08674
2.07306
2.05808
2.03845
2.0169
2.00017
1.99421
2.00073
2.01705
2.03832
2.06025
2.08139
2.10383
2.13141
2.16652
2.20773
2.25019
2.28805
2.31697
2.33538
2.3432
2.33995
2.32411
2.29392
2.24935
2.19382
2.13424
2.07941
2.03806
2.01826
2.02499
2.0551
2.0982
2.14302
2.1816
2.20985
2.22645
2.23148
2.22511
2.20762
2.18001
2.14464
2.10548
2.06778
2.03775
2.02185
2.02481
2.04653
2.07995
2.11215
2.12897
2.12003
2.08206
2.01973
1.94414
1.86989
1.81121
1.77863
1.77683
1.80437
1.8547
1.91848
1.98641
2.0513
2.10824
2.15348
2.1837
2.19706
2.19437
2.18013
2.164
2.1595
2.17643
2.21278
2.25618
2.29299
2.31481
2.31936
2.30865
2.28592
2.25558
2.22472
2.20234
2.19431
2.19983
2.21303
2.22609
2.23125
2.22273
2.19951
2.16622
2.1304
2.09759
2.06943
2.04559
2.02601
2.01164
2.00457
2.00706
2.01872
2.03472
2.04908
2.06081
2.07412
2.09141
2.10932
2.12255
2.12897
2.13108
2.13358
2.1391
2.14645
2.15211
2.15283
2.14761
2.13822
2.12854
2.12295
2.12447
2.13355
2.14726
2.15949
2.1626
2.14997
2.1185
2.07034
2.01358
1.96071
1.92389
1.90989
1.91786
1.94102
1.9698
1.99477
2.00882
2.00786
1.99104
1.9615
1.92695
1.89876
1.88833
1.9019
1.9371
1.98386
2.03015
2.06742
2.0926
2.10777
2.11831
2.12969
2.14435
2.16132
2.17778
2.19055
2.19615
2.191
2.17297
2.14373
2.11009
2.0825
2.06952
2.07271
2.08706
2.10567
2.12284
2.13369
2.13419
2.12294
2.10173
2.07357
2.04257
2.01556
2.0017
2.00866
2.03793
2.08336
2.13336
2.17591
2.20382
2.21642
2.21759
2.2119
2.20256
2.19061
2.17502
2.153
2.12094
2.07655
2.02133
1.96309
1.91714
1.9008
1.92093
1.96748
2.02163
2.06854
2.10233
2.12393
2.1365
2.14159
2.13922
2.13121
2.12293
2.11997
2.12429
2.13406
2.14518
2.15259
2.15206
2.14179
2.12316
2.09954
2.07441
2.0505
2.03017
2.0155
2.00754
2.00556
2.00794
2.0136
2.02273
2.03642
2.05537
2.07854
2.10234
2.12133
2.1313
2.13129
2.12314
2.10958
2.09215
2.07039
2.0428
2.00924
1.97321
1.94232
1.92567
1.92933
1.95222
1.98611
2.01996
2.04515
2.05879
2.06298
2.06262
2.06301
2.06796
2.07807
2.09063
2.10099
2.10481
2.1
2.08813
2.07396
2.06251
2.05636
2.05541
2.05774
2.06109
2.06394
2.06752
2.07545
2.09052
2.11167
2.13353
2.14886
2.15221
2.14336
2.12879
2.11973
2.12611
2.15092
2.18906
2.2309
2.26614
2.28771
2.29447
2.29078
2.28157
2.26787
2.24711
2.21607
2.17243
2.11563
2.04801
1.97614
1.91122
1.86685
1.85457
1.87803
1.92939
1.99335
2.05516
2.10533
2.13916
2.15503
2.15339
2.13674
2.11018
2.08053
2.05418
2.03569
2.02795
2.03255
2.04847
2.07048
2.08978
2.09758
2.09009
2.07234
2.05633
2.05323
2.06592
2.08966
2.11852
2.1496
2.18224
2.21507
2.24377
2.26256
2.2676
2.25935
2.24108
2.21599
2.18525
2.14878
2.10647
2.05964
2.01175
1.96829
1.93573
1.92022
1.92566
1.95249
1.99698
2.05152
2.10586
2.15005
2.17774
2.1887
2.18808
2.18312
2.1791
2.1778
2.17861
2.1815
2.18984
2.20826
2.23403
2.25583
2.2643
2.25951
2.24772
2.234
2.21729
2.19238
2.15628
2.11188
2.06457
2.01832
1.97726
1.94633
1.92823
1.92335
1.93165
1.95215
1.98166
2.01574
2.05058
2.08361
2.11239
2.13333
2.14233
2.1367
2.11734
2.08995
2.06382
2.04738
2.04348
2.04893
2.05946
2.0737
2.09285
2.11718
2.14279
2.16258
2.17022
2.16365
2.14624
2.12548
2.11024
2.1075
2.1194
2.14235
2.16894
2.19135
2.20388
2.20373
2.19122
2.1693
2.1427
2.11706
2.0972
2.08469
2.07768
2.07341
2.06851
2.05783
2.03808
2.01392
1.99597
1.99235
2.00458
2.03201
2.07605
2.13781
2.21329
2.29317
2.36611
2.42256
2.4558
2.46196
2.43971
2.39054
2.31961
2.23542
2.14773
2.06532
1.99625
1.9487
1.9279
1.93136
1.94833
1.96507
1.97165
1.96417
1.94215
1.90615
1.85791
1.80286
1.75357
1.73014
1.75032
1.81382
1.90141
1.98885
2.05793
2.09985
2.11389
2.10534
2.08296
2.05661
2.03544
2.02647
2.03381
2.05793
2.09481
2.13694
2.1762
2.20667
2.2255
2.23259
2.22954
2.21867
2.20194
2.18098
2.15759
2.1347
2.11668
2.10798
2.10886
2.11355
2.11298
2.1009
2.07746
2.04819
2.02019
1.99962
1.99201
2.00194
2.02975
2.06789
2.10325
2.1247
2.12878
2.11971
2.10542
2.09256
2.08496
2.08453
2.0924
2.10846
2.1296
2.14938
2.16019
2.15653
2.1376
2.10777
2.07482
2.047
2.03041
2.02776
2.03844
2.05875
2.08212
2.09979
2.10315
2.08673
2.05053
2.00003
1.94474
1.89547
1.86265
1.8551
1.87839
1.93232
2.00922
2.09495
2.17245
2.22668
2.24892
2.2392
2.20553
2.16004
2.1144
2.07871
2.06296
2.07442
2.11136
2.16284
2.2152
2.25746
2.2824
2.28615
2.26775
2.22961
2.17953
2.13207
2.10423
2.10478
2.12738
2.15646
2.17857
2.18762
2.18355
2.16887
2.1456
2.11421
2.07498
2.03055
1.98776
1.9569
1.94764
1.96422
2.00484
2.06601
2.1446
2.23349
2.31786
2.38068
2.41033
2.4031
2.36308
2.30083
2.23034
2.16342
2.10539
2.05538
2.01054
1.96971
1.93377
1.90442
1.88414
1.87629
1.88392
1.90753
1.94397
1.98685
2.02801
2.06004
2.07947
2.08866
2.09506
2.10785
2.13366
2.17325
2.22102
2.26739
2.30254
2.31946
2.31494
2.28907
2.24403
2.18358
2.11337
2.04178
1.97961
1.93723
1.92051
1.92841
1.95579
1.99764
2.05096
2.11381
2.18322
2.25365
2.3167
2.36312
2.38573
2.38143
2.35085
2.29792
2.22887
2.15126
2.07334
2.00271
1.94475
1.90291
1.87996
1.8793
1.90449
1.95521
2.02318
2.09435
2.15677
2.20523
2.23971
2.26164
2.27139
2.26881
2.25574
2.23666
2.21712
2.20128
2.19037
2.1834
2.17792
2.1698
2.15352
2.12562
2.08862
2.05111
2.02407
2.01652
2.03257
2.0704
2.12221
2.17537
2.21589
2.23325
2.22429
2.19382
2.15169
2.10764
2.06702
2.03069
1.99799
1.97008
1.95081
1.94483
1.95411
1.97566
2.00283
2.02867
2.04804
2.05736
2.05416
2.03913
2.01797
1.99962
1.99243
2.00131
2.02603
2.0622
2.10346
2.14416
2.18098
2.21328
2.2405
2.25955
2.26508
2.25249
2.22108
2.17564
2.12582
2.08328
2.05712
2.05005
2.05805
2.0744
2.09321
2.10991
2.12044
2.12113
2.11027
2.08968
2.0653
2.04589
2.04049
2.05489
2.08816
2.13236
2.17634
2.21066
2.22974
2.23201
2.22004
2.20012
2.17931
2.16136
2.14539
2.1283
2.10745
2.081
2.04688
2.00426
1.95991
1.93039
1.93019
1.95702
1.99568
2.03269
2.06201
2.08341
2.09961
2.11359
2.12607
2.1358
2.14275
2.14958
2.15826
2.16672
2.17086
2.16989
2.16769
2.16967
2.17775
2.18798
2.19278
2.18597
2.16617
2.13717
2.10607
2.07983
2.06198
2.05283
2.05272
2.06306
2.08331
2.1095
2.1359
2.15733
2.16999
2.17207
2.16424
2.14878
2.12836
2.1054
2.08204
2.05875
2.03317
2.0014
1.96142
1.91521
1.86851
1.82774
1.79857
1.78758
1.80351
1.85265
1.93217
2.03023
2.13269
2.22832
2.3097
2.37178
2.41124
2.42683
2.42013
2.39558
2.35902
2.31558
2.26848
2.21901
2.16746
2.11415
2.06109
2.01258
1.97424
1.95231
1.95506
1.98944
2.04871
2.11062
2.1539
2.16986
2.1601
2.13185
2.09653
2.06731
2.05349
2.0555
2.06647
2.07806
2.08566
2.08951
2.09225
2.09662
2.1044
2.11684
2.13517
2.15917
2.18543
2.20783
2.22161
2.22624
2.22408
2.21745
2.20715
2.19208
2.16882
2.13284
2.08198
2.02031
1.95883
1.91276
1.89654
1.91858
1.97709
2.05895
2.14416
2.2138
2.25664
2.27073
2.26094
2.23609
2.20682
2.18254
2.16736
2.15868
2.15021
2.13724
2.12078
2.10623
2.0975
2.09423
2.09428
2.09575
2.09667
2.09457
2.08687
2.07293
2.05718
2.05041
2.0642
2.10038
2.14782
2.19018
2.21517
2.21792
2.19989
2.16648
2.12546
2.08548
2.05407
2.03473
2.02549
2.0208
2.01662
2.01389
2.01553
2.01994
2.02175
2.01885
2.01456
2.01286
2.01533
2.02237
2.03515
2.05559
2.0832
2.11279
2.13733
2.15379
2.16583
2.17945
2.19475
2.20463
2.20248
2.18856
2.16933
2.15366
2.14807
2.15411
2.16965
2.19124
2.21477
2.23546
2.24843
2.25012
2.23976
2.21943
2.19432
2.1732
2.16767
2.18561
2.22262
2.26251
2.28811
2.29058
2.27159
2.23955
2.20404
2.17136
2.1419
2.11169
2.07788
2.04327
2.01391
1.99234
1.97488
1.95566
1.93152
1.90334
1.87404
1.84662
1.82444
1.81289
1.8196
1.85113
1.9072
1.97796
2.04784
2.10283
2.13536
2.14485
2.136
2.11624
2.09292
2.0718
2.05724
2.05326
2.06278
2.08377
2.10695
2.11974
2.11361
2.08851
2.05238
2.01629
1.98894
1.97502
1.97746
1.99923
2.04144
2.09996
2.16496
2.22459
2.26902
2.29203
2.29149
2.26922
2.23025
2.1815
2.12999
2.08194
2.0437
2.02248
2.0243
2.04905
2.08922
2.1347
2.17764
2.21299
2.23677
2.24489
2.23374
2.20207
2.15249
2.09196
2.03096
1.98113
1.95148
1.94433
1.95391
1.97022
1.98469
1.99344
1.99658
1.99582
1.99343
1.99255
1.99714
2.01085
2.0359
2.0727
2.12046
2.17689
2.23652
2.29005
2.3267
2.33851
2.3237
2.28703
2.23745
2.18476
2.13692
2.0988
2.07154
2.05327
2.04024
2.02888
2.01774
2.0084
2.00413
2.00714
2.01582
2.02485
2.02905
2.02768
2.02542
2.0294
2.04456
2.07069
2.10267
2.13229
2.15132
2.15416
2.13972
2.11148
2.07601
2.04056
2.01058
1.98849
1.97384
1.96567
1.96447
1.97224
1.99082
2.01982
2.05525
2.09014
2.11709
2.13163
2.13385
2.12699
2.11415
2.09729
2.07876
2.06262
2.05435
2.05954
2.08115
2.11736
2.1622
2.20838
2.2493
2.27859
2.28994
2.27832
2.2433
2.19171
2.13762
2.09653
2.07692
2.0765
2.08538
2.09244
2.09073
2.07966
2.06371
2.0489
2.03978
2.03783
2.04078
2.04272
2.03759
2.02344
2.00454
1.98922
1.9849
1.99467
2.01724
2.04886
2.0852
2.12195
2.15467
2.179
2.19105
2.18837
2.17084
2.14087
2.10365
2.06597
2.03462
2.01442
2.00711
2.0111
2.02216
2.03499
2.04509
2.05022
2.05065
2.04861
2.04736
2.05037
2.06033
2.07839
2.10435
2.13668
2.17255
2.20725
2.23451
2.2481
2.24401
2.22194
2.18561
2.14158
2.09735
2.05935
2.03149
2.0149
2.00876
2.01132
2.02083
2.0355
2.05239
2.06709
2.0751
2.07315
2.0599
2.03643
2.00715
1.97914
1.95927
1.95107
1.95423
1.96648
1.98602
2.01271
2.04695
2.0874
2.12934
2.16649
2.19467
2.21413
2.22735
2.23612
2.2406
2.24032
2.23485
2.22401
2.20767
2.18551
2.15708
2.12214
2.08173
2.03959
2.00348
1.9847
1.99336
2.03087
2.08771
2.15004
2.20679
2.25155
2.28107
2.29412
2.29132
2.27499
2.24884
2.21694
2.18269
2.14837
2.11464
2.08008
2.04184
1.99725
1.94609
1.89288
1.84829
1.82692
1.83835
1.87803
1.92955
1.97727
2.01487
2.04455
2.07043
2.09239
2.10591
2.10696
2.09597
2.077
2.05552
2.03669
2.02495
2.02297
2.03047
2.04409
2.05843
2.06767
2.06767
2.05862
2.04588
2.03738
2.03924
2.0538
2.07971
2.11234
2.14494
2.17112
2.1873
2.19321
2.19024
2.17978
2.16252
2.13892
2.11018
2.07846
2.04671
2.01809
1.99565
1.98263
1.98277
1.99944
2.03338
2.08072
2.13421
2.18652
2.23275
2.27062
2.29921
2.31656
2.31933
2.30476
2.27333
2.22952
2.18029
2.13275
2.09201
2.05973
2.03506
2.01784
2.01119
2.0189
2.03838
2.05906
2.07049
2.06908
2.05804
2.04392
2.03267
2.02645
2.02334
2.02077
2.01887
2.02045
2.02801
2.04065
2.05452
2.06634
2.07643
2.08879
2.10819
2.13658
2.17145
2.20744
2.23908
2.26243
2.27512
2.27518
2.26062
2.23038
2.18647
2.13502
2.08519
2.04654
2.02596
2.02485
2.03853
2.05881
2.07794
2.09082
2.09502
2.09036
2.07862
2.06247
2.04341
2.0205
1.99204
1.95893
1.92672
1.90496
1.90403
1.93036
1.98318
2.05476
2.1338
2.20931
2.27359
2.32331
2.3583
2.37935
2.38663
2.3794
2.35695
2.3197
2.26932
2.20824
2.14007
2.07042
2.00758
1.96085
1.93636
1.93452
1.95106
1.97959
2.01242
2.04106
2.05749
2.05634
2.03734
2.00715
1.97895
1.9675
1.98109
2.01572
2.0576
2.09078
2.10435
2.0962
2.07399
2.05287
2.0491
2.07078
2.11369
2.16469
2.20917
2.23724
2.24532
2.23412
2.2074
2.17251
2.13898
2.11473
2.10346
2.10439
2.1141
2.1292
2.14704
2.16522
2.18094
2.19145
2.19443
2.18838
2.17306
2.14984
2.12226
2.0959
2.07717
2.07062
2.07607
2.08866
2.10141
2.10914
2.11099
2.11064
2.11364
2.12345
2.13951
2.15774
2.17296
2.18112
2.18125
2.17489
2.16357
2.14663
2.12174
2.08758
2.04564
1.99989
1.95506
1.91578
1.88653
1.87081
1.86963
1.88132
1.90263
1.93027
1.96106
1.9924
2.02172
2.04588
2.06122
2.06479
2.05578
2.03668
2.01313
1.99261
1.98158
1.9829
1.99433
2.00915
2.01871
2.01675
2.00469
1.99253
1.99193
2.00648
2.0301
2.05361
2.07176
2.08519
2.09824
2.11494
2.13578
2.15714
2.17315
2.1785
2.17058
2.15089
2.12544
2.10391
2.09742
2.11468
2.15784
2.22037
2.28903
2.34904
2.38943
2.40543
2.3986
2.37475
2.3411
2.30378
2.26629
2.2288
2.1879
2.13844
2.07886
2.01561
1.9608
1.9241
1.90766
1.9087
1.92348
1.94783
1.97713
2.00744
2.0371
2.06655
2.097
2.12901
2.16183
2.19309
2.21936
2.23724
2.24558
2.24632
2.24344
2.24035
2.23882
2.2395
2.24201
2.24386
2.23956
2.22182
2.18547
2.13049
2.06308
1.9943
1.93732
1.90406
1.90186
1.93061
1.98244
2.04456
2.10357
2.14924
2.17587
2.18086
2.16275
2.12103
2.05785
1.98072
1.90316
1.84217
1.81163
1.81568
1.84704
1.89148
1.93559
1.97284
2.00422
2.034
2.06484
2.09602
2.12497
2.14908
2.16686
2.17844
2.18545
2.19027
2.19442
2.19691
2.19475
2.18547
2.16967
2.15151
2.13673
2.12973
2.1323
2.14432
2.16495
2.19236
2.22314
2.25268
2.27663
2.29234
2.2992
2.29744
2.28673
2.26518
2.23057
2.18266
2.12575
2.06896
2.0235
1.99824
1.99601
2.01321
2.04202
2.07304
2.09681
2.10493
2.09191
2.05706
2.00557
1.94754
1.8947
1.85598
1.83468
1.82903
1.83542
1.8517
1.87818
1.91579
1.96325
2.01546
2.06486
2.10425
2.12841
2.13541
2.12813
2.11373
2.09994
2.09078
2.08616
2.0844
2.08429
2.08618
2.09194
2.10382
2.1225
2.14516
2.16629
2.18021
2.18382
2.17717
2.16254
2.14259
2.11988
2.09734
2.07879
2.06856
2.07038
2.08607
2.11487
2.15237
2.19007
2.21723
2.22523
2.21132
2.18005
2.14199
2.10966
2.09251
2.09479
2.11593
2.15039
2.18751
2.21384
2.21778
2.19361
2.14363
2.07801
2.0123
1.96257
1.93946
1.94427
1.96988
2.00478
2.03738
2.05919
2.06615
2.05902
2.04283
2.02586
2.01776
2.0256
2.04954
2.08191
2.11099
2.12724
2.12776
2.11701
2.10375
2.0953
2.09261
2.09084
2.08442
2.07165
2.05574
2.04289
2.03969
2.05211
2.08282
2.12767
2.17625
2.2173
2.24373
2.25441
2.25333
2.24742
2.24406
2.24821
2.26
2.27421
2.28258
2.27729
2.25468
2.21727
2.17292
2.13124
2.09932
2.07886
2.06681
2.0578
2.0468
2.03154
2.01343
1.99674
1.98605
1.9844
1.99243
2.00891
2.03103
2.0547
2.07517
2.0887
2.09449
2.09499
2.09406
2.09434
2.09599
2.09662
2.09223
2.07926
2.05637
2.02493
1.98916
1.95638
1.93516
1.93167
1.94742
1.97942
2.02118
2.06438
2.10153
2.12764
2.14042
2.13948
2.1256
2.10086
2.06905
2.03625
2.01035
1.99876
2.00511
2.0279
2.06316
2.10662
2.15282
2.19441
2.22428
2.23857
2.23736
2.22397
2.20417
2.18442
2.16888
2.1589
2.15516
2.15879
2.16884
2.18068
2.18804
2.18707
2.17833
2.16689
2.16025
2.16429
2.17949
2.19999
2.2158
2.21652
2.19519
2.15127
2.0914
2.02676
1.96808
1.9219
1.89018
1.87247
1.86759
1.87362
1.88803
1.90864
1.93516
1.96808
2.00604
2.0447
2.07835
2.10166
2.11066
2.10321
2.07972
2.04452
2.00663
1.97647
1.95899
1.95129
1.94881
1.95178
1.96502
1.99363
2.03785
2.0898
2.13632
2.16599
2.17377
2.16166
2.13718
2.11104
2.09367
2.09114
2.10268
2.12159
2.13904
2.14799
2.14503
2.13075
2.10964
2.0885
2.07385
2.06968
2.07649
2.09165
2.10995
2.12527
2.13306
2.13246
2.12634
2.11913
2.11394
2.11138
2.10993
2.10713
2.10019
2.08625
2.06278
2.02926
1.99037
1.95793
1.94742
1.9682
2.01537
2.0727
2.12291
2.15538
2.16723
2.16185
2.1477
2.13859
2.14942
2.1841
2.23117
2.27559
2.30747
2.31996
2.30958
2.28135
2.24963
2.2294
2.22449
2.22615
2.22359
2.2128
2.19681
2.18071
2.16716
2.15476
2.14037
2.12281
2.10519
2.09408
2.09544
2.11067
2.13714
2.17068
2.20532
2.2317
2.23837
2.2169
2.16703
2.09926
2.03155
1.98033
1.95333
1.9509
1.97169
2.01405
2.0736
2.1415
2.20569
2.25459
2.28073
2.28198
2.2606
2.22147
2.171
2.11653
2.066
2.02653
2.00228
1.99296
1.99452
2.00154
2.00985
2.01773
2.0248
2.03003
2.03149
2.02776
2.01988
2.01188
2.00831
2.01032
2.01395
2.01282
2.00297
1.9858
1.96719
1.95308
1.94588
1.94464
1.94747
1.95286
1.96009
1.97053
1.98823
2.01657
2.05327
2.09054
2.12018
2.13636
2.13546
2.11532
2.07598
2.02145
1.96075
1.90693
1.87297
1.86735
1.89172
1.94169
2.00931
2.08554
2.16152
2.22895
2.28046
2.31028
2.31577
2.29888
2.26594
2.22578
2.1865
2.15329
2.12843
2.11377
2.1118
2.12328
2.14305
2.16069
2.1652
2.15026
2.1172
2.07471
2.03658
2.01629
2.01959
2.04125
2.06956
2.09437
2.1122
2.12584
2.13984
2.15558
2.17134
2.18651
2.20279
2.21963
2.23111
2.22825
2.20343
2.15371
2.08302
2.00254
1.92875
1.87895
1.86589
1.89308
1.95333
2.03139
2.1095
2.17349
2.21653
2.23938
2.24737
2.24657
2.24109
2.23251
2.22091
2.20634
2.18948
2.17112
2.1509
2.12691
2.09693
2.06039
2.02034
1.98272
1.95341
1.93581
1.93028
1.93459
1.94523
1.95935
1.97568
1.99337
2.01032
2.02343
2.03021
2.03005
2.02442
2.01565
2.00571
1.99575
1.9868
1.98086
1.98127
1.99153
2.01276
2.04316
2.07936
2.11767
2.15393
2.18346
2.20185
2.2059
2.19472
2.17091
2.14052
2.11132
2.09063
2.08336
2.09056
2.10927
2.13426
2.16055
2.18514
2.20685
2.22506
2.23799
2.24189
2.23318
2.21038
2.17411
2.12606
2.06882
2.00713
1.94993
1.90949
1.89472
1.90491
1.93251
1.96994
2.01263
2.05735
2.10084
2.13924
2.16847
2.187
2.19817
2.20816
2.22089
2.23583
2.2516
2.27014
2.29493
2.32414
2.34862
2.35822
2.34854
2.32163
2.28294
2.23823
2.19233
2.14883
2.11028
2.07792
2.05148
2.02991
2.01303
2.00236
1.99941
2.00296
2.00823
2.00946
2.00267
1.98671
1.96275
1.93406
1.90615
1.88611
1.87992
1.89011
1.91518
1.951
1.99161
2.03015
2.06134
2.08358
2.09873
2.10939
2.11571
2.11454
2.1015
2.07439
2.03586
1.99314
1.95544
1.93216
1.932
1.96089
2.01873
2.09721
2.18157
2.25562
2.3071
2.33088
2.32837
2.30485
2.26689
2.22129
2.17471
2.13287
2.10022
2.08017
2.0753
2.08558
2.1068
2.13129
2.15089
2.1601
2.1573
2.14424
2.12483
2.10425
2.08737
2.07662
2.07194
2.07307
2.08061
2.09381
2.10757
2.11408
2.10778
2.08843
2.06015
2.02899
2.00173
1.98452
1.98093
1.99124
2.01343
2.04363
2.07644
2.10613
2.12891
2.14432
2.15433
2.16124
2.16589
2.16812
2.16832
2.16716
2.16389
2.15675
2.1443
2.12664
2.10626
2.08865
2.0806
2.08628
2.10442
2.12888
2.15226
2.16894
2.17637
2.17476
2.16576
2.15069
2.12993
2.10307
2.06962
2.02968
1.98538
1.94202
1.90782
1.89124
1.89847
1.93142
1.98715
2.05767
2.13118
2.19453
2.2363
2.25018
2.2375
2.20729
2.17218
2.14228
2.12235
2.11415
2.11922
2.13867
2.17024
2.2061
2.23451
2.24411
2.22806
2.18681
2.12813
2.06441
2.00817
1.96778
1.94564
1.94037
1.95037
1.97473
2.01041
2.04977
2.08257
2.10104
2.1032
2.09252
2.07465
2.05485
2.03786
2.02942
2.03752
2.06903
2.12323
2.1894
2.25172
2.29703
2.31889
2.31739
2.2972
2.265
2.2282
2.1942
2.16871
2.15261
2.14214
2.13316
2.1246
2.11694
2.10881
2.09691
2.07957
2.05948
2.04325
2.03822
2.04889
2.07507
2.11201
2.15297
2.19136
2.22184
2.23968
2.24021
2.21976
2.17737
2.11671
2.0476
1.98454
1.94134
1.92425
1.92907
1.94503
1.96149
1.97208
1.97517
1.97248
1.967
1.96148
1.95737
1.95517
1.95552
1.95986
1.96983
1.98582
2.00665
2.03036
2.0555
2.08173
2.10962
2.13977
2.17048
2.19664
2.21197
2.21378
2.20673
2.20161
2.20809
2.22825
2.2576
2.28913
2.3154
2.32979
2.3282
2.31039
2.28039
2.24571
2.21435
2.19023
2.17153
2.15305
2.12944
2.09749
2.05778
2.01547
1.97861
1.95486
1.94807
1.9563
1.97269
1.98863
1.99792
1.99933
1.99662
1.99613
2.00319
2.01857
2.03797
2.05583
2.06914
2.07791
2.08358
2.0879
2.09273
2.09964
2.10914
2.11959
2.12727
2.12757
2.11713
2.09671
2.07243
2.05331
2.04583
2.04985
2.06017
2.07195
2.08375
2.09632
2.10991
2.12489
2.14363
2.16871
2.19847
2.22612
2.24367
2.2444
2.22366
2.18032
2.11864
2.04863
1.98377
1.93723
1.91844
1.92978
1.96533
2.01377
2.06389
2.10791
2.1419
2.16504
2.17882
2.18651
2.19167
2.19612
2.19845
2.19501
2.1829
2.16211
2.13542
2.10692
2.08056
2.05905
2.04323
2.0317
2.02106
2.00746
1.9886
1.96454
1.93774
1.91279
1.89626
1.89536
1.91474
1.95374
2.00636
2.06333
2.11388
2.14728
2.15525
2.13428
2.08727
2.02408
1.95988
1.91173
1.89286
1.90849
1.95448
2.01883
2.08606
2.14206
2.17802
2.19151
2.18525
2.16471
2.13562
2.10286
2.07009
2.04054
2.01718
2.00213
1.9957
1.99666
2.00378
2.01764
2.04027
2.07295
2.11403
2.15924
2.20352
2.24171
2.26839
2.27782
2.26573
2.23199
2.18174
2.12477
2.07344
2.03938
2.0288
2.04034
2.06633
2.09722
2.12488
2.14305
2.14695
2.13405
2.10663
2.0719
2.03922
2.01523
2.00215
2.00031
2.01089
2.03514
2.07138
2.11338
2.15118
2.17472
2.1781
2.16237
2.13533
2.10741
2.085
2.06712
2.04853
2.02571
2.0002
1.97808
1.96679
1.97103
1.98978
2.01563
2.03739
2.04462
2.03229
2.00313
1.96694
1.93661
1.9225
1.92788
1.94946
1.98141
2.01781
2.05227
2.07774
2.08948
2.08862
2.08261
2.08137
2.09146
2.11277
2.13873
2.15897
2.16378
2.15026
2.12779
2.11549
2.12799
2.16234
2.20174
2.22901
2.23515
2.22062
2.19217
2.1585
2.12834
2.10899
2.10434
2.11266
2.1265
2.13552
2.1304
2.10646
2.06535
2.01432
1.9629
1.91987
1.89207
1.88448
1.89979
1.93645
1.98798
2.04491
2.09811
2.14064
2.16845
2.18136
2.18414
2.18547
2.19403
2.21332
2.23926
2.26308
2.27673
2.27705
2.26668
2.2519
2.23926
2.23205
2.22866
2.22354
2.2097
2.18114
2.13506
2.07369
2.00429
1.93678
1.8794
1.83658
1.80996
1.80035
1.80809
1.83199
1.86864
1.91304
1.96014
2.00582
2.0465
2.07837
2.09763
2.10205
2.09339
2.07919
2.07163
2.08137
2.11
2.14845
2.18321
2.20378
2.20602
2.19093
2.16166
2.12203
2.07697
2.0349
2.00787
2.00729
2.037
2.08958
2.14987
2.20254
2.23741
2.25023
2.24066
2.21022
2.1613
2.09792
2.02729
1.96073
1.91124
1.88786
1.89083
1.91289
1.9448
1.9793
2.01216
2.04199
2.06885
2.09283
2.11229
2.12355
2.12263
2.10836
2.08434
2.05738
2.03442
2.02156
2.02459
2.04593
2.08072
2.11883
2.15128
2.17387
2.18753
2.19681
2.20726
2.22233
2.24193
2.26272
2.27945
2.28574
2.27618
2.2495
2.20942
2.16182
2.11137
2.06244
2.02328
2.00357
2.00307
2.00836
2.00569
1.99222
1.97493
1.96326
1.96352
1.9777
2.00535
2.04467
2.09172
2.13946
2.17905
2.20273
2.20672
2.19218
2.16457
2.13138
2.10019
2.07749
2.06709
2.06875
2.07731
2.08449
2.0827
2.06845
2.04481
2.02115
2.00791
2.00823
2.01668
2.0282
2.04408
2.06779
2.099
2.13186
2.15842
2.17235
2.17067
2.15337
2.12402
2.09154
2.06862
2.06525
2.08303
2.11524
2.15116
2.17986
2.19233
2.1826
2.14832
2.09103
2.01701
1.93825
1.87185
1.83553
1.83978
1.88179
1.9471
2.01779
2.08012
2.12798
2.16277
2.19106
2.22049
2.25482
2.29126
2.32341
2.34591
2.35673
2.35566
2.34181
2.31313
2.26767
2.20569
2.13081
2.05041
1.97518
1.91787
1.89086
1.90097
1.94259
1.9976
2.04717
2.08238
2.10483
2.12058
2.13344
2.14277
2.14637
2.14392
2.13739
2.13047
2.12825
2.13448
2.14799
2.16405
2.1782
2.18786
2.19183
2.18968
2.18211
2.17156
2.16205
2.15677
2.15558
2.15461
2.1494
2.1379
2.12061
2.09909
2.07479
2.04899
2.02321
2.00024
1.98413
1.97887
1.98673
2.00605
2.03088
2.05321
2.06663
2.06809
2.05788
2.03919
2.01782
2.0011
1.99584
2.00567
2.0288
2.05926
2.09097
2.12102
2.14901
2.1742
2.19484
2.20914
2.21659
2.21786
2.21337
2.20309
2.1872
2.16715
2.14537
2.12379
2.1031
2.08308
2.06267
2.04042
2.01633
1.99405
1.98117
1.98522
2.00701
2.03908
2.07026
2.09206
2.10187
2.10212
2.09756
2.09175
2.08573
2.07955
2.07425
2.07185
2.07286
2.07438
2.07127
2.0593
2.03775
2.0105
1.98579
1.97307
1.97755
1.99721
2.02525
2.05367
2.07476
2.08112
2.06783
2.03504
1.98921
1.94022
1.89673
1.86471
1.8498
1.85755
1.89081
1.94703
2.01821
2.09392
2.16515
2.22575
2.27173
2.30015
2.30988
2.30303
2.28553
2.26449
2.2444
2.22631
2.21008
2.19662
2.18833
2.18791
2.19646
2.21276
2.23409
2.25703
2.27707
2.28746
2.2796
2.24658
2.18738
2.10863
2.02268
1.94396
1.88503
1.85368
1.85124
1.87146
1.90152
1.92624
1.93407
1.92121
1.89202
1.85695
1.82956
1.82374
1.84853
1.90125
1.96771
2.03082
2.07853
2.10591
2.11337
2.10425
2.08295
2.05433
2.02355
1.99541
1.97377
1.96226
1.96482
1.98463
2.0213
2.06937
2.12081
2.16904
2.21071
2.24476
2.27072
2.28798
2.2961
2.29476
2.28378
2.26315
2.23421
2.20038
2.16654
2.13808
2.11909
2.11106
2.11338
2.12398
2.14
2.15723
2.16995
2.17228
2.16024
2.13326
2.09477
2.05204
2.0158
1.99891
2.01206
2.05765
2.12671
2.20251
2.26717
2.307
2.31446
2.28838
2.23389
2.16193
2.08578
2.0158
1.95692
1.90973
1.87259
1.84387
1.8241
1.81773
1.83209
1.87008
1.92335
1.97775
2.02449
2.06215
2.09129
2.11024
2.11582
2.10766
2.09078
2.07267
2.05726
2.04342
2.03045
2.02217
2.02678
2.05289
2.10473
2.17967
2.26835
2.35725
2.43233
2.4826
2.50262
2.49217
2.45494
2.39745
2.32886
2.26104
2.20586
2.17005
2.15195
2.14315
2.13425
2.11983
2.09989
2.0781
2.05801
2.03941
2.01718
1.98376
1.93452
1.87274
1.81123
1.76923
1.76382
1.79856
1.85908
1.92422
1.98042
2.02523
2.06202
2.09433
2.12297
2.14622
2.16189
2.16965
2.17248
2.17617
2.18649
2.20626
2.23496
2.26935
2.30486
2.33619
2.35858
2.36853
2.36434
2.34589
2.31442
2.27274
2.22545
2.1775
2.13174
2.08813
2.046
2.00587
1.96954
1.93973
1.91869
1.90776
1.90781
1.91958
1.94312
1.97615
2.01332
2.04724
2.07127
2.08162
2.07787
2.06292
2.04323
2.02824
2.02684
2.04288
2.07307
2.10985
2.1458
2.17675
2.2015
2.21975
2.2305
2.23219
2.22382
2.20483
2.17531
2.13881
2.10587
2.091
2.09965
2.12118
2.1395
2.14627
2.14275
2.13533
2.13007
2.12926
2.13015
2.12674
2.11332
2.08842
2.05632
2.0252
2.00342
1.99523
1.99831
2.00547
2.00933
2.00572
1.99452
1.9792
1.96589
1.96119
1.96919
1.98972
2.02027
2.05855
2.10219
2.14721
2.18718
2.21422
2.22091
2.20311
2.16214
2.10559
2.04534
1.994
1.96093
1.94975
1.95818
1.97991
2.0072
2.03323
2.05403
2.0693
2.08091
2.08979
2.09355
2.08738
2.06749
2.03401
1.99249
1.95252
1.92497
1.91819
1.93533
1.97342
2.02463
2.07846
2.1237
2.15053
2.15342
2.13314
2.09684
2.05594
2.02299
2.00898
2.02033
2.05488
2.10155
2.14715
2.18321
2.20679
2.21692
2.21254
2.19365
2.16383
2.13097
2.10489
2.09302
2.09715
2.11322
2.13371
2.15127
2.16169
2.16455
2.1619
2.1558
2.1463
2.1318
2.11031
2.08112
