0.764262
0.769217
0.776439
0.785281
0.79493
0.804556
0.813446
0.821135
0.827359
0.832077
0.835432
0.837725
0.839246
0.840077
0.840043
0.838737
0.835699
0.830675
0.823868
0.816121
0.808569
0.802186
0.797506
0.794509
0.79288
0.792429
0.793187
0.79545
0.799662
0.806152
0.814879
0.825198
0.835809
0.844928
0.850567
0.851019
0.845434
0.834216
0.81893
0.80173
0.784631
0.769135
0.756168
0.746293
0.739875
0.737233
0.738545
0.743767
0.752398
0.763449
0.775433
0.786623
0.795354
0.80026
0.800491
0.795984
0.787513
0.776672
0.76556
0.756276
0.75047
0.749175
0.752799
0.76119
0.773728
0.789473
0.807189
0.825416
0.842594
0.857107
0.867639
0.873532
0.874908
0.872525
0.867537
0.861141
0.854311
0.847663
0.841433
0.835433
0.829093
0.821681
0.812618
0.801823
0.790044
0.778812
0.769987
0.765078
0.764673
0.768441
0.775499
0.784742
0.795004
0.80499
0.813243
0.818216
0.818613
0.813631
0.803312
0.788806
0.77242
0.757205
0.746154
0.74123
0.742701
0.749088
0.757959
0.7669
0.774346
0.779947
0.784259
0.787992
0.79151
0.794794
0.797606
0.799638
0.800779
0.801192
0.801461
0.802555
0.805505
0.810788
0.818012
0.825922
0.832807
0.837123
0.838065
0.835623
0.830347
0.822976
0.814286
0.805173
0.79662
0.789545
0.784755
0.782759
0.783799
0.787967
0.795102
0.804588
0.815082
0.824546
0.830844
0.832586
0.829662
0.823251
0.815408
0.808342
0.803845
0.802924
0.805559
0.810712
0.816562
0.821069
0.822644
0.820644
0.81537
0.807802
0.799238
0.791003
0.784038
0.778828
0.775203
0.772383
0.769458
0.765774
0.761471
0.757656
0.756051
0.758362
0.765659
0.778099
0.794518
0.812624
0.82949
0.84234
0.849165
0.849256
0.843244
0.833034
0.821345
0.81108
0.804517
0.80276
0.80558
0.811537
0.818351
0.823467
0.824794
0.821087
0.812368
0.799865
0.785641
0.772104
0.761345
0.754698
0.752607
0.754737
0.760228
0.767963
0.776697
0.785215
0.792491
0.79799
0.80191
0.805277
0.809633
0.816473
0.826437
0.83884
0.851777
0.862545
0.86853
0.86816
0.861349
0.849426
0.83478
0.819959
0.807111
0.797465
0.791213
0.787742
0.786242
0.7862
0.787556
0.790268
0.793678
0.796438
0.797178
0.795124
0.790277
0.783331
0.775609
0.768859
0.765006
0.765626
0.77142
0.781977
0.795892
0.811099
0.825409
0.836912
0.844293
0.846823
0.844312
0.837133
0.826126
0.812682
0.798418
0.784658
0.772061
0.760818
0.751137
0.743398
0.737894
0.734548
0.732994
0.732941
0.734413
0.737463
0.741815
0.746792
0.751543
0.755636
0.759394
0.763917
0.770532
0.780063
0.792414
0.80678
0.822333
0.838431
0.854484
0.86971
0.88316
0.893879
0.901176
0.904702
0.90437
0.900316
0.892748
0.882011
0.868477
0.852722
0.835585
0.818221
0.802281
0.7898
0.782879
0.782891
0.789875
0.802309
0.817469
0.83218
0.843553
0.849649
0.849525
0.843216
0.831331
0.814847
0.795063
0.773539
0.752146
0.732711
0.716879
0.705969
0.700811
0.701673
0.708236
0.719575
0.734198
0.750253
0.765862
0.779396
0.789744
0.796404
0.799415
0.799173
0.796412
0.792035
0.787051
0.782366
0.778498
0.775315
0.772156
0.768116
0.762713
0.75627
0.749993
0.745674
0.745215
0.750079
0.760934
0.777342
0.797648
0.819147
0.838694
0.853476
0.861627
0.862541
0.856787
0.845857
0.832115
0.818535
0.807987
0.80239
0.802096
0.806051
0.81262
0.820462
0.828862
0.837128
0.844284
0.849255
0.851356
0.850476
0.847061
0.841784
0.835296
0.828027
0.819967
0.810822
0.800251
0.788526
0.777044
0.768022
0.76345
0.76387
0.76808
0.773847
0.778969
0.782018
0.782517
0.780563
0.776413
0.770251
0.76215
0.752348
0.741601
0.731384
0.723938
0.72179
0.726787
0.739274
0.757866
0.779889
0.802083
0.821303
0.834887
0.841048
0.839173
0.830285
0.817144
0.803806
0.794562
0.792655
0.799266
0.81314
0.831006
0.848698
0.862688
0.871096
0.873656
0.871306
0.8655
0.857619
0.848598
0.838738
0.827934
0.816097
0.803647
0.791848
0.782764
0.778752
0.781544
0.791368
0.806453
0.823342
0.837943
0.846782
0.84796
0.841549
0.829264
0.813806
0.797947
0.783804
0.772554
0.764555
0.759702
0.757696
0.758137
0.760444
0.763831
0.767417
0.770493
0.772642
0.773735
0.773839
0.773082
0.771772
0.770327
0.769136
0.768473
0.768476
0.769256
0.77095
0.773759
0.777684
0.782464
0.78755
0.792298
0.796312
0.799456
0.801708
0.802941
0.802777
0.800749
0.796588
0.790518
0.783365
0.776403
0.771088
0.768773
0.770338
0.776055
0.785349
0.796865
0.808565
0.81827
0.824306
0.825997
0.823865
0.819286
0.813981
0.809404
0.806498
0.805733
0.807094
0.810303
0.81487
0.820018
0.824786
0.828155
0.829162
0.827064
0.82159
0.813087
0.802722
0.792308
0.783911
0.778979
0.777732
0.779103
0.781163
0.781927
0.779985
0.774968
0.767468
0.758855
0.75082
0.744972
0.74268
0.745041
0.752715
0.765714
0.782867
0.801882
0.81999
0.834884
0.845144
0.850303
0.850373
0.845526
0.835966
0.821982
0.804319
0.784367
0.764092
0.745608
0.730639
0.720175
0.714725
0.714738
0.720788
0.733121
0.751015
0.772792
0.796218
0.819133
0.839786
0.856993
0.870189
0.879366
0.884867
0.88707
0.886161
0.882184
0.875117
0.864891
0.851474
0.83483
0.815172
0.793284
0.770704
0.749634
0.732345
0.720539
0.715032
0.71606
0.723691
0.737773
0.7576
0.78165
0.807669
0.833229
0.856054
0.874266
0.886601
0.892549
0.892266
0.886547
0.876522
0.863384
0.848245
0.832057
0.815659
0.800138
0.786868
0.777296
0.772378
0.771942
0.774537
0.777791
0.779325
0.777848
0.773651
0.768398
0.764128
0.7622
0.762751
0.764868
0.76734
0.769303
0.770544
0.771239
0.771615
0.771768
0.771754
0.771709
0.772102
0.773679
0.777228
0.783277
0.791956
0.802699
0.814265
0.824886
0.832713
0.836381
0.835319
0.829874
0.821145
0.810713
0.800427
0.792099
0.78725
0.786743
0.790489
0.797527
0.806192
0.814562
0.820834
0.823852
0.823408
0.820189
0.815357
0.809954
0.804467
0.798925
0.79332
0.787913
0.783322
0.780334
0.779636
0.781525
0.785907
0.79246
0.800634
0.809737
0.818953
0.827468
0.83458
0.839887
0.843074
0.84368
0.841203
0.835395
0.82653
0.815359
0.802901
0.79024
0.778491
0.76884
0.762452
0.760043
0.761421
0.76537
0.770049
0.77363
0.774892
0.773379
0.769328
0.763452
0.756701
0.750067
0.744461
0.740758
0.739749
0.742129
0.74844
0.758999
0.773831
0.792671
0.814903
0.839566
0.865254
0.890109
0.912167
0.929764
0.941808
0.947906
0.948104
0.942354
0.930288
0.911254
0.884858
0.851858
0.814877
0.778075
0.745867
0.721608
0.707066
0.702521
0.706667
0.716867
0.730014
0.743299
0.754662
0.762844
0.767373
0.768571
0.767352
0.765059
0.76311
0.762561
0.763748
0.766147
0.768751
0.77082
0.772355
0.77398
0.776292
0.779439
0.783189
0.787221
0.791353
0.795582
0.799936
0.80451
0.809463
0.815024
0.821437
0.828817
0.836919
0.844826
0.850777
0.852559
0.848218
0.836809
0.818938
0.796911
0.774272
0.754707
0.740993
0.734261
0.733994
0.738575
0.746336
0.7561
0.767283
0.77962
0.792822
0.806257
0.819012
0.830143
0.838955
0.84538
0.849899
0.853308
0.855915
0.857166
0.855947
0.851477
0.843909
0.834167
0.823417
0.812583
0.802225
0.79253
0.783497
0.774938
0.766804
0.759443
0.753649
0.75059
0.751443
0.756766
0.766128
0.778135
0.790992
0.803144
0.813803
0.822936
0.830921
0.838136
0.844602
0.849971
0.853586
0.854759
0.853094
0.848644
0.84196
0.833927
0.825311
0.816419
0.806965
0.796382
0.784586
0.772716
0.763195
0.759032
0.762202
0.772559
0.787795
0.804444
0.819231
0.829818
0.835131
0.835105
0.8303
0.821455
0.809305
0.794617
0.77846
0.76224
0.747511
0.735489
0.726821
0.721775
0.720776
0.724731
0.73456
0.750066
0.769246
0.788877
0.805958
0.819015
0.828268
0.83495
0.840313
0.845077
0.849228
0.852182
0.853197
0.851706
0.847597
0.841177
0.833046
0.824036
0.814976
0.806788
0.800287
0.79589
0.79362
0.793013
0.793468
0.794247
0.794546
0.793671
0.791198
0.787127
0.781759
0.775776
0.770057
0.765688
0.763723
0.764927
0.769513
0.777045
0.786422
0.796197
0.80495
0.811621
0.815629
0.816944
0.815987
0.813606
0.811088
0.809757
0.810663
0.814155
0.819689
0.825836
0.830722
0.83265
0.830544
0.824386
0.815254
0.805076
0.796023
0.789805
0.787123
0.787612
0.790036
0.792606
0.793378
0.790815
0.784253
0.774149
0.762001
0.749901
0.740079
0.734398
0.734109
0.739667
0.750546
0.765263
0.781652
0.797278
0.810058
0.818583
0.822219
0.821066
0.815718
0.80717
0.796778
0.786203
0.777293
0.771736
0.770815
0.775004
0.78381
0.79575
0.808728
0.820568
0.829374
0.83389
0.83377
0.829698
0.823229
0.816386
0.811122
0.808794
0.809979
0.814622
0.822232
0.832002
0.842788
0.853251
0.861985
0.86783
0.870049
0.868159
0.86182
0.850936
0.835807
0.817496
0.797811
0.779025
0.763224
0.751773
0.744957
0.741809
0.740384
0.738556
0.735009
0.729957
0.7251
0.722835
0.724923
0.731625
0.742221
0.755786
0.771574
0.788532
0.804933
0.818747
0.828639
0.834534
0.83763
0.839751
0.842168
0.845126
0.847757
0.84877
0.847249
0.843143
0.837154
0.830647
0.825118
0.821799
0.821258
0.823225
0.826687
0.830176
0.832277
0.831887
0.828363
0.821567
0.811935
0.800584
0.789349
0.78037
0.77557
0.776268
0.782733
0.793448
0.805183
0.814436
0.819055
0.81869
0.814244
0.807089
0.798657
0.790321
0.783337
0.778704
0.77695
0.777863
0.780398
0.783109
0.784602
0.783984
0.781105
0.776552
0.771472
0.767235
0.765126
0.765962
0.769871
0.77616
0.783499
0.79026
0.794903
0.796456
0.794979
0.791913
0.789807
0.791154
0.79728
0.807866
0.821255
0.835111
0.847222
0.856046
0.861051
0.862856
0.863033
0.863358
0.864787
0.867021
0.868884
0.868791
0.865107
0.856409
0.841967
0.822008
0.797877
0.771824
0.74652
0.724436
0.707486
0.696673
0.692275
0.694041
0.701307
0.713091
0.728182
0.745524
0.764236
0.783524
0.802415
0.81983
0.834875
0.847156
0.856719
0.863875
0.86874
0.871021
0.870046
0.865068
0.855666
0.842098
0.825567
0.808119
0.792393
0.780893
0.775369
0.776445
0.783614
0.795484
0.81015
0.825492
0.839377
0.849807
0.855234
0.854968
0.849278
0.839388
0.827011
0.813791
0.801038
0.789376
0.77882
0.76889
0.758734
0.747426
0.734353
0.719609
0.704155
0.68977
0.678629
0.672749
0.673422
0.681053
0.695226
0.714875
0.738367
0.763543
0.787969
0.809359
0.82595
0.836987
0.842594
0.843456
0.840672
0.835491
0.829225
0.82314
0.818238
0.815069
0.813648
0.813438
0.813372
0.812152
0.808695
0.802435
0.793364
0.782174
0.770358
0.760185
0.754316
0.75477
0.761948
0.774368
0.789312
0.804014
0.816444
0.825368
0.830365
0.831615
0.829885
0.826474
0.822901
0.820785
0.82154
0.825918
0.833588
0.842942
0.851436
0.856373
0.855564
0.847903
0.833484
0.813582
0.790334
0.766241
0.743913
0.725637
0.713151
0.707291
0.707758
0.713293
0.722157
0.732661
0.743564
0.754362
0.765186
0.77642
0.788254
0.800315
0.811427
0.819888
0.824044
0.82296
0.816805
0.806974
0.795458
0.783823
0.772664
0.761869
0.751398
0.741869
0.734664
0.731532
0.733793
0.741801
0.754908
0.771709
0.790604
0.810146
0.829271
0.847256
0.863453
0.8772
0.887896
0.895095
0.898642
0.898753
0.896026
0.891295
0.885434
0.878955
0.871882
0.863766
0.853857
0.841381
0.825815
0.806986
0.785355
0.762054
0.738846
0.71769
0.700305
0.687812
0.680596
0.678349
0.680333
0.685737
0.69382
0.704041
0.716083
0.729761
0.744829
0.760791
0.776734
0.791445
0.803879
0.813612
0.821285
0.828377
0.836521
0.846427
0.857189
0.866702
0.872601
0.873198
0.867871
0.856835
0.840771
0.820669
0.797989
0.774863
0.753892
0.737731
0.728311
0.72641
0.731591
0.742675
0.758207
0.776623
0.796178
0.815049
0.831367
0.843589
0.850655
0.852247
0.848921
0.841982
0.833115
0.824089
0.81639
0.810997
0.808418
0.808715
0.811362
0.815218
0.818751
0.820489
0.819412
0.815193
0.808263
0.799634
0.790806
0.78356
0.779751
0.780629
0.786443
0.79614
0.807591
0.81811
0.825313
0.827743
0.825402
0.819716
0.812746
0.806058
0.800093
0.794273
0.787831
0.780434
0.772525
0.765091
0.759351
0.756423
0.757182
0.7623
0.772092
0.786305
0.803828
0.822647
0.840113
0.853324
0.859853
0.858339
0.848909
0.83331
0.814695
0.796925
0.783554
0.776953
0.777801
0.785187
0.797053
0.810842
0.824134
0.835038
0.842456
0.84597
0.845763
0.842343
0.836164
0.827428
0.816254
0.803008
0.788726
0.775215
0.764578
0.758572
0.757971
0.762433
0.770544
0.78048
0.790406
0.799045
0.805782
0.810836
0.815001
0.81926
0.824247
0.829876
0.835329
0.839497
0.84161
0.841551
0.839888
0.837496
0.835152
0.833081
0.830945
0.827953
0.823208
0.816005
0.806065
0.793615
0.779379
0.764536
0.750711
0.739755
0.733646
0.73391
0.740941
0.753489
0.768763
0.783179
0.793499
0.797857
0.796271
0.790518
0.783174
0.776475
0.771715
0.769234
0.768883
0.770491
0.774094
0.779936
0.788217
0.798846
0.811241
0.824238
0.836399
0.846393
0.853158
0.856081
0.854962
0.849906
0.841363
0.830045
0.816855
0.802832
0.789238
0.777489
0.769032
0.765003
0.765689
0.770189
0.776585
0.78266
0.786883
0.788871
0.789703
0.791342
0.795389
0.80197
0.809643
0.816184
0.819646
0.818948
0.81399
0.805459
0.794574
0.782922
0.772415
0.765171
0.763074
0.767212
0.777254
0.791509
0.807367
0.822031
0.83321
0.839559
0.840934
0.838665
0.835555
0.834895
0.838976
0.847658
0.858503
0.868324
0.874719
0.876596
0.873964
0.867408
0.857739
0.845719
0.831959
0.816747
0.800021
0.781763
0.762369
0.742879
0.725111
0.711385
0.703875
0.703497
0.709259
0.718651
0.728917
0.738166
0.745743
0.752157
0.758585
0.766238
0.775671
0.786446
0.797209
0.806235
0.812171
0.814458
0.813546
0.810409
0.806025
0.801048
0.795886
0.791129
0.787887
0.787843
0.79257
0.802689
0.81719
0.833508
0.848385
0.858868
0.863052
0.860416
0.851814
0.839294
0.825657
0.813932
0.806445
0.804211
0.806787
0.812592
0.819511
0.825702
0.829959
0.831839
0.831349
0.828661
0.824116
0.818398
0.812455
0.807211
0.803143
0.800041
0.797168
0.793641
0.788801
0.782728
0.776351
0.771242
0.769156
0.77133
0.777982
0.788094
0.799485
0.809318
0.815068
0.815397
0.810617
0.802379
0.792627
0.782867
0.774036
0.76676
0.76158
0.758881
0.758869
0.76153
0.766841
0.774851
0.785611
0.798874
0.813744
0.828761
0.842062
0.851676
0.855951
0.853906
0.845448
0.831456
0.813573
0.793822
0.774278
0.756849
0.743198
0.734807
0.73276
0.737527
0.748619
0.764459
0.782616
0.800465
0.81573
0.82702
0.834163
0.838079
0.840376
0.84246
0.844843
0.847066
0.84828
0.848049
0.846663
0.844819
0.843042
0.841571
0.840359
0.839352
0.838688
0.838593
0.839142
0.840122
0.840855
0.840482
0.838173
0.833251
0.825139
0.813288
0.797172
0.776907
0.753866
0.730763
0.710784
0.69651
0.689599
0.690939
0.700783
0.718327
0.741548
0.767461
0.792915
0.815225
0.83247
0.843566
0.848009
0.845706
0.837056
0.822922
0.804816
0.784957
0.766125
0.751416
0.743709
0.744766
0.754566
0.771191
0.791553
0.812336
0.830666
0.844432
0.852295
0.853603
0.84826
0.836803
0.820446
0.800918
0.780201
0.760088
0.742009
0.726979
0.715641
0.70839
0.705549
0.707323
0.71371
0.724518
0.739412
0.757777
0.778565
0.800301
0.821206
0.839557
0.854056
0.864103
0.869943
0.872659
0.873983
0.87569
0.878606
0.881793
0.883039
0.879976
0.871397
0.857734
0.840877
0.82356
0.808375
0.796919
0.789346
0.784519
0.780787
0.776963
0.772736
0.768533
0.764913
0.762068
0.75996
0.758976
0.76016
0.764473
0.771577
0.779615
0.786366
0.790396
0.791404
0.789822
0.786583
0.782884
0.780039
0.779218
0.781149
0.786009
0.793326
0.801999
0.810438
0.816974
0.82029
0.81969
0.815278
0.807999
0.799345
0.791095
0.784824
0.781497
0.781132
0.782973
0.786158
0.790014
0.794282
0.798692
0.802859
0.806212
0.808233
0.808742
0.807998
0.806492
0.804656
0.802781
0.800888
0.798679
0.795796
0.791988
0.787228
0.781722
0.775875
0.770243
0.765565
0.762679
0.762543
0.765752
0.772315
0.781642
0.792767
0.804788
0.816926
0.828591
0.839241
0.848316
0.855217
0.859478
0.860985
0.860099
0.857525
0.854167
0.85071
0.847417
0.844092
0.840297
0.835574
0.829733
0.82296
0.815662
0.808241
0.8011
0.794597
0.789135
0.785159
0.782747
0.781431
0.780248
0.778262
0.775233
0.771874
0.769391
0.768643
0.769452
0.770373
0.76929
0.764379
0.754838
0.741397
0.726143
0.7119
0.701505
0.697032
0.699351
0.708064
0.721824
0.739057
0.758631
0.780008
0.802929
0.826909
0.851083
0.874145
0.894629
0.911296
0.923261
0.929948
0.931023
0.926373
0.916089
0.900624
0.880792
0.857946
0.833774
0.81017
0.788872
0.771122
0.757444
0.747742
0.741678
0.738988
0.73969
0.744099
0.752508
0.764852
0.780302
0.796975
0.812232
0.82317
0.827394
0.823769
0.813104
0.798225
0.782958
0.770484
0.762162
0.758031
0.757649
0.760489
0.765822
0.772524
0.779383
0.78536
0.789699
0.792055
0.792416
0.791031
0.788394
0.784957
0.781116
0.777318
0.774217
0.772724
0.773592
0.777182
0.783392
0.791767
0.801531
0.811558
0.820504
0.827117
0.830674
0.831165
0.829076
0.82532
0.821077
0.81766
0.816379
0.818149
0.82316
0.830669
0.839274
0.847473
0.854041
0.858273
0.859887
0.858822
0.855196
0.849246
0.841347
0.831936
0.821556
0.810815
0.800208
0.789965
0.780043
0.770446
0.761507
0.753677
0.747272
0.742139
0.737586
0.732851
0.727662
0.72244
0.718212
0.71638
0.718309
0.724939
0.736408
0.751891
0.76972
0.787786
0.803962
0.816313
0.823342
0.824068
0.81836
0.807212
0.792686
0.777773
0.765778
0.759744
0.761615
0.771642
0.788345
0.809117
0.831101
0.851718
0.868901
0.881264
0.888191
0.889716
0.886226
0.878352
0.866841
0.852562
0.836699
0.820691
0.806279
0.795118
0.788116
0.785131
0.785061
0.786335
0.787479
0.787661
0.786847
0.785651
0.784892
0.785154
0.786506
0.788458
0.790353
0.791885
0.793354
0.795547
0.799146
0.804455
0.811288
0.819228
0.827857
0.836822
0.845453
0.85269
0.857232
0.857933
0.85426
0.846279
0.834424
0.819209
0.801282
0.781695
0.761996
0.744237
0.730435
0.721907
0.718837
0.720405
0.725267
0.732209
0.74028
0.748774
0.75699
0.764246
0.769961
0.773952
0.776522
0.778397
0.780473
0.783436
0.7875
0.792308
0.797194
0.801594
0.805326
0.808438
0.810955
0.812573
0.812563
0.809943
0.804005
0.794681
0.782922
0.770776
0.760863
0.755716
0.756928
0.764539
0.777004
0.791622
0.805576
0.816759
0.824204
0.828191
0.829794
0.830331
0.830788
0.831728
0.833429
0.836058
0.839725
0.844476
0.850108
0.856148
0.862022
0.867067
0.870764
0.872702
0.872528
0.869906
0.864415
0.855631
0.843482
0.82859
0.812185
0.795504
0.779432
0.764442
0.750907
0.739244
0.729796
0.722818
0.71835
0.716371
0.717053
0.72088
0.728472
0.740182
0.755524
0.772754
0.789117
0.801732
0.808527
0.808703
0.802558
0.791128
0.77609
0.759772
0.745057
0.735158
0.732935
0.739784
0.755016
0.776132
0.799857
0.823056
0.843273
0.858786
0.868566
0.872223
0.870126
0.863331
0.853561
0.843
0.833716
0.827232
0.824141
0.823951
0.825501
0.827533
0.829181
0.829985
0.829606
0.827547
0.823191
0.816116
0.806487
0.795403
0.78493
0.777689
0.776067
0.781327
0.792792
0.807886
0.823192
0.835743
0.843889
0.847386
0.846798
0.84307
0.837243
0.830348
0.82338
0.817426
0.813508
0.812399
0.814363
0.818862
0.824544
0.829523
0.831863
0.829983
0.822796
0.809891
0.791567
0.76927
0.745604
0.723923
0.707464
0.698445
0.697526
0.703876
0.71569
0.730756
0.746736
0.76145
0.773097
0.780482
0.783175
0.781521
0.776719
0.77071
0.765908
0.764587
0.768177
0.776897
0.78993
0.805823
0.823136
0.840731
0.857507
0.872323
0.88399
0.891482
0.894482
0.893492
0.88959
0.8839
0.877013
0.868895
0.859319
0.848327
0.836356
0.823915
0.811241
0.79846
0.785895
0.774375
0.765087
0.759212
0.757512
0.759971
0.765645
0.772943
0.779909
0.784609
0.785479
0.781644
0.77293
0.759873
0.743601
0.725753
0.708305
0.693497
0.683419
0.679748
0.683397
0.694395
0.711888
0.734066
0.758383
0.782068
0.802728
0.818845
0.829902
0.836076
0.837861
0.835805
0.830495
0.822544
0.81281
0.802286
0.792092
0.78338
0.777071
0.773682
0.773148
0.77489
0.778036
0.781806
0.785769
0.789998
0.795029
0.801581
0.810136
0.820563
0.832122
0.843899
0.855229
0.865759
0.875199
0.882993
0.888183
0.889543
0.885871
0.876333
0.860702
0.83937
0.813485
0.785145
0.757326
0.733403
0.716338
0.707922
0.708489
0.717208
0.732502
0.752286
0.774346
0.796436
0.816539
0.832932
0.844412
0.850345
0.850602
0.845642
0.83648
0.824613
0.811884
0.800079
0.790678
0.784505
0.781755
0.782231
0.785526
0.791111
0.798307
0.806412
0.814698
0.822404
0.828701
0.832724
0.833751
0.831618
0.8267
0.819717
0.811359
0.801967
0.791468
0.77975
0.767084
0.754434
0.743533
0.736643
0.735875
0.742545
0.756491
0.775836
0.797442
0.817826
0.834067
0.844556
0.849156
0.849018
0.846225
0.843081
0.841419
0.841898
0.843711
0.844916
0.843241
0.837022
0.825785
0.81031
0.792323
0.774045
0.757865
0.746078
0.740473
0.741817
0.749578
0.762148
0.777259
0.792607
0.8062
0.816524
0.822892
0.825531
0.825301
0.823206
0.819791
0.814942
0.808084
0.798631
0.786204
0.770883
0.753487
0.735678
0.719939
0.709115
0.705436
0.709807
0.721759
0.74004
0.763024
0.788793
0.815101
0.839496
0.859578
0.873498
0.880346
0.880267
0.874337
0.864185
0.851612
0.838151
0.825034
0.813116
0.803092
0.795554
0.790931
0.789086
0.789345
0.790632
0.791805
0.792015
0.790913
0.788705
0.785826
0.782633
0.779321
0.775987
0.772641
0.769217
0.765651
0.761909
0.758375
0.756
0.756157
0.760146
0.768463
0.780537
0.794926
0.809872
0.823819
0.835679
0.844762
0.850612
0.853004
0.852064
0.848429
0.843195
0.837479
0.832185
0.827904
0.82505
0.823964
0.824823
0.827384
0.830563
0.832588
0.831442
0.825599
0.81456
0.799014
0.780657
0.761874
0.745227
0.733089
0.727194
0.728443
0.736512
0.749804
0.765917
0.782407
0.79744
0.810007
0.819761
0.826862
0.831782
0.835159
0.837494
0.838753
0.838574
0.83661
0.83302
0.828282
0.822846
0.816865
0.810249
0.803211
0.796464
0.791132
0.788146
0.787814
0.789799
0.793455
0.798272
0.804162
0.811293
0.819569
0.828137
0.83526
0.838984
0.837952
0.832052
0.822489
0.811281
0.800588
0.791988
0.786471
0.78459
0.786693
0.792887
0.802626
0.8145
0.826406
0.835954
0.841069
0.840592
0.834665
0.824978
0.814045
0.804132
0.79639
0.790827
0.786881
0.784203
0.782713
0.782447
0.783143
0.784177
0.784876
0.784975
0.784646
0.784379
0.784581
0.785523
0.787306
0.78991
0.793059
0.796157
0.79835
0.798835
0.79728
0.793982
0.789867
0.786142
0.783947
0.78381
0.785401
0.787644
0.789168
0.788844
0.786229
0.781687
0.776278
0.77144
0.768492
0.768349
0.771299
0.776975
0.784321
0.791979
0.798487
0.802717
0.804086
0.802719
0.799321
0.795077
0.791256
0.788913
0.788737
0.791066
0.795978
0.803301
0.812181
0.820937
0.827384
0.829548
0.826204
0.817227
0.803632
0.787315
0.770698
0.756071
0.745135
0.738699
0.736813
0.738888
0.743994
0.750982
0.758603
0.765575
0.770857
0.77379
0.77444
0.773824
0.773711
0.776042
0.782259
0.792715
0.806526
0.821834
0.836539
0.848997
0.858426
0.864833
0.868521
0.869676
0.868235
0.863941
0.856602
0.846264
0.833454
0.819187
0.80476
0.791527
0.780705
0.773252
0.769728
0.769971
0.773221
0.778011
0.782452
0.784553
0.782795
0.776563
0.766427
0.75401
0.741713
0.732218
0.727916
0.730434
0.740315
0.75685
0.778032
0.801103
0.823207
0.84198
0.855876
0.864222
0.867192
0.865967
0.862373
0.858388
0.855769
0.855805
0.859303
0.866378
0.875777
0.884693
0.889313
0.886168
0.873206
0.850176
0.818424
0.780932
0.742148
0.707375
0.681599
0.668039
0.667445
0.678318
0.697776
0.722481
0.749082
0.774325
0.795284
0.809746
0.816717
0.816848
0.812224
0.805765
0.800574
0.798963
0.801709
0.807883
0.815281
0.821293
0.823685
0.82112
0.8135
0.801968
0.788649
0.776174
0.76706
0.763203
0.765413
0.773247
0.785268
0.799458
0.813595
0.825776
0.834627
0.839498
0.840495
0.838244
0.833444
0.826453
0.817107
0.804971
0.790023
0.773077
0.755987
0.741507
0.732495
0.730973
0.737389
0.750433
0.767634
0.786237
0.803793
0.818581
0.829576
0.836307
0.838617
0.836608
0.830747
0.822023
0.811881
0.80208
0.794343
0.789949
0.78946
0.792778
0.799287
0.808138
0.818521
0.829542
0.840204
0.849323
0.855622
0.857964
0.855815
0.849551
0.840512
0.830614
0.821768
0.815299
0.811743
0.811059
0.812909
0.816592
0.82105
0.824804
0.826484
0.825298
0.821222
0.814877
0.807246
0.799146
0.790951
0.782724
0.774512
0.766595
0.759355
0.75332
0.749355
0.748622
0.752093
0.760129
0.772235
0.787314
0.803858
0.820025
0.833707
0.842731
0.845148
0.839675
0.826174
0.805772
0.780852
0.754789
0.731391
0.714105
0.705328
0.705906
0.71508
0.730861
0.750538
0.771179
0.7902
0.805842
0.817444
0.825391
0.830695
0.834454
0.837303
0.839253
0.840196
0.840368
0.840532
0.841685
0.844592
0.849388
0.855411
0.861411
0.865855
0.867289
0.864646
0.857444
0.845884
0.831171
0.815627
0.802264
0.794026
0.792815
0.798795
0.810454
0.825105
0.839609
0.851097
0.85756
0.857791
0.851332
0.838219
0.81887
0.79422
0.76577
0.735742
0.707081
0.683076
0.666825
0.660299
0.663848
0.676152
0.694683
0.716435
0.738504
0.758665
0.775342
0.787595
0.794924
0.797112
0.794124
0.786272
0.774526
0.760649
0.747186
0.73708
0.732925
0.736168
0.746576
0.762537
0.781968
0.803167
0.824966
0.846452
0.866485
0.883494
0.895585
0.901221
0.899948
0.892694
0.881556
0.869144
0.857733
0.848572
0.841781
0.836487
0.831266
0.824807
0.816403
0.806173
0.795218
0.785234
0.777916
0.774373
0.77462
0.777581
0.781488
0.784744
0.786529
0.786993
0.786838
0.786814
0.787262
0.787982
0.788602
0.788763
0.788351
0.787454
0.786346
0.78542
0.78497
0.785187
0.78614
0.787772
0.790124
0.793409
0.798087
0.804642
0.813284
0.823597
0.834482
0.844373
0.85177
0.855619
0.855522
0.851741
0.845053
0.836398
0.82668
0.816616
0.806711
0.797394
0.789213
0.78284
0.778712
0.776509
0.775136
0.773056
0.768909
0.762006
0.75262
0.741956
0.731928
0.724647
0.72193
0.725187
0.735168
0.751707
0.773368
0.797532
0.820947
0.840767
0.855162
0.863664
0.866845
0.865882
0.862123
0.856721
0.850636
0.844669
0.839636
0.836271
0.834893
0.83511
0.835704
0.835008
0.831503
0.824323
0.813403
0.799542
0.784447
0.770599
0.761038
0.758611
0.764703
0.778289
0.79609
0.813882
0.828074
0.83644
0.83812
0.833623
0.824914
0.814957
0.806565
0.800431
0.794682
0.786617
0.774936
0.760709
0.746884
0.73682
0.732969
0.735966
0.744633
0.756488
0.768665
0.778923
0.786414
0.791772
0.796424
0.801786
0.808699
0.817314
0.827189
0.837396
0.846508
0.853019
0.855929
0.855177
0.851671
0.846837
0.841897
0.837373
0.833088
0.828452
0.82274
0.815335
0.805732
0.793766
0.779915
0.765403
0.752017
0.741822
0.736604
0.737439
0.744547
0.757075
0.773259
0.790629
0.806597
0.819163
0.827488
0.83189
0.833621
0.83402
0.833849
0.832991
0.830863
0.826686
0.819866
0.810177
0.797867
0.783697
0.768854
0.754857
0.743447
0.736443
0.735485
0.741484
0.754264
0.772506
0.793961
0.81609
0.836523
0.853358
0.865232
0.871352
0.871358
0.86537
0.85404
0.838533
0.820512
0.801797
0.78424
0.76941
0.758407
0.7518
0.749717
0.751855
0.757459
0.765396
0.774249
0.782919
0.791005
0.798669
0.806227
0.813634
0.820491
0.826283
0.830539
0.832743
0.832103
0.827813
0.819447
0.807426
0.793264
0.779365
0.768401
0.762517
0.762594
0.768024
0.777117
0.787914
0.798958
0.809593
0.819841
0.829861
0.839338
0.847248
0.852062
0.852215
0.846622
0.835113
0.818518
0.798535
0.777477
0.757938
0.742384
0.732758
0.730368
0.735857
0.749033
0.768753
0.792901
0.818604
0.84288
0.863135
0.877534
0.88499
0.885147
0.878351
0.865619
0.848608
0.829534
0.810598
0.793316
0.778238
0.765169
0.754031
0.745383
0.740563
0.741132
0.748139
0.761427
0.779547
0.799894
0.819481
0.835527
0.846207
0.850762
0.849405
0.843117
0.833358
0.821638
0.809304
0.797183
0.785643
0.774749
0.764583
0.755355
0.747459
0.741342
0.737356
0.735543
0.735585
0.736889
0.738982
0.741885
0.746124
0.752381
0.760774
0.770431
0.779552
0.786091
0.788584
0.786674
0.781309
0.774364
0.768213
0.765311
0.768034
0.778174
0.796146
0.820218
0.846745
0.871367
0.890358
0.9013
0.903228
0.89657
0.882962
0.864929
0.845415
0.827204
0.812496
0.802534
0.79757
0.797026
0.79967
0.803966
0.808447
0.812045
0.814162
0.814676
0.813983
0.813054
0.813376
0.816089
0.820968
0.825868
0.827725
0.824223
0.814756
0.800346
0.783063
0.765224
0.748913
0.73558
0.726066
0.720815
0.720047
0.723775
0.731654
0.742915
0.756534
0.771513
0.786915
0.801988
0.816021
0.828544
0.839211
0.847949
0.854881
0.860307
0.864549
0.867579
0.868879
0.867435
0.862033
0.851704
0.836222
0.816349
0.793825
0.77105
0.750477
0.733956
0.722496
0.716215
0.714806
0.717873
0.725144
0.736383
0.751182
0.768837
0.788393
0.808719
0.828515
0.846277
0.86025
0.86875
0.870549
0.865233
0.853158
0.835262
0.812803
0.78746
0.76191
0.740202
0.727156
0.726342
0.737961
0.758552
0.782913
0.806373
0.825965
0.840469
0.849816
0.854408
0.854764
0.851499
0.845344
0.837274
0.828228
0.818934
0.809951
0.801663
0.794295
0.787934
0.782849
0.779739
0.779559
0.782685
0.788194
0.794212
0.799034
0.80194
0.803228
0.80365
0.803909
0.804348
0.804748
0.804392
0.802434
0.798408
0.792507
0.785658
0.779257
0.775071
0.774939
0.780208
0.791204
0.806805
0.824726
0.842424
0.857959
0.870244
0.878972
0.884293
0.886365
0.885151
0.880393
0.871898
0.859814
0.844828
0.828099
0.810958
0.794715
0.780443
0.768786
0.760202
0.754935
0.752875
0.753408
0.755519
0.757938
0.759261
0.758263
0.754014
0.746357
0.736105
0.725143
0.716118
0.711553
0.713028
0.720619
0.733003
0.748097
0.763824
0.778478
0.790906
0.80038
0.806616
0.809708
0.8103
0.809585
0.808979
0.809927
0.813479
0.820079
0.82928
0.839865
0.850134
0.858478
0.863742
0.865348
0.863221
0.857652
0.84948
0.840088
0.83129
0.824754
0.821324
0.820781
0.821897
0.822996
0.822608
0.820027
0.815524
0.810038
0.804711
0.800616
0.798461
0.798445
0.800021
0.801909
0.802495
0.800465
0.795297
0.787542
0.778784
0.771206
0.766844
0.766581
0.769637
0.773738
0.776178
0.775214
0.770829
0.764736
0.759484
0.757512
0.760349
0.768295
0.780336
0.79442
0.808337
0.820313
0.829018
0.832967
0.830479
0.820598
0.804104
0.784251
0.766686
0.757533
0.759982
0.77223
0.789417
0.806908
0.821836
0.832592
0.838237
0.838319
0.8332
0.824301
0.814154
0.805832
0.801889
0.803293
0.809093
0.816997
0.824486
0.82974
0.832082
0.831833
0.82993
0.827534
0.82567
0.824926
0.825375
0.826615
0.827791
0.827867
0.825807
0.820814
0.812573
0.80137
0.788125
0.774356
0.761872
0.752319
0.746891
0.746065
0.749477
0.756055
0.764413
0.773178
0.781094
0.787116
0.790713
0.791918
0.791394
0.790189
0.789382
0.789609
0.79104
0.793551
0.796801
0.800321
0.803442
0.805467
0.805909
0.804838
0.802832
0.800699
0.799007
0.797817
0.796743
0.79533
0.793412
0.791285
0.78956
0.788809
0.78934
0.791216
0.794367
0.798799
0.804501
0.811326
0.818905
0.82647
0.833137
0.838128
0.840856
0.841165
0.83936
0.836043
0.831822
0.827135
0.822141
0.816887
0.811468
0.806136
0.801277
0.797327
0.794624
0.793328
0.793328
0.794236
0.795531
0.796627
0.796942
0.795892
0.792945
0.787748
0.780353
0.771372
0.761899
0.753227
0.746648
0.743111
0.742953
0.745747
0.750456
0.755761
0.760284
0.762782
0.762343
0.758664
0.752368
0.744986
0.738745
0.7361
0.73909
0.748859
0.765369
0.7872
0.811901
0.836739
0.859366
0.878133
0.892183
0.901136
0.904876
0.903525
0.897394
0.887166
0.873931
0.859087
0.844084
0.830155
0.818278
0.809085
0.802915
0.799755
0.799042
0.799729
0.800881
0.8022
0.804043
0.806521
0.808597
0.80822
0.803382
0.793428
0.77944
0.763868
0.749519
0.738646
0.732479
0.731041
0.733499
0.738454
0.744342
0.749791
0.754
0.756782
0.758444
0.759556
0.760617
0.761779
0.76279
0.76309
0.762021
0.759336
0.755501
0.751899
0.750506
0.753237
0.761233
0.77435
0.791074
0.808916
0.825038
0.836925
0.843048
0.843359
0.839293
0.833156
0.827148
0.822506
0.819533
0.818073
0.818048
0.819521
0.822484
0.82668
0.831516
0.836106
0.83932
0.839923
0.836723
0.828944
0.816559
0.800803
0.784262
0.770392
0.762385
0.761813
0.768068
0.778808
0.791135
0.80237
0.81047
0.814059
0.81235
0.805331
0.793813
0.779348
0.763971
0.749773
0.738548
0.731455
0.729061
0.731359
0.737749
0.74712
0.758183
0.769856
0.781361
0.792247
0.802126
0.810594
0.817331
0.822125
0.824843
0.825523
0.824436
0.822031
0.818811
0.81514
0.811122
0.806773
0.802241
0.797909
0.794365
0.792298
0.792191
0.794098
0.79763
0.802068
0.8067
0.811035
0.814911
0.8183
0.821215
0.823516
0.825018
0.825595
0.82525
0.824054
0.822041
0.819135
0.815284
0.810631
0.805418
0.79999
0.794509
0.788963
0.783205
0.777266
0.771781
0.767956
0.767127
0.770175
0.776962
0.786357
0.796884
0.80723
0.816501
0.824141
0.829517
0.831768
0.829791
0.822488
0.80922
0.790258
0.767325
0.743999
0.725349
0.716361
0.719893
0.735405
0.759495
0.787362
0.814391
0.837204
0.853846
0.863622
0.866843
0.864568
0.858441
0.850387
0.842309
0.835711
0.831314
0.828802
0.826968
0.82413
0.818706
0.809846
0.797734
0.783491
0.768846
0.755712
0.74585
0.740369
0.739572
0.743082
0.750074
0.759738
0.77146
0.78482
0.799409
0.814539
0.829111
0.841698
0.850967
0.856082
0.857013
0.854528
0.84978
0.843752
0.836952
0.829361
0.820833
0.811445
0.801563
0.791791
0.782794
0.775202
0.769467
0.765849
0.764457
0.765209
0.76792
0.772329
0.778079
0.784678
0.791643
0.798617
0.805553
0.8127
0.820408
0.828808
0.837384
0.844882
0.849489
0.849368
0.843191
0.830594
0.812443
0.790697
0.767979
0.747027
0.730209
0.719371
0.71573
0.719719
0.730491
0.745766
0.762296
0.77681
0.786799
0.791095
0.789954
0.784938
0.778525
0.77357
0.772473
0.776428
0.785176
0.797226
0.810532
0.823256
0.834315
0.843504
0.851073
0.8573
0.861986
0.864367
0.863377
0.858127
0.848358
0.834721
0.818681
0.802266
0.787752
0.777382
0.773116
0.776166
0.786338
0.801752
0.819115
0.834492
0.844296
0.846182
0.83958
0.825833
0.807658
0.788422
0.771271
0.758514
0.751395
0.750213
0.754597
0.763623
0.775997
0.790137
0.804272
0.816615
0.825516
0.829778
0.828799
0.822714
0.812296
0.799011
0.784941
0.772686
0.764937
0.763674
0.769021
0.778776
0.789346
0.797516
0.801611
0.801659
0.798775
0.794351
0.789441
0.784526
0.779661
0.774783
0.769968
0.765562
0.762091
0.760221
0.760601
0.763715
0.769989
0.7798
0.793283
0.809989
0.828853
0.848233
0.866145
0.88066
0.890213
0.893858
0.891504
0.884013
0.873022
0.860612
0.848684
0.838364
0.829779
0.822405
0.815624
0.809112
0.803044
0.797758
0.793347
0.789501
0.785534
0.780655
0.774295
0.76626
0.756764
0.746471
0.736454
0.72798
0.722236
0.719974
0.721293
0.725694
0.732239
0.739894
0.747867
0.755739
0.76332
0.770438
0.776775
0.781791
0.785021
0.78627
0.785722
0.783841
0.781275
0.778889
0.777771
0.779111
0.783953
0.792637
0.804535
0.818148
0.831547
0.843001
0.851429
0.856579
0.858857
0.858875
0.857049
0.853476
0.847921
0.840143
0.830021
0.81761
0.803302
0.787968
0.773152
0.760878
0.75312
0.750977
0.754378
0.76212
0.772361
0.783206
0.79305
0.800792
0.805863
0.808272
0.808509
0.80744
0.806017
0.804951
0.804547
0.804627
0.804975
0.805528
0.806561
0.808337
0.810775
0.813459
0.815979
0.818474
0.821591
0.826003
0.831831
0.838457
0.844859
0.850118
0.853803
0.855944
0.856736
0.856098
0.853552
0.848553
0.840764
0.830267
0.817474
0.802979
0.787605
0.772362
0.758537
0.747366
0.739456
0.73437
0.730944
0.728143
0.725659
0.723994
0.723929
0.725958
0.729815
0.734502
0.738789
0.74203
0.744597
0.74795
0.75385
0.763456
0.776573
0.79153
0.805747
0.816594
0.822084
0.821244
0.814279
0.802514
0.788357
0.774913
0.765494
0.762937
0.768946
0.783689
0.805569
0.83164
0.858163
0.881343
0.898068
0.906303
0.905157
0.89475
0.876275
0.851919
0.824658
0.797978
0.775247
0.759032
0.750585
0.749822
0.755689
0.766596
0.78074
0.796228
0.811069
0.823529
0.832409
0.836992
0.836943
0.832363
0.823786
0.812333
0.799549
0.786993
0.775837
0.76671
0.75988
0.755428
0.753271
0.753038
0.754139
0.756019
0.758338
0.76112
0.764632
0.769215
0.775112
0.782431
0.791132
0.800939
0.811046
0.820062
0.826359
0.828645
0.826733
0.821833
0.816251
0.812694
0.813233
0.818478
0.827424
0.837905
0.847697
0.855185
0.859599
0.860967
0.859871
0.857014
0.853007
0.848154
0.842274
0.834991
0.826056
0.815699
0.804717
0.794144
0.784858
0.777403
0.772062
0.769004
0.768165
0.768907
0.769886
0.769262
0.765118
0.756368
0.743685
0.729686
0.718255
0.712901
0.715634
0.726827
0.745482
0.769421
0.795599
0.82091
0.842773
0.85934
0.869333
0.872143
0.868006
0.858059
0.844083
0.828424
0.813607
0.801719
0.794088
0.790953
0.791747
0.795421
0.800736
0.806493
0.811547
0.81471
0.814886
0.811058
0.802607
0.78952
0.772556
0.753504
0.735
0.72013
0.71159
0.710905
0.718238
0.73281
0.75335
0.778313
0.805838
0.833697
0.859548
0.881316
0.897663
0.908203
0.913457
0.914334
0.91168
0.905974
0.897336
0.885721
0.870986
0.853023
0.832078
0.808975
0.785227
0.762942
0.744337
0.731107
0.723969
0.722619
0.726
0.732673
0.741045
0.74952
0.756567
0.760833
0.761263
0.757256
0.748747
0.736227
0.720818
0.704281
0.688966
0.677613
0.672899
0.676814
0.690126
0.712109
0.740763
0.77324
0.806258
0.836572
0.86142
0.879004
0.8887
0.891227
0.888559
0.883428
0.878374
0.874744
0.8724
0.870068
0.866153
0.859507
0.849782
0.837498
0.823895
0.810644
0.799371
0.791188
0.786195
0.783383
0.781017
0.777227
0.770672
0.760986
0.749109
0.737203
0.728239
0.725201
0.72998
0.742612
0.761314
0.783017
0.804419
0.822746
0.836139
0.843805
0.845732
0.84257
0.835331
0.825006
0.812655
0.799299
0.786198
0.775044
0.767988
0.767197
0.774215
0.789233
0.810738
0.835747
0.860419
0.880844
0.893952
0.898038
0.89295
0.87976
0.860406
0.837378
0.813652
0.79225
0.775833
0.766011
0.762738
0.764094
0.766862
0.76766
0.764186
0.755969
0.744542
0.732852
0.723899
0.719603
0.720194
0.724578
0.731089
0.738236
0.745147
0.751748
0.758767
0.76726
0.777928
0.790728
0.80468
0.81835
0.830383
0.840087
0.847758
0.854717
0.86272
0.873011
0.885424
0.898084
0.908162
0.912957
0.910848
0.901491
0.885635
0.86469
0.840297
0.814116
0.7878
0.763168
0.742587
0.729284
0.726907
0.737883
0.761497
0.793245
0.826309
0.854233
0.872892
0.880812
0.878545
0.867756
0.850682
0.829812
0.807658
0.786503
0.768047
0.753256
0.742398
0.735357
0.731891
0.731779
0.73464
0.739795
0.746307
0.75312
0.759345
0.764602
0.76924
0.774125
0.780055
0.787157
0.794571
0.800795
0.804259
0.803915
0.799435
0.791222
0.780286
0.768211
0.756945
0.748297
0.743625
0.743494
0.7476
0.75506
0.764684
0.775295
0.78576
0.794993
0.801849
0.805408
0.805232
0.801693
0.79607
0.790107
0.785551
0.783567
0.784614
0.788558
0.794807
0.80262
0.811319
0.820373
0.829542
0.838779
0.848014
0.857032
0.865209
0.871529
0.874911
0.874547
0.870225
0.86242
0.852238
0.84109
0.830132
0.819969
0.810519
0.801171
0.791297
0.780754
0.770064
0.760219
0.752438
0.747744
0.74662
0.748845
0.753444
0.758995
0.764015
0.767242
0.767828
0.765511
0.760804
0.755077
0.750279
0.748513
0.751426
0.75975
0.773099
0.790122
0.808685
0.826298
0.840359
0.848645
0.84981
0.84401
0.833172
0.820517
0.80931
0.801414
0.796835
0.794581
0.793664
0.793579
0.794251
0.795763
0.798211
0.801685
0.806098
0.811259
0.816864
0.822519
0.827684
0.831879
0.834602
0.835531
0.834552
0.831847
0.827748
0.822572
0.816705
0.810479
0.804241
0.798242
0.792684
0.787726
0.783577
0.780447
0.778664
0.778588
0.780208
0.782995
0.786017
0.78829
0.789202
0.788651
0.786915
0.78436
0.781385
0.778305
0.775425
0.773092
0.771568
0.771031
0.7715
0.772879
0.775
0.777764
0.781103
0.785001
0.789392
0.793847
0.797422
0.79888
0.797252
0.792431
0.785544
0.778812
0.774916
0.775968
0.782641
0.794033
0.808127
0.822582
0.835388
0.845196
0.851362
0.85399
0.85392
0.852421
0.850901
0.850393
0.851148
0.852612
0.853715
0.853363
0.850758
0.84566
0.838337
0.829392
0.819568
0.809676
0.800399
0.791977
0.784105
0.776104
0.767207
0.757057
0.745908
0.734707
0.724907
0.717989
0.714955
0.716055
0.720859
0.728685
0.738788
0.750553
0.763381
0.776642
0.789713
0.801994
0.813127
0.822982
0.831642
0.839182
0.845574
0.850535
0.853487
0.853575
0.849897
0.842393
0.832855
0.82508
0.822946
0.82716
0.834395
0.839543
0.838657
0.83023
0.815123
0.796047
0.776758
0.76119
0.752258
0.750953
0.755988
0.764564
0.773499
0.78035
0.783973
0.784609
0.783737
0.783389
0.785211
0.789769
0.796536
0.804382
0.812307
0.819664
0.826199
0.831908
0.836959
0.841683
0.846295
0.850498
0.853564
0.854557
0.852827
0.848331
0.841635
0.833527
0.824746
0.815843
0.807271
0.799427
0.792678
0.787377
0.78387
0.78242
0.783263
0.786634
0.792501
0.800243
0.808614
0.815816
0.820021
0.819829
0.814706
0.805058
0.792097
0.77759
0.763515
0.751672
0.743348
0.739042
0.738454
0.740604
0.744116
0.747735
0.750828
0.753759
0.757805
0.764489
0.77458
0.787253
0.800451
0.811693
0.818859
0.820768
0.817289
0.809209
0.798131
0.786197
0.775718
0.768645
0.766109
0.76823
0.774286
0.783066
0.793258
0.803551
0.812766
0.819844
0.824049
0.825375
0.824702
0.823415
0.822499
0.821986
0.821134
0.819058
0.815344
0.81037
0.805061
0.80034
0.796525
0.793508
0.791187
0.79001
0.791018
0.795343
0.803665
0.815687
0.830218
0.84541
0.859299
0.870204
0.876916
0.878692
0.875315
0.867111
0.854801
0.839291
0.821618
0.802864
0.784028
0.766154
0.750334
0.737635
0.728931
0.724536
0.723918
0.725755
0.728399
0.730557
0.73185
0.732829
0.734486
0.737761
0.743157
0.75065
0.759866
0.770288
0.781402
0.792666
0.803504
0.813171
0.820765
0.82536
0.826301
0.823361
0.81679
0.807336
0.796021
0.783903
0.771912
0.760668
0.750752
0.743012
0.7387
0.73916
0.745165
0.756504
0.772245
0.791036
0.811534
0.832637
0.853543
0.873647
0.892225
0.908297
0.920592
0.927847
0.929019
0.923598
0.911849
0.894717
0.873736
0.850761
0.827769
0.806345
0.787428
0.771273
0.757524
0.74559
0.735408
0.727706
0.723977
0.725815
0.7341
0.748446
0.767008
0.7871
0.805819
0.820856
0.831016
0.83631
0.837777
0.836901
0.834897
0.832105
0.827957
0.82173
0.81332
0.80361
0.794003
0.785838
0.779838
0.775852
0.773045
0.77036
0.767056
0.763324
0.760389
0.760177
0.764554
0.774509
0.789409
0.807177
0.82478
0.838949
0.846856
0.846539
0.837356
0.820488
0.799038
0.77761
0.760923
0.751983
0.750892
0.755278
0.761665
0.766949
0.769288
0.768449
0.76584
0.764046
0.765714
0.772279
0.783305
0.797051
0.811574
0.825918
0.840248
0.855161
0.870579
0.885204
0.896892
0.90353
0.903514
0.895983
0.881021
0.859609
0.833548
0.805064
0.776502
0.749974
0.727129
0.709379
0.697834
0.693414
0.696588
0.707004
0.723184
0.742628
0.762311
0.779359
0.791579
0.797884
0.79844
0.79464
0.788839
0.783652
0.781145
0.782304
0.787194
0.795411
0.806692
0.820916
0.837644
0.855466
0.872083
0.884918
0.891955
0.892302
0.886211
0.874771
0.859666
0.842849
0.826369
0.811915
0.800473
0.792054
0.785768
0.780177
0.773887
0.76609
0.756838
0.74703
0.738269
0.732169
0.729583
0.72999
0.731544
0.731779
0.728707
0.721806
0.712627
0.704393
0.700207
0.701192
0.706182
0.712957
0.719844
0.726404
0.733358
0.742137
0.754379
0.7713
0.793099
0.818583
0.845261
0.869927
0.889508
0.901898
0.906358
0.903665
0.895678
0.884782
0.873188
0.862566
0.853947
0.847628
0.843435
0.840717
0.838623
0.836279
0.833004
0.828383
0.82219
0.814288
0.804649
0.793382
0.781016
0.76848
0.757042
0.748067
0.742648
0.74139
0.744351
0.751107
0.760742
0.771741
0.782216
0.790404
0.795336
0.797309
0.797918
0.799408
0.803488
0.810237
0.818091
0.824737
0.828325
0.828108
0.824668
0.819597
0.814979
0.812687
0.813815
0.818313
0.824978
0.831869
0.836717
0.83761
0.833209
0.822936
0.807008
0.786358
0.762819
0.739115
0.718749
0.705286
0.701368
0.707465
0.721521
0.739652
0.757715
0.772549
0.782402
0.786784
0.78608
0.781275
0.773972
0.766223
0.760337
0.758422
0.761756
0.770398
0.78307
0.797422
0.81067
0.820275
0.8247
0.823979
0.819772
0.814982
0.812927
0.816186
0.82567
0.840299
0.857631
0.874857
0.889609
0.900295
0.905938
0.905943
0.90008
0.888536
0.872032
0.851848
0.829532
0.806741
0.785038
0.765666
0.749468
0.736794
0.727481
0.721038
0.716913
0.714886
0.715178
0.718438
0.725519
0.737073
0.753148
0.772822
0.794148
0.814445
0.831017
0.84183
0.84618
0.845118
0.841281
0.837861
0.83645
0.83576
0.833064
0.82685
0.81812
0.809581
0.804019
0.802839
0.805709
0.810813
0.815611
0.817339
0.813639
0.803015
0.785389
0.762582
0.738502
0.718212
0.706091
0.704238
0.712509
0.729385
0.752595
0.779425
0.806861
0.832051
0.852597
0.866806
0.873777
0.873414
0.866385
0.854081
0.838544
0.822396
0.808724
0.800406
0.79914
0.804486
0.813991
0.824357
0.832858
0.837986
0.839389
0.837369
0.832513
0.825611
0.817545
0.8092
0.801323
0.794387
0.78866
0.784246
0.78118
0.779319
0.778232
0.777201
0.775142
0.771022
0.764116
0.754288
0.742169
0.729213
0.717497
0.709481
0.707447
0.712775
0.725371
0.743528
0.764353
0.784662
0.80173
0.813763
0.819948
0.820209
0.815109
0.805741
0.793936
0.782356
0.774265
0.772858
0.780177
0.796291
0.819011
0.844499
0.868275
0.886526
0.896827
0.898358
0.891609
0.878159
0.86016
0.839894
0.819347
0.799941
0.782599
0.767903
0.756262
0.747864
0.742468
0.739654
0.739173
0.741297
0.746735
0.755981
0.768741
0.783836
0.799611
0.81438
0.826806
0.835984
0.841579
0.84379
0.843139
0.840112
0.834979
0.827891
0.819125
0.809424
0.799982
0.792154
0.787075
0.785161
0.785943
0.788126
0.790053
0.790137
0.787292
0.781046
0.771696
0.760264
0.748537
0.739088
0.734888
0.738494
0.751042
0.771811
0.798284
0.826812
0.853408
0.874382
0.886874
0.889436
0.882374
0.867703
0.848857
0.829723
0.813699
0.802785
0.797196
0.795739
0.796574
0.797858
0.798024
0.795964
0.791022
0.783216
0.773436
0.763188
0.754228
0.747984
0.745099
0.745361
0.747945
0.751841
0.75619
0.760595
0.765341
0.771246
0.779489
0.79099
0.805997
0.823816
0.842672
0.86015
0.873575
0.880538
0.879308
0.869195
0.85093
0.826877
0.800767
0.776906
0.75875
0.747916
0.744139
0.746116
0.752352
0.761551
0.772565
0.784222
0.795239
0.804237
0.810016
0.811838
0.809648
0.80432
0.797564
0.791555
0.788354
0.78924
0.794444
0.803083
0.813524
0.823727
0.831642
0.835544
0.834485
0.828435
0.818285
0.805351
0.791001
0.776482
0.7631
0.752592
0.747018
0.7481
0.756328
0.770576
0.788397
0.806813
0.823031
0.835028
0.841806
0.843174
0.839695
0.832628
0.823848
0.81545
0.808965
0.805073
0.803704
0.804325
0.806268
0.808929
0.811802
0.814634
0.817343
0.820099
0.823314
0.827463
0.832724
0.83872
0.844556
0.849407
0.852797
0.854586
0.854629
0.852486
0.847331
0.838364
0.825291
0.808754
0.790265
0.772126
0.756758
0.746205
0.7416
0.742945
0.749194
0.758544
0.7689
0.778155
0.784669
0.787497
0.786498
0.782364
0.776425
0.770231
0.764983
0.761072
0.758213
0.755814
0.753487
0.751273
0.749683
0.749358
0.75073
0.753817
0.758078
0.762721
0.76698
0.770465
0.773423
0.776775
0.781698
0.788832
0.797617
0.806658
0.814621
0.820915
0.825671
0.829249
0.831849
0.833568
0.834623
0.835479
0.83692
0.839724
0.8443
0.850572
0.857978
0.865483
0.87201
0.876664
0.878755
0.87797
0.874447
0.868796
0.862159
0.855881
0.850922
0.847344
0.844088
0.839273
0.830731
0.816866
0.797261
0.772995
0.746513
0.72105
0.699968
0.685957
0.680479
0.683377
0.693262
0.708053
0.725519
0.743399
0.759352
0.771088
0.776798
0.775699
0.768649
0.758246
0.748194
0.742119
0.742324
0.749186
0.761337
0.776547
0.792541
0.807547
0.820252
0.829761
0.835545
0.837508
0.835938
0.831338
0.824428
0.816114
0.80755
0.799892
0.793933
0.78974
0.786652
0.7836
0.779679
0.774699
0.769463
0.765818
0.765692
0.76992
0.777599
0.786475
0.794062
0.798863
0.801009
0.802228
0.805185
0.812518
0.82567
0.844157
0.865631
0.886765
0.904204
0.915349
0.918787
0.914371
0.903059
0.886523
0.866784
0.845633
0.824295
0.803349
0.782911
0.763097
0.744477
0.728365
0.716651
0.711108
0.712356
0.719385
0.729889
0.741209
0.751162
0.758319
0.762139
0.762871
0.761461
0.759381
0.758342
0.759972
0.765263
0.774125
0.785397
0.797272
0.807987
0.816272
0.821367
0.823098
0.821541
0.816813
0.809043
0.798374
0.785283
0.77079
0.756519
0.744595
0.737341
0.736731
0.743927
0.758796
0.779776
0.804234
0.828977
0.851009
0.867976
0.878524
0.882275
0.879704
0.871753
0.859495
0.843842
0.825569
0.805541
0.785013
0.765706
0.749632
0.738614
0.733771
0.735281
0.742416
0.753715
0.767295
0.78114
0.793377
0.802486
0.807631
0.808919
0.807525
0.805471
0.805071
0.808054
0.815014
0.825306
0.837159
0.848218
0.856161
0.859134
0.856253
0.847846
0.835304
0.820466
0.805207
0.791128
0.779758
0.772463
0.770294
0.773618
0.781888
0.793777
0.8075
0.821299
0.83363
0.843184
0.848804
0.849421
0.844154
0.832635
0.815326
0.793806
0.770631
0.749057
0.732376
0.723255
0.723153
0.73194
0.747927
0.768229
0.789448
0.808452
0.823082
0.832444
0.83699
0.83833
0.83887
0.841154
0.847118
0.857246
0.870111
0.882907
0.892315
0.895422
0.890295
0.876229
0.853808
0.82525
0.794456
0.766336
0.745384
0.734061
0.731995
0.73659
0.744514
0.752885
0.759836
0.76461
0.767284
0.768553
0.769326
0.77037
0.771975
0.773968
0.775739
0.776546
0.775816
0.773366
0.769517
0.765124
0.761349
0.759354
0.759748
0.762368
0.766181
0.769706
0.771661
0.77151
0.769681
0.767393
0.766176
0.767385
0.771804
0.779511
0.79009
0.802872
0.817187
0.832362
0.847491
0.861438
0.87283
0.880261
0.882648
0.87948
0.870906
0.857601
0.840781
0.82219
0.804044
0.788725
0.778074
0.772666
0.771498
0.772501
0.773263
0.771891
0.767421
0.76015
0.751405
0.743141
0.737424
0.735807
0.738987
0.746738
0.758005
0.77131
0.78508
0.798019
0.809236
0.818358
0.825569
0.831616
0.837598
0.844445
0.852223
0.859729
0.864945
0.865818
0.861153
0.850971
0.836182
0.818103
0.798084
0.777292
0.756739
0.737491
0.720861
0.708419
0.701726
0.702021
0.709891
0.725021
0.746116
0.771023
0.797091
0.821523
0.841773
0.856002
0.863284
0.863644
0.857921
0.847542
0.834342
0.820522
0.808424
0.800002
0.796226
0.796644
0.799634
0.802965
0.804495
0.80271
0.797217
0.788841
0.779435
0.771252
0.766306
0.765717
0.769625
0.777405
0.788028
0.800253
0.812854
0.82458
0.833975
0.839552
0.840474
0.837164
0.83109
0.823864
0.816611
0.809916
0.804078
0.799197
0.795312
0.792328
0.78994
0.787909
0.786252
0.785325
0.785348
0.785928
0.785929
0.783833
0.778632
0.770275
0.759851
0.749252
0.740739
0.7366
0.738729
0.748316
0.765546
0.789172
0.816543
0.844224
0.868756
0.887336
0.898109
0.900301
0.893985
0.879904
0.85941
0.834445
0.807592
0.782215
0.762256
0.751357
0.751308
0.760843
0.776313
0.793549
0.809557
0.823032
0.83397
0.842849
0.849951
0.854953
0.857041
0.855368
0.849356
0.839027
0.824802
0.807412
0.787797
0.767253
0.747406
0.729993
0.716654
0.709017
0.708689
0.716801
0.733273
0.756351
0.782894
0.809145
0.831718
0.848262
0.857737
0.860509
0.858222
0.853245
0.847858
0.843676
0.841094
0.839175
0.836227
0.830628
0.82154
0.809108
0.794316
0.778432
0.762822
0.748718
0.737343
0.729907
0.727311
0.72968
0.73616
0.745296
0.755764
0.767034
0.779316
0.792673
0.806328
0.818655
0.827893
0.83288
0.833462
0.830439
0.825436
0.820691
0.818654
0.821334
0.829579
0.842664
0.858457
0.873922
0.885894
0.891817
0.890229
0.881087
0.86576
0.846582
0.826169
0.806795
0.79003
0.776673
0.76695
0.760425
0.756213
0.753295
0.750674
0.747632
0.743896
0.739686
0.735596
0.732267
0.730178
0.729617
0.73069
0.733282
0.73724
0.742505
0.749147
0.757446
0.767852
0.780699
0.795926
0.81292
0.830393
0.846661
0.860014
0.869129
0.873425
0.87324
0.86956
0.863383
0.855321
0.845453
0.833712
0.820273
0.805833
0.791382
0.777978
0.766572
0.75805
0.753356
0.75328
0.758049
0.766937
0.778326
0.790206
0.800866
0.809383
0.815479
0.819246
0.820746
0.819886
0.816748
0.811864
0.806373
0.801793
0.799587
0.800473
0.804011
0.808738
0.812792
0.814638
0.813536
0.809655
0.803808
0.797154
0.791009
0.78692
0.786394
0.790409
0.798879
0.810656
0.824003
0.837133
0.848574
0.857176
0.862158
0.863145
0.860142
0.853544
0.844096
0.832617
0.819825
0.806205
0.792096
0.777848
0.764179
0.752283
0.743557
0.738966
0.738459
0.740935
0.7448
0.748583
0.751524
0.753668
0.755687
0.758503
0.762777
0.768521
0.775232
0.782179
0.788529
0.793545
0.79658
0.797293
0.795811
0.792707
0.788926
0.785485
0.783255
0.782919
0.78498
0.789921
0.798041
0.809383
0.82344
0.838991
0.854271
0.867316
0.876196
0.879342
0.87581
0.865503
0.849306
0.829032
0.806955
0.785275
0.765651
0.748997
0.735542
0.725162
0.717757
0.713599
0.713417
0.718262
0.728943
0.74555
0.767154
0.791871
0.817226
0.840673
0.859958
0.873354
0.879817
0.879077
0.87175
0.859578
0.845485
0.832898
0.824583
0.821636
0.823587
0.828969
0.835855
0.842111
0.845505
0.843907
0.83557
0.819501
0.795979
0.766969
0.736397
0.709618
0.691806
0.685981
0.691941
0.706865
0.72688
0.748633
0.769845
0.789365
0.806685
0.821475
0.833197
0.841224
0.844993
0.844412
0.840215
0.83389
0.827188
0.821721
0.818264
0.816742
0.816628
0.817553
0.819877
0.824377
0.831473
0.840838
0.851466
0.86201
0.871171
0.877704
0.880436
0.878567
0.87177
0.860325
0.844964
0.826767
0.807186
0.788025
0.771423
0.759494
0.753572
0.753766
0.758902
0.767033
0.776192
0.784775
0.791641
0.796333
0.798856
0.799519
0.79879
0.797135
0.794903
0.792152
0.788751
0.784374
0.778641
0.771247
0.762227
0.752132
0.741915
0.732925
0.726651
0.724503
0.727637
0.736719
0.751523
0.770453
0.790701
0.809156
0.823535
0.832846
0.837393
0.838343
0.837227
0.835415
0.83387
0.832943
0.832397
0.831711
0.830423
0.828434
0.826112
0.824071
0.822926
0.82301
0.824182
0.825687
0.826247
0.824406
0.818975
0.809721
0.797621
0.784713
0.773542
0.766357
0.7646
0.768562
0.777304
0.788807
0.800422
0.809407
0.813675
0.812319
0.805721
0.795291
0.782905
0.770446
0.759586
0.751776
0.748265
0.749924
0.756889
0.768238
0.782014
0.795542
0.806123
0.811698
0.81125
0.804883
0.793868
0.780387
0.76721
0.757037
0.751989
0.753364
0.761509
0.775595
0.793541
0.812402
0.829294
0.841912
0.848861
0.849697
0.844842
0.83558
0.824103
0.813363
0.806589
0.80639
0.813791
0.827612
0.844766
0.861238
0.873426
0.878953
0.876988
0.868085
0.853716
0.835768
0.816201
0.797015
0.78038
0.768387
0.762443
0.762882
0.768883
0.77881
0.790629
0.80243
0.8127
0.820516
0.825526
0.827755
0.827379
0.824584
0.819541
0.812192
0.80246
0.790612
0.777533
0.764736
0.754072
0.747192
0.745364
0.749457
0.759775
0.775673
0.795216
0.815561
0.833606
0.846568
0.852474
0.850143
0.839374
0.820997
0.796853
0.769872
0.743547
0.721326
0.705674
0.697405
0.695804
0.699361
0.706756
0.717273
0.730659
0.746739
0.764991
0.784394
0.803439
0.820272
0.833001
0.840097
0.840715
0.834915
0.823875
0.809871
0.795878
0.784927
0.779331
0.780154
0.787012
0.798332
0.811862
0.825204
0.836476
0.844685
0.849755
0.852038
0.851749
0.848629
0.842156
0.832042
0.81865
0.803206
0.787712
0.774563
0.76584
0.762597
0.764548
0.770102
0.776813
0.782267
0.784843
0.783992
0.78037
0.775496
0.771243
0.769296
0.770518
0.774799
0.781246
0.788642
0.795906
0.802241
0.807104
0.810175
0.811234
0.81024
0.807389
0.803111
0.798041
0.792854
0.788122
0.784341
0.782057
0.781853
0.78419
0.788993
0.795554
0.802759
0.809273
0.814029
0.816347
0.815999
0.813126
0.808099
0.801481
0.794186
0.787436
0.782535
0.780298
0.780625
0.782561
0.784835
0.786431
0.78705
0.787108
0.787466
0.788895
0.79174
0.795667
0.799783
0.802978
0.804208
0.802747
0.798318
0.791239
0.782442
0.773389
0.765821
0.761309
0.760813
0.764508
0.771741
0.781274
0.791548
0.800984
0.808403
0.813231
0.815645
0.816617
0.817527
0.819556
0.823115
0.827632
0.831728
0.834012
0.833611
0.830313
0.824588
0.817259
0.809307
0.801817
0.795972
0.792847
0.793062
0.796536
0.802564
0.809951
0.817306
0.823486
0.827847
0.830475
0.831967
0.832934
0.833819
0.834612
0.834936
0.834033
0.831091
0.825433
0.81665
0.804865
0.790767
0.775532
0.760723
0.748113
0.739337
0.735407
0.736301
0.740987
0.747985
0.756055
0.764489
0.772987
0.781337
0.789121
0.795789
0.800861
0.804165
0.805894
0.806715
0.807391
0.808564
0.810453
0.812716
0.814623
0.81544
0.814728
0.812626
0.809637
0.806362
0.803137
0.79989
0.796292
0.791981
0.786912
0.78147
0.776662
0.773932
0.774767
0.780059
0.789534
0.801503
0.813402
0.822752
0.827948
0.828579
0.825276
0.819366
0.812298
0.805261
0.799042
0.794124
0.791025
0.790478
0.793246
0.799645
0.809003
0.819701
0.829809
0.837632
0.842241
0.843438
0.841469
0.836673
0.829358
0.819769
0.808269
0.795531
0.782606
0.770709
0.760965
0.754369
0.751805
0.753973
0.761207
0.7733
0.789166
0.806911
0.824209
0.838771
0.848857
0.853611
0.853054
0.847762
0.838516
0.82599
0.810667
0.792745
0.772524
0.750827
0.729363
0.710764
0.698058
0.693932
0.699717
0.714968
0.73749
0.764094
0.791403
0.816364
0.836467
0.849988
0.85605
0.85472
0.846936
0.834253
0.818551
0.801854
0.786181
0.773159
0.763828
0.758491
0.756792
0.75811
0.761871
0.767607
0.774844
0.782895
0.790685
0.796956
0.800611
0.801
0.798191
0.793095
0.78746
0.783291
0.782311
0.785317
0.791838
0.800384
0.809195
0.816919
0.822855
0.826714
0.828352
0.827593
0.824481
0.81941
0.813185
0.806923
0.80168
0.798196
0.796708
0.796827
0.797787
0.798709
0.799043
0.798707
0.797904
0.796972
0.796153
0.795534
0.795162
0.795115
0.795461
0.79616
0.796915
0.797162
0.796036
0.792609
0.786332
0.777377
0.766586
0.755364
0.745272
0.737934
0.734959
0.737784
0.74727
0.763087
0.783592
0.805979
0.826916
0.843253
0.85295
0.855556
0.852137
0.844716
0.835516
0.826402
0.818561
0.812596
0.808871
0.807469
0.808298
0.810806
0.814035
0.816871
0.818634
0.819515
0.820455
0.822324
0.825335
0.828971
0.832285
0.834357
0.834568
0.832578
0.828186
0.821161
0.811413
0.799394
0.786362
0.774382
0.765684
0.761864
0.763194
0.76864
0.776489
0.78514
0.793586
0.801495
0.808977
0.816221
0.823414
0.830615
0.837629
0.844061
0.849192
0.852011
0.851235
0.845787
0.834978
0.819072
0.799553
0.779042
0.7607
0.747283
0.740429
0.740412
0.746432
0.757091
0.770813
0.785862
0.800592
0.813522
0.823427
0.829476
0.831259
0.828764
0.822421
0.812897
0.801174
0.7886
0.776681
0.766888
0.760303
0.757408
0.757996
0.761307
0.766397
0.772555
0.779651
0.788003
0.797809
0.808685
0.819597
0.829288
0.836792
0.841644
0.843684
0.842888
0.839228
0.832814
0.824111
0.813932
0.803432
0.793811
0.786088
0.78091
0.778501
0.778627
0.780659
0.78372
0.786903
0.789539
0.791288
0.792294
0.79316
0.79483
0.798196
0.803603
0.810724
0.818606
0.825982
0.831447
0.83379
0.832331
0.827344
0.820072
0.812645
0.807431
0.806121
0.809014
0.81492
0.821807
0.827636
0.831029
0.831447
0.829177
0.825064
0.820065
0.814942
0.810034
0.805285
0.80048
0.795272
0.789284
0.782276
0.774432
0.766508
0.759846
0.75603
0.75611
0.760078
0.766731
0.774155
0.780413
0.784021
0.784153
0.780653
0.774011
0.765301
0.75589
0.746858
0.738893
0.732584
0.728694
0.728059
0.731123
0.737669
0.746938
0.757996
0.769938
0.782015
0.793643
0.804323
0.813557
0.820812
0.825482
0.827085
0.825564
0.821635
0.816981
0.813796
0.814058
0.818644
0.82709
0.837837
0.848587
0.856727
0.860115
0.8576
0.849261
0.836244
0.820511
0.804308
0.789596
0.777645
0.768922
0.763101
0.75947
0.757256
0.755915
0.755147
0.754795
0.754756
0.754904
0.755176
0.755763
0.757273
0.760841
0.767884
0.779611
0.796332
0.816999
0.839402
0.860976
0.879485
0.893321
0.901444
0.903194
0.898228
0.88644
0.868175
0.844317
0.816392
0.786572
0.757503
0.732047
0.712675
0.700896
0.696782
0.699247
0.706885
0.718575
0.733629
0.751509
0.771412
0.792054
0.811784
0.828755
0.841258
0.84814
0.848956
0.844142
0.83502
0.82339
0.811139
0.79981
0.790267
0.782814
0.777536
0.774849
0.775665
0.780963
0.791209
0.805686
0.82233
0.838214
0.8504
0.856812
0.856895
0.851629
0.842829
0.832165
0.820379
0.807389
0.792969
0.777496
0.762356
0.750055
0.743682
0.745617
0.756028
0.772467
0.790856
0.807261
0.819029
0.825095
0.825635
0.821469
0.81366
0.803231
0.791293
0.779208
0.768554
0.760813
0.756933
0.75673
0.759009
0.762023
0.764257
0.76507
0.764768
0.764394
0.765231
0.768208
0.773674
0.781447
0.790995
0.801511
0.812086
0.821879
0.830244
0.837037
0.842437
0.846725
0.849943
0.851602
0.850778
0.846406
0.83777
0.8249
0.808829
0.79157
0.775702
0.763702
0.757186
0.756625
0.761351
0.769859
0.78038
0.791232
0.800956
0.80838
0.812821
0.814114
0.812604
0.809074
0.804526
0.800001
0.796516
0.795034
0.796509
0.80153
0.809797
0.81994
0.829859
0.837461
0.841276
0.840647
0.835813
0.827877
0.818632
0.810039
0.803698
0.800498
0.800431
0.802648
0.805786
0.808326
0.809007
0.807059
0.80233
0.795327
0.787173
0.779347
0.773419
0.770667
0.77183
0.776851
0.784787
0.793983
0.802434
0.808518
0.811506
0.811683
0.810147
0.808287
0.807244
0.807545
0.80908
0.811316
0.813506
0.815074
0.815722
0.815274
0.81347
0.809823
0.803728
0.794817
0.783432
0.770851
0.759102
0.750367
0.746351
0.747925
0.755054
0.766687
0.780887
0.795202
0.807288
0.815401
0.818623
0.816726
0.809975
0.799067
0.785171
0.76998
0.755713
0.744714
0.738883
0.73916
0.745376
0.756618
0.771477
0.788283
0.805277
0.820796
0.833543
0.842928
0.849144
0.853042
0.855615
0.857537
0.859049
0.86005
0.860322
0.859544
0.857464
0.854232
0.850579
0.847594
0.845875
0.844861
0.842943
0.838357
0.830218
0.819322
0.807926
0.798817
0.794157
0.794746
0.79982
0.807465
0.815156
0.820438
0.821466
0.817389
0.808594
0.796526
0.783215
0.770724
0.7607
0.754035
0.750947
0.751007
0.753274
0.756633
0.760258
0.764135
0.769255
0.776847
0.786996
0.797848
0.806305
0.809621
0.806554
0.797428
0.783633
0.767185
0.75031
0.735233
0.723997
0.718272
0.719038
0.72626
0.738811
0.754712
0.771747
0.78808
0.802556
0.814785
0.824951
0.83349
0.840607
0.846146
0.849612
0.850592
0.849254
0.846524
0.843861
0.842714
0.843788
0.8469
0.851365
0.856488
0.861811
0.867008
0.871563
0.874387
0.874062
0.869449
0.860148
0.846469
0.829135
0.808752
0.785977
0.762029
0.739401
0.721676
0.712538
0.714496
0.728047
0.751329
0.780528
0.811019
0.838464
0.859592
0.872562
0.876951
0.873397
0.863224
0.848026
0.829432
0.809131
0.788923
0.770855
0.757223
0.750198
0.751036
0.759165
0.772043
0.785888
0.797063
0.803115
0.803055
0.797109
0.786341
0.772324
0.756915
0.742197
0.730422
0.723861
0.724398
0.732977
0.749127
0.770818
0.794774
0.817213
0.834864
0.845654
0.848958
0.845556
0.837112
0.825672
0.813267
0.801693
0.792722
0.788015
0.789126
0.797153
0.812258
0.833161
0.857035
0.880197
0.899262
0.912099
0.918222
0.918242
0.912995
0.902797
0.887516
0.867219
0.842739
0.815647
0.787684
0.76025
0.734144
0.709889
0.688421
0.671479
0.661468
0.66034
0.668267
0.68326
0.701846
0.720595
0.737092
0.750258
0.760272
0.76839
0.776429
0.786035
0.79795
0.811989
0.827491
0.84376
0.860128
0.875828
0.889733
0.900461
0.906524
0.906621
0.899998
0.886772
0.86814
0.846167
0.823375
0.802137
0.784213
0.770375
0.760424
0.753437
0.748097
0.743095
0.737464
0.730853
0.723641
0.716848
0.712093
0.711228
0.715876
0.726922
0.743992
0.765333
0.788093
0.809128
0.825701
0.836164
0.840127
0.838457
0.833125
0.82665
0.821549
0.819654
0.821369
0.825597
0.830297
0.833324
0.833254
0.829705
0.823167
0.814743
0.80567
0.797219
0.790514
0.786424
0.785354
0.787074
0.790899
0.795947
0.801275
0.805919
0.808905
0.809257
0.806431
0.800957
0.794808
0.790813
0.790681
0.793379
0.795974
0.796213
0.794203
0.791971
0.791852
0.795247
0.802297
0.812348
0.824515
0.837801
0.851025
0.862666
0.871129
0.874997
0.873451
0.8664
0.854208
0.83757
0.817344
0.794679
0.771419
0.750163
0.733883
0.724849
0.723803
0.729581
0.739646
0.751334
0.762827
0.773141
0.781648
0.787899
0.791721
0.793289
0.79302
0.791254
0.7882
0.783992
0.779082
0.774307
0.770855
0.769836
0.771803
0.77655
0.783015
0.789619
0.79474
0.797306
0.797142
0.794949
0.791896
0.789057
0.787094
0.786371
0.787177
0.789782
0.794201
0.800143
0.807077
0.814333
0.821277
0.827296
0.831918
0.834811
0.835696
0.834219
0.830221
0.823822
0.815814
0.807674
0.801158
0.797561
0.79712
0.79911
0.802297
0.805708
0.808719
0.811099
0.812733
0.813437
0.81292
0.810893
0.807113
0.801613
0.794726
0.786988
0.779132
0.772061
0.766748
0.764209
0.765135
0.769476
0.776322
0.784519
0.793351
0.802838
0.813372
0.824909
0.836423
0.845977
0.851305
0.850664
0.843453
0.83059
0.814289
0.797529
0.783296
0.773884
0.770314
0.772344
0.778595
0.786915
0.794885
0.800295
0.801755
0.798993
0.792859
0.785007
0.777239
0.770881
0.766671
0.764874
0.765365
0.767844
0.772025
0.777767
0.785175
0.794451
0.805435
0.817215
0.828238
0.836819
0.841706
0.842447
0.839393
0.833485
0.825851
0.817793
0.810828
0.806514
0.806224
0.810651
0.819316
0.830378
0.841224
0.849314
0.852968
0.851674
0.845644
0.835361
0.821604
0.805634
0.789217
0.774069
0.76136
0.7516
0.744785
0.740652
0.738939
0.739297
0.741332
0.744784
0.749447
0.755133
0.761544
0.768534
0.77638
0.78567
0.796719
0.809264
0.82253
0.835482
0.847027
0.855975
0.861212
0.861806
0.857413
0.848453
0.836301
0.82293
0.810595
0.801058
0.795256
0.793208
0.794228
0.79746
0.801989
0.806921
0.811387
0.81442
0.815183
0.813106
0.808226
0.801207
0.793223
0.785723
0.779948
0.776646
0.775952
0.777448
0.780508
0.784381
0.788299
0.791604
0.793966
0.795523
0.796735
0.798175
0.800261
0.803075
0.806399
0.809833
0.812964
0.815374
0.816668
0.816567
0.81485
0.811362
0.806101
0.799239
0.791092
0.782087
0.772561
0.76282
0.75316
0.744044
0.736256
0.730841
0.728996
0.73187
0.740358
0.754693
0.773906
0.795639
0.816529
0.833094
0.842832
0.84496
0.840572
0.832182
0.822898
0.81557
0.81194
0.812217
0.815267
0.819292
0.822566
0.824053
0.823615
0.821967
0.820404
0.820539
0.823867
0.831219
0.842164
0.854893
0.866618
0.874434
0.876223
0.871074
0.859154
0.841795
0.821544
0.801989
0.786545
0.776669
0.771193
0.767561
0.76371
0.758853
0.75353
0.749252
0.747756
0.750232
0.756752
0.766448
0.777988
0.789996
0.801203
0.810532
0.817153
0.820587
0.820972
0.819118
0.816577
0.815235
0.816544
0.820828
0.827085
0.833446
0.837803
0.83838
0.834113
0.824754
0.810803
0.793534
0.774807
0.756899
0.742252
0.732869
0.729815
0.732769
0.740117
0.74961
0.759333
0.768203
0.776002
0.783035
0.789668
0.79625
0.803146
0.81068
0.819059
0.828123
0.837147
0.844922
0.849981
0.851218
0.848274
0.841522
0.83199
0.821008
0.809901
0.7997
0.79091
0.783388
0.776442
0.769229
0.761161
0.752339
0.743769
0.736999
0.733549
0.73431
0.73951
0.74887
0.761879
0.777976
0.796314
0.815553
0.833714
0.84837
0.857203
0.85863
0.852292
0.83915
0.821366
0.80192
0.78413
0.770981
0.764541
0.765451
0.772852
0.784712
0.798609
0.81252
0.825348
0.836874
0.847069
0.855548
0.86153
0.86429
0.863362
0.858789
0.851062
0.841094
0.830127
0.819357
0.809456
0.800455
0.791885
0.78336
0.775012
0.767719
0.762828
0.761257
0.762852
0.766237
0.769545
0.771425
0.771624
0.770772
0.769808
0.769351
0.769496
0.769971
0.770556
0.771183
0.771994
0.773142
0.774778
0.77705
0.780072
0.783835
0.787854
0.79129
0.793319
0.793593
0.792541
0.79133
0.791304
0.793569
0.798457
0.805425
0.813173
0.820269
0.82565
0.828957
0.830498
0.831073
0.83153
0.832362
0.833534
0.834548
0.834638
0.833135
0.829687
0.824265
0.817239
0.809365
0.80161
0.795097
0.790917
0.790037
0.793101
0.800246
0.810841
0.823465
0.836175
0.846992
0.854289
0.856926
0.854407
0.846977
0.835793
0.822843
0.810465
0.800658
0.794409
0.791579
0.791322
0.792608
0.7946
0.796786
0.798639
0.799281
0.797525
0.792077
0.782061
0.76758
0.750207
0.73307
0.720185
0.715259
0.720333
0.734822
0.755611
0.778477
0.799558
0.816263
0.827355
0.832606
0.832315
0.827222
0.818623
0.808416
0.799083
0.792991
0.791612
0.79495
0.801486
0.808786
0.814432
0.816761
0.815458
0.811479
0.806606
0.802789
0.801494
0.803281
0.807863
0.814332
0.821555
0.828615
0.834878
0.839919
0.843274
0.84439
0.842556
0.837023
0.827254
0.813127
0.795233
0.775069
0.755077
0.738599
0.728981
0.728061
0.73475
0.745692
0.757132
0.766563
0.773193
0.777621
0.781232
0.785484
0.791254
0.798333
0.80544
0.810936
0.81362
0.81324
0.810402
0.806028
0.801044
0.796399
0.793085
0.792362
0.795669
0.804214
0.81838
0.837159
0.858181
0.878316
0.894652
0.905062
0.908399
0.904263
0.892704
0.874073
0.849122
0.819301
0.786976
0.755368
0.727805
0.706775
0.693218
0.686727
0.686335
0.691116
0.700291
0.712821
0.727036
0.740856
0.752484
0.761031
0.766702
0.77036
0.773068
0.775725
0.779075
0.783743
0.790055
0.797813
0.806071
0.813378
0.818234
0.819524
0.816934
0.811237
0.804477
0.799494
0.798798
0.803365
0.8124
0.823919
0.835665
0.845661
0.852621
0.856129
0.856515
0.854563
0.850989
0.84615
0.839954
0.832119
0.822519
0.811607
0.800823
0.792555
0.789321
0.792475
0.801034
0.811958
0.821647
0.827387
0.828155
0.82459
0.818418
0.811565
0.805596
0.801298
0.798771
0.79772
0.797749
0.798325
0.798759
0.797991
0.794858
0.788458
0.778732
0.766839
0.754913
0.745354
0.740044
0.739538
0.742995
0.748562
0.754068
0.757818
0.759203
0.758768
0.75793
0.758228
0.760611
0.765216
0.771528
0.778936
0.787155
0.796221
0.80642
0.818009
0.831106
0.845597
0.861072
0.876795
0.891613
0.904027
0.912278
0.914846
0.910955
0.900966
0.886224
0.868591
0.849864
0.83143
0.81432
0.799366
0.787276
0.778586
0.773208
0.770105
0.767374
0.762848
0.75497
0.743627
0.730298
0.717628
0.708526
0.705
0.707229
0.713617
0.721664
0.729087
0.734685
0.738439
0.741097
0.743641
0.746969
0.75183
0.758787
0.768219
0.779966
0.793061
0.805776
0.816268
0.823208
0.826477
0.827152
0.826946
0.827556
0.830143
0.835253
0.842786
0.851878
0.860955
0.868011
0.87115
0.869276
0.862589
0.85259
0.841451
0.830805
0.821035
0.811544
0.801638
0.791232
0.781078
0.772454
0.766738
0.765055
0.768145
0.776007
0.787743
0.801647
0.815744
0.828411
0.838766
0.846622
0.852053
0.854809
0.853908
0.848069
0.836462
0.819401
0.798499
0.776313
0.755757
0.739816
0.730985
0.73077
0.739006
0.753762
0.771783
0.789396
0.803344
0.811574
0.813362
0.809263
0.800823
0.790299
0.780186
0.773028
0.770985
0.775275
0.785675
0.80052
0.817171
0.832726
0.844701
0.851325
0.851719
0.845778
0.834189
0.818468
0.80087
0.784158
0.771201
0.764313
0.764621
0.771747
0.784011
0.799
0.814168
0.827389
0.83705
0.842082
0.842034
0.837225
0.828754
0.818341
0.807872
0.798831
0.791967
0.787297
0.784396
0.782867
0.782632
0.783922
0.787009
0.791859
0.797858
0.803942
0.809123
0.812692
0.814195
0.813532
0.810884
0.806739
0.801935
0.797423
0.794071
0.792397
0.792355
0.793307
0.794185
0.793941
0.792071
0.789295
0.787409
0.788035
0.791308
0.795523
0.798318
0.798142
0.794827
0.789333
0.783334
0.778645
0.776782
0.778529
0.783656
0.791147
0.799688
0.808105
0.815647
0.822147
0.828113
0.834509
0.84221
0.851604
0.862236
0.872958
0.882312
0.888799
0.891222
0.888821
0.881356
0.869107
0.852861
0.833918
0.813813
0.793968
0.775481
0.759066
0.745112
0.733971
0.726126
0.722218
0.723025
0.729028
0.740107
0.755224
0.772441
0.7893
0.803562
0.813806
0.819621
0.821586
0.820879
0.818868
0.816603
0.814553
0.812617
0.810281
0.806934
0.802351
0.79691
0.79164
0.788072
0.787573
0.790717
0.796964
0.804823
0.812232
0.817305
0.818947
0.817247
0.813368
0.808982
0.805405
0.802869
0.800473
0.796551
0.789569
0.779
0.765646
0.75168
0.740056
0.733423
0.73323
0.739344
0.750504
0.764874
0.78071
0.796489
0.810965
0.823117
0.832092
0.837261
0.838021
0.833876
0.824618
0.810953
0.794948
0.779543
0.767663
0.761349
0.761261
0.766822
0.776619
0.788925
0.801975
0.814123
0.82408
0.831077
0.835078
0.836555
0.836085
0.834207
0.831361
0.828083
0.825132
0.82323
0.822796
0.823639
0.824998
0.825843
0.825162
0.822279
0.817124
0.810342
0.803358
0.79796
0.795544
0.796524
0.800113
0.804765
0.8089
0.811621
0.812754
0.812824
0.812562
0.812405
0.812056
0.81049
0.806587
0.799782
0.790482
0.780093
0.770524
0.763383
0.759381
0.758148
0.758503
0.759186
0.759441
0.759342
0.759707
0.761782
0.766604
0.774639
0.785678
0.799097
0.813987
0.829248
0.843479
0.855041
0.862297
0.863907
0.859213
0.848315
0.832276
0.812909
0.792811
0.77502
0.762494
0.757426
0.760719
0.771645
0.788099
0.807165
0.825887
0.841661
0.852412
0.856819
0.854292
0.845108
0.830323
0.811672
0.791121
0.77056
0.751581
0.735389
0.722919
0.715101
0.712841
0.716873
0.727242
0.742787
0.761335
0.780241
0.797118
0.810244
0.818497
0.821314
0.818727
0.811338
0.800532
0.788705
0.778924
0.774009
0.775579
0.783408
0.795822
0.810633
0.825799
0.839665
0.851052
0.859341
0.864352
0.866069
0.864304
0.85864
0.848791
0.83501
0.818255
0.800129
0.78247
0.7668
0.753995
0.744272
0.737518
0.733773
0.733432
0.737249
0.74573
0.758278
0.773043
0.787665
0.800371
0.810437
0.818013
0.823489
0.827161
0.828968
0.828676
0.826448
0.822902
0.819084
0.816012
0.814394
0.814407
0.815825
0.818225
0.820983
0.823395
0.824736
0.824376
0.822064
0.818035
0.812973
0.80777
0.803297
0.800123
0.798358
0.797753
0.797834
0.798262
0.798954
0.799988
0.801312
0.802597
0.803428
0.80355
0.803034
0.80206
0.800406
0.797144
0.79118
0.782163
0.771255
0.761141
0.755146
0.755796
0.763436
0.776153
0.790705
0.803961
0.81375
0.819056
0.819796
0.816557
0.810304
0.802219
0.793327
0.784396
0.775794
0.767518
0.759396
0.751215
0.742913
0.734503
0.726159
0.718531
0.712874
0.71105
0.714739
0.72453
0.739427
0.75706
0.774383
0.788626
0.79805
0.802366
0.80263
0.800921
0.799449
0.799899
0.803197
0.809914
0.820482
0.83502
0.852771
0.871959
0.890314
0.905758
0.916687
0.922021
0.92111
0.913908
0.901058
0.883807
0.863917
0.843381
0.824207
0.807914
0.795086
0.785246
0.777034
0.76898
0.760367
0.751801
0.745012
0.741681
0.742487
0.746914
0.753682
0.761321
0.76864
0.775051
0.780565
0.785494
0.79005
0.794224
0.797839
0.800595
0.802422
0.803519
0.804222
0.804924
0.805923
0.807493
0.809968
0.813589
0.818351
0.823781
0.828964
0.832787
0.834379
0.833307
0.829711
0.824311
0.818405
0.813673
0.811728
0.813337
0.817899
0.823546
0.827748
0.828338
0.824025
0.81464
0.800976
0.784559
0.767253
0.751172
0.738482
0.731036
0.729986
0.735604
0.747261
0.763591
0.782758
0.802791
0.821839
0.838351
0.851195
0.859743
0.863976
0.864522
0.862653
0.859905
0.85751
0.855769
0.853906
0.850238
0.843079
0.831508
0.815996
0.798529
0.782265
0.770412
0.764987
0.76597
0.771338
0.778008
0.783048
0.784524
0.781804
0.775664
0.767943
0.761138
0.75774
0.759368
0.765957
0.775622
0.78542
0.792739
0.796437
0.797187
0.796886
0.797375
0.799703
0.803848
0.809169
0.814929
0.820694
0.826181
0.83115
0.835188
0.837907
0.839164
0.83939
0.83938
0.839898
0.840977
0.841745
0.840591
0.836095
0.827719
0.816041
0.802538
0.788915
0.776478
0.765864
0.757141
0.750134
0.744646
0.740652
0.73813
0.736996
0.737146
0.738656
0.741563
0.745541
0.749705
0.753141
0.755748
0.758442
0.762613
0.769378
0.778946
0.790456
0.80223
0.812439
0.819698
0.823452
0.82396
0.822005
0.818682
0.815351
0.813298
0.813345
0.815493
0.818977
0.82265
0.825511
0.827184
0.82794
0.828453
0.829334
0.830707
0.832054
0.832488
0.831261
0.828061
0.823237
0.817665
0.812304
0.807831
0.804532
0.802454
0.801676
0.802333
0.804792
0.809528
0.816766
0.826209
0.836878
0.847439
0.856484
0.862746
0.865237
0.863349
0.857043
0.846905
0.833999
0.819702
0.805471
0.792548
0.781738
0.77307
0.765894
0.759248
0.752359
0.744882
0.736923
0.728891
0.721418
0.715385
0.711829
0.711792
0.716217
0.725622
0.739774
0.757501
0.776868
0.795604
0.811636
0.823637
0.831439
0.836207
0.839914
0.844103
0.848884
0.853063
0.855197
0.854569
0.851337
0.846348
0.840626
0.834956
0.829798
0.825298
0.821323
0.817457
0.813192
0.808197
0.802677
0.797449
0.793688
0.792336
0.793698
0.7973
0.802133
0.806993
0.810641
0.812095
0.810726
0.80633
0.799115
0.789523
0.778023
0.76541
0.752995
0.742715
0.736796
0.736814
0.7429
0.753644
0.766613
0.779235
0.789559
0.796651
0.800724
0.803005
0.805164
0.808718
0.814594
0.822947
0.833079
0.843633
0.853107
0.860296
0.864403
0.865246
0.862955
0.857806
0.850151
0.840467
0.829386
0.817731
0.806271
0.795466
0.7853
0.775213
0.764423
0.752511
0.739744
0.727062
0.715669
0.706803
0.701744
0.701914
0.708454
0.721449
0.739407
0.759803
0.780401
0.800233
0.819556
0.839093
0.859082
0.878733
0.89623
0.909156
0.915178
0.912714
0.901464
0.882481
0.857986
0.831035
0.804947
0.782802
0.767046
0.759144
0.759443
0.76709
0.780215
0.796208
0.812155
0.825227
0.832924
0.833496
0.826211
0.811707
0.792128
0.770925
0.752212
0.739601
0.735097
0.738322
0.746778
0.756885
0.76544
0.77059
0.772079
0.771118
0.769743
0.770054
0.773631
0.781071
0.792112
0.805914
0.821365
0.837389
0.853017
0.867268
0.879022
0.887099
0.890309
0.887818
0.879546
0.86631
0.849752
0.832109
0.81565
0.802264
0.792975
0.78793
0.786305
0.786551
0.786901
0.786081
0.783674
0.780186
0.776612
0.773783
0.771967
0.770798
0.769564
0.767847
0.765696
0.763373
0.760909
0.757898
0.753915
0.749336
0.745847
0.745789
0.750648
0.760241
0.773321
0.788537
0.804904
0.82151
0.837236
0.850579
0.85996
0.864044
0.86212
0.854208
0.841104
0.824134
0.8049
0.784985
0.765788
0.748687
0.735241
0.727194
0.726121
0.732947
0.747284
0.76702
0.78869
0.808471
0.823204
0.830961
0.83106
0.823911
0.810854
0.794001
0.776355
0.761446
0.752767
0.752731
0.76153
0.776973
0.795491
0.813783
0.829689
0.842096
0.850225
0.85336
0.85117
0.844248
0.834065
0.822459
0.810996
0.800505
0.79108
0.78263
0.775948
0.773181
0.776574
0.785988
0.798043
0.808338
0.813972
0.814228
0.8098
0.801896
0.791686
0.780181
0.768295
0.75689
0.746747
0.738592
0.733176
0.731281
0.73361
0.740518
0.751601
0.765566
0.780474
0.794446
0.80613
0.815008
0.82126
0.825415
0.827936
0.828961
0.828273
0.825559
0.820675
0.81388
0.805824
0.797533
0.790366
0.785744
0.784966
0.788808
0.797322
0.8097
0.824383
0.839433
0.852901
0.863157
0.868939
0.869422
0.864411
0.854483
0.84121
0.82683
0.81367
0.803393
0.796374
0.791771
0.788033
0.783547
0.777267
0.768869
0.758596
0.747153
0.735448
0.72447
0.715336
0.70926
0.707375
0.710364
0.718179
0.73007
0.744796
0.760922
0.777093
0.792282
0.805931
0.817936
0.828605
0.83839
0.847465
0.855307
0.860568
0.861541
0.856771
0.845551
0.828313
0.806756
0.783898
0.763868
0.751004
0.748681
0.757846
0.776553
0.800396
0.824052
0.842879
0.85401
0.856635
0.851638
0.841079
0.827321
0.812781
0.799509
0.78904
0.782232
0.779221
0.779528
0.782215
0.786155
0.790362
0.794127
0.797101
0.799142
0.800172
0.800264
0.799821
0.79968
0.800897
0.804313
0.810056
0.817585
0.825978
0.834108
0.840748
0.844635
0.844815
0.840809
0.832844
0.822006
0.810136
0.799325
0.791442
0.787697
0.788451
0.793392
0.801737
0.81237
0.823842
0.834526
0.842898
0.847671
0.848032
0.843722
0.835175
0.823531
0.810341
0.797084
0.784768
0.773798
0.764206
0.756423
0.751531
0.751061
0.756077
0.766231
0.779554
0.793208
0.80472
0.812842
0.81775
0.820561
0.822625
0.824837
0.82744
0.830036
0.831914
0.832291
0.830419
0.82586
0.818635
0.809213
0.798378
0.786978
0.775809
0.765531
0.756745
0.749955
0.745541
0.743711
0.744729
0.748927
0.756703
0.768067
0.782156
0.797313
0.811709
0.823902
0.832911
0.838151
0.839369
0.836559
0.829999
0.820155
0.807534
0.79279
0.777035
0.762061
0.750056
0.74298
0.742005
0.74725
0.75772
0.771679
0.787164
0.802298
0.815492
0.825612
0.831989
0.834639
0.834263
0.831991
0.829128
0.826576
0.824797
0.823932
0.824066
0.825216
0.827002
0.828651
0.829155
0.827502
0.823004
0.815361
0.804764
0.792106
0.778969
0.767474
0.759766
0.757411
0.760772
0.76893
0.780092
0.792205
0.803518
0.812803
0.819285
0.822584
0.822681
0.819803
0.814608
0.808252
0.802316
0.798349
0.797288
0.799111
0.80291
0.807328
0.811024
0.812962
0.812592
0.809754
0.804679
0.797748
0.789334
0.779857
0.769988
0.7609
0.754269
0.751797
0.754496
0.76219
0.773465
0.786316
0.798919
0.81024
0.820147
0.828945
0.837024
0.844543
0.851146
0.85603
0.858137
0.856416
0.850192
0.839423
0.824797
0.807752
0.790234
0.77438
0.762225
0.755312
0.754355
0.759066
0.768216
0.779937
0.79212
0.802834
0.810639
0.814823
0.815529
0.813603
0.810319
0.806883
0.804172
0.802532
0.802014
0.802525
0.804021
0.806478
0.809974
0.81448
0.819612
0.824539
0.827776
0.82765
0.8226
0.811788
0.795589
0.775821
0.755711
0.739141
0.729463
0.728424
0.735619
0.748753
0.764414
0.779048
0.789714
0.794715
0.79392
0.788892
0.782621
0.77876
0.780239
0.788032
0.800955
0.816664
0.832729
0.847582
0.860712
0.872444
0.883404
0.893891
0.903389
0.91057
0.913773
0.91149
0.902735
0.887254
0.865581
0.83889
0.808921
0.777732
0.747435
0.719985
0.696886
0.679182
0.66749
0.662135
0.663143
0.670193
0.682498
0.699042
0.718813
0.740914
0.764381
0.787973
0.810116
0.829103
0.843376
0.851779
0.853659
0.849162
0.839504
0.826983
0.814716
0.80551
0.800662
0.799756
0.801389
0.804414
0.808473
0.813861
0.820967
0.829855
0.840009
0.850396
0.859673
0.86652
0.870057
0.87031
0.868031
0.864001
0.858214
0.849626
0.837136
0.820702
0.801721
0.782627
0.766258
0.754958
0.749941
0.751155
0.757756
0.768639
0.782714
0.798751
0.815131
0.829805
0.84043
0.84513
0.843107
0.83482
0.821912
0.806805
0.792198
0.780525
0.77346
0.771649
0.774592
0.78108
0.789828
0.799746
0.809913
0.819326
0.826777
0.831016
0.831126
0.826726
0.818079
0.805981
0.791612
0.776398
0.762013
0.750393
0.743458
0.742792
0.749251
0.76279
0.782259
0.805548
0.829743
0.851584
0.868057
0.877069
0.877793
0.870662
0.856968
0.838623
0.817838
0.796894
0.777993
0.76309
0.753725
0.75076
0.754157
0.762946
0.77526
0.788734
0.800929
0.809908
0.814625
0.814974
0.811733
0.806231
0.799959
0.794454
0.791173
0.791355
0.795682
0.80391
0.814721
0.826109
0.83606
0.843191
0.847053
0.847946
0.846439
0.842853
0.837119
0.829037
0.818521
0.806076
0.79279
0.780325
0.770592
0.765037
0.764074
0.766797
0.771171
0.774581
0.77479
0.770742
0.763055
0.754074
0.747031
0.744458
0.747051
0.753877
0.763492
0.774712
0.786645
0.798598
0.810028
0.820451
0.829354
0.836214
0.840513
0.841836
0.840053
0.835336
0.828181
0.819193
0.80901
0.79825
0.787604
0.777867
0.769798
0.763781
0.759607
0.756609
0.754115
0.751997
0.750856
0.751888
0.756417
0.76536
0.778893
0.796265
0.815851
0.835351
0.852174
0.863847
0.868574
0.865762
0.856209
0.842057
0.826103
0.811002
0.79851
0.789089
0.782071
0.776279
0.770717
0.765091
0.760125
0.757271
0.758058
0.763299
0.772622
0.78432
0.796021
0.805531
0.811613
0.814384
0.815021
0.815201
0.816626
0.820669
0.828092
0.838663
0.850919
0.862527
0.871167
0.875226
0.874354
0.869332
0.861643
0.85304
0.845012
0.838383
0.833097
0.828379
0.823165
0.8165
0.807733
0.79657
0.78325
0.768436
0.753059
0.73818
0.725217
0.71632
0.714509
0.722722
0.742032
0.770348
0.803001
0.834458
0.860031
0.876624
0.882682
0.878068
0.863818
0.842085
0.816066
0.789585
0.76665
0.750505
0.742738
0.742897
0.748855
0.757691
0.766749
0.774319
0.779741
0.783122
0.784979
0.786002
0.786954
0.788471
0.790775
0.793558
0.796001
0.797157
0.796208
0.792785
0.7874
0.781653
0.777832
0.778141
0.783664
0.793831
0.806625
0.819258
0.829092
0.834391
0.834662
0.830762
0.824678
0.819071
0.816471
0.81857
0.825767
0.837246
0.851187
0.86523
0.876889
0.884082
0.885682
0.881573
0.872301
0.85857
0.8408
0.81945
0.795643
0.771497
0.749779
0.733108
0.723187
0.720342
0.723644
0.731363
0.741556
0.75255
0.763184
0.772747
0.780988
0.787955
0.793728
0.79814
0.800717
0.800955
0.798711
0.794651
0.790331
0.787825
0.788949
0.794663
0.804598
0.817232
0.83033
0.84137
0.848057
0.848779
0.843021
0.83158
0.816352
0.799883
0.784738
0.77292
0.765514
0.762436
0.762626
0.764729
0.767874
0.77219
0.77851
0.78752
0.79881
0.81071
0.821102
0.828416
0.832266
0.8334
0.83314
0.832559
0.832217
0.832228
0.832467
0.832583
0.831926
0.829783
0.82554
0.818978
0.810449
0.80082
0.791339
0.783419
0.778141
0.775746
0.775627
0.776591
0.77738
0.776953
0.774808
0.771196
0.767149
0.764056
0.763386
0.766191
0.772774
0.782608
0.794696
0.80807
0.822209
0.837118
0.853013
0.869523
0.885298
0.898117
0.905581
0.906031
0.898946
0.88494
0.865397
0.842093
0.816976
0.791987
0.768801
0.748564
0.731669
0.717884
0.706765
0.698141
0.692085
0.688817
0.688512
0.69135
0.697566
0.707382
0.720759
0.737177
0.755616
0.774779
0.793419
0.810363
0.824588
0.835172
0.841381
0.842785
0.839488
0.83227
0.822569
0.812351
0.803636
0.798032
0.796352
0.798406
0.803233
0.809572
0.816437
0.823508
0.830997
0.839259
0.848151
0.856675
0.863319
0.8665
0.865259
0.859292
0.848905
0.834689
0.81746
0.798401
0.779233
0.762166
0.749515
0.742882
0.742562
0.747482
0.755775
0.765651
0.775986
0.786538
0.797699
0.809999
0.823471
0.837364
0.850269
0.860574
0.866848
0.868294
0.864774
0.856874
0.845649
0.832256
0.817667
0.802472
0.786909
0.771217
0.755982
0.742427
0.732198
0.726662
0.726294
0.730434
0.737572
0.746042
0.754626
0.762826
0.770555
0.777637
0.783487
0.787275
0.788433
0.786848
0.782957
0.777616
0.772059
0.767903
0.766809
0.77006
0.778146
0.790618
0.806288
0.823655
0.841022
0.856635
0.8687
0.875428
0.875286
0.867419
0.852028
0.830594
0.805782
0.780964
0.759522
0.74418
0.736561
0.736989
0.74456
0.757347
0.772705
0.787786
0.799889
0.807099
0.808687
0.805142
0.797835
0.788534
0.778801
0.769781
0.762197
0.756655
0.753707
0.753742
0.756852
0.762637
0.770211
0.778507
0.786669
0.794141
0.80072
0.806516
0.811898
0.817412
0.823661
0.830948
0.8392
0.847855
0.856114
0.863114
0.86792
0.869476
0.866688
0.85879
0.845722
0.828321
0.808292
0.787955
0.769923
0.756574
0.749287
0.748168
0.752126
0.759392
0.768332
0.777915
0.787974
0.798708
0.810218
0.821912
0.832452
0.840327
0.844568
0.845263
0.84364
0.841687
0.841291
0.843524
0.848207
0.853898
0.858405
0.859488
0.855503
0.845846
0.831012
0.812431
0.792065
0.771981
0.754148
0.740244
0.731488
0.728309
0.730146
0.735585
0.742727
0.749703
0.755055
0.757984
0.758231
0.756152
0.752672
0.749144
0.747083
0.747764
0.751849
0.759106
0.768703
0.779511
0.790406
0.800474
0.808994
0.815611
0.820302
0.823281
0.824665
0.824151
0.821187
0.815448
0.807419
0.79849
0.790453
0.784578
0.781117
0.779593
0.779559
0.781066
0.784648
0.79085
0.799722
0.810613
0.822148
0.832532
0.83993
0.842941
0.840957
0.834428
0.8247
0.813652
0.803197
0.794756
0.788909
0.785322
0.782954
0.780788
0.778583
0.776863
0.776305
0.777149
0.779085
0.781536
0.784021
0.786347
0.788415
0.789976
0.790625
0.789918
0.787664
0.784165
0.78008
0.776247
0.773413
0.772088
0.772412
0.774171
0.776838
0.779659
0.781856
0.782925
0.782884
0.782458
0.782946
0.78561
0.791104
0.798993
0.808028
0.816746
0.823847
0.828392
0.829825
0.828169
0.824063
0.818689
0.813455
0.809592
0.807866
0.808388
0.810707
0.814013
0.817319
0.81969
0.820402
0.818955
0.815218
0.809353
0.801827
0.79376
0.786931
0.783395
0.784272
0.788934
0.795128
0.800144
0.802075
0.800732
0.797823
0.796081
0.797736
0.803294
0.811504
0.820144
0.827156
0.831196
0.831735
0.828768
0.822588
0.813776
0.803344
0.792789
0.783985
0.778594
0.777291
0.779301
0.782735
0.785432
0.785895
0.783798
0.77993
0.775893
0.773483
0.77408
0.778221
0.785392
0.794276
0.803091
0.810037
0.81363
0.81314
0.808808
0.801872
0.794209
0.787614
0.783219
0.781
0.779818
0.777932
0.773841
0.766972
0.758017
0.748885
0.741943
0.739191
0.741519
0.748482
0.758678
0.770268
0.7815
0.791022
0.798237
0.803355
0.807185
0.810783
0.814957
0.820005
0.825649
0.831281
0.836255
0.840001
0.842245
0.842804
0.841584
0.838454
0.833256
0.826087
0.817493
0.808619
0.801064
0.796379
0.795452
0.798096
0.803175
0.809069
0.814295
0.817987
0.81996
0.820419
0.819542
0.817324
0.813596
0.808108
0.800722
0.791518
0.780955
0.769845
0.759362
0.750787
0.745217
0.743349
0.745456
0.751495
0.761089
0.77356
0.787877
0.802763
0.81685
0.829026
0.838386
0.844152
0.84566
0.842626
0.83544
0.825218
0.813634
0.802535
0.793469
0.787147
0.783139
0.780494
0.778602
0.777485
0.777536
0.778875
0.781255
0.784179
0.787261
0.790328
0.793404
0.796522
0.79971
0.803047
0.806663
0.810776
0.815598
0.821017
0.826424
0.830721
0.832763
0.831649
0.827129
0.819752
0.810823
0.802057
0.794929
0.790326
0.788441
0.78889
0.790948
0.793699
0.795943
0.796575
0.794758
0.790042
0.78254
0.772754
0.761503
0.749865
0.739137
0.730658
0.725807
0.725795
0.731321
0.74229
0.757662
0.775669
0.794217
0.811348
0.825695
0.83672
0.844541
0.849692
0.852665
0.853808
0.853208
0.85086
0.846842
0.841638
0.836447
0.833118
0.833209
0.836771
0.842265
0.847617
0.851303
0.852502
0.850944
0.846776
0.84064
0.833604
0.826744
0.820691
0.815516
0.810925
0.80658
0.802399
0.79835
0.794059
0.788973
0.78259
0.774993
0.766958
0.759772
0.754782
0.753124
0.755411
0.761507
0.770408
0.780447
0.789678
0.796363
0.799371
0.798442
0.79414
0.787692
0.780802
0.775547
0.774105
0.778121
0.787981
0.802541
0.81924
0.834754
0.845642
0.849143
0.843617
0.829086
0.807451
0.782268
0.757964
0.738621
0.726883
0.723277
0.726437
0.734136
0.744137
0.754827
0.765249
0.774911
0.7837
0.791903
0.800226
0.809765
0.82155
0.835901
0.852018
0.868086
0.881901
0.891539
0.895797
0.894411
0.887979
0.877475
0.863891
0.847967
0.8302
0.811033
0.791012
0.77082
0.751404
0.733844
0.7194
0.709328
0.704474
0.705122
0.711006
0.721549
0.735868
0.752736
0.770494
0.787324
0.801375
0.811132
0.815564
0.814299
0.807992
0.798501
0.788567
0.78064
0.776029
0.775072
0.777918
0.784973
0.796523
0.812047
0.829822
0.847025
0.860498
0.867505
0.866441
0.857347
0.841994
0.823585
0.805813
0.791845
0.783547
0.781302
0.784181
0.790264
0.797316
0.803349
0.80705
0.807959
0.806435
0.803341
0.799884
0.797274
0.796354
0.797373
0.799926
0.803359
0.807245
0.811531
0.816424
0.822141
0.82848
0.834917
0.840668
0.844763
0.846239
0.844122
0.83735
0.825076
0.806956
0.783685
0.757512
0.73205
0.711444
0.698844
0.695322
0.699701
0.709579
0.722261
0.735588
0.748276
0.75985
0.770466
0.780547
0.790435
0.800064
0.808926
0.81606
0.820497
0.82173
0.819942
0.816026
0.811143
0.806235
0.80184
0.798335
0.79627
0.796554
0.800207
0.807834
0.819213
0.833179
0.847905
0.861325
0.871664
0.87772
0.878994
0.875523
0.8678
0.85655
0.842659
0.827187
0.811289
0.796069
0.782636
0.772238
0.766015
0.764402
0.766499
0.770204
0.773012
0.773033
0.76968
0.763658
0.7565
0.750147
0.746535
0.747224
0.753072
0.76406
0.779511
0.798308
0.819074
0.840018
0.858969
0.873755
0.882676
0.884675
0.879492
0.867553
0.850098
0.829255
0.807733
0.788109
0.771931
0.759433
0.750028
0.742916
0.737606
0.734176
0.733395
0.736344
0.744007
0.756671
0.773601
0.793083
0.812855
0.830564
0.844101
0.85192
0.853307
0.848613
0.83933
0.827701
0.815931
0.805426
0.796517
0.788863
0.781974
0.775388
0.768977
0.763212
0.759252
0.758668
0.762572
0.771034
0.782868
0.796125
0.808725
0.818979
0.825956
0.829592
0.830712
0.830681
0.830761
0.831744
0.833343
0.834379
0.833295
0.828776
0.8204
0.808802
0.795428
0.781997
0.770035
0.760646
0.754603
0.752293
0.753667
0.758366
0.765721
0.774967
0.785369
0.7963
0.807188
0.817387
0.826143
0.832632
0.836072
0.836181
0.83325
0.828147
0.822007
0.815799
0.81023
0.805711
0.802537
0.801087
0.801849
0.805196
0.811154
0.819096
0.827548
0.834519
0.837862
0.835864
0.827871
0.814544
0.7978
0.780348
0.764814
0.752909
0.745014
0.740417
0.737898
0.736322
0.735063
0.734158
0.734255
0.736512
0.741961
0.751049
0.763229
0.777143
0.791182
0.803976
0.814657
0.822768
0.828147
0.830654
0.830252
0.827255
0.822567
0.817806
0.814918
0.815691
0.821152
0.83124
0.844979
0.860946
0.877657
0.893685
0.907532
0.917412
0.921444
0.918035
0.906328
0.886601
0.86035
0.830162
0.799252
0.770989
0.748406
0.733748
0.728031
0.730732
0.739923
0.752555
0.765195
0.774787
0.779213
0.777371
0.769167
0.755717
0.740097
0.727549
0.723466
0.729743
0.743263
0.758569
0.771401
0.779873
0.784033
0.784958
0.784275
0.783821
0.78518
0.789231
0.795913
0.804449
0.813964
0.823929
0.833925
0.843127
0.849813
0.851842
0.847608
0.836874
0.820587
0.800716
0.779616
0.759688
0.742994
0.73112
0.725105
0.725467
0.732199
0.74468
0.7615
0.780574
0.799492
0.816135
0.82926
0.838562
0.844461
0.847692
0.848813
0.847993
0.845041
0.839697
0.831897
0.822051
0.811097
0.800502
0.792044
0.787212
0.786724
0.790125
0.79599
0.802748
0.809494
0.816242
0.823488
0.831412
0.839295
0.845834
0.849698
0.849871
0.845793
0.837351
0.824932
0.809473
0.79229
0.774868
0.758525
0.744287
0.732893
0.725149
0.721962
0.724131
0.731726
0.743824
0.758696
0.774602
0.790251
0.805037
0.818705
0.831137
0.842116
0.851424
0.858942
0.864789
0.869287
0.87275
0.875064
0.875546
0.872873
0.865333
0.851397
0.830357
0.802777
0.770673
0.737489
0.707584
0.68535
0.673785
0.673478
0.682612
0.698072
0.716741
0.736329
0.755391
0.773104
0.788929
0.802524
0.813679
0.8225
0.829427
0.835128
0.840162
0.844734
0.84859
