-6.612
-6.61684
-6.62897
-6.64256
-6.65736
-6.67018
-6.68578
-6.69408
-6.70438
-6.71211
-6.71681
-6.72058
-6.72286
-6.72411
-6.72308
-6.7208
-6.71657
-6.71033
-6.69915
-6.68882
-6.67717
-6.66889
-6.66057
-6.65705
-6.65525
-6.65393
-6.65765
-6.65975
-6.66348
-6.67354
-6.68695
-6.70082
-6.71641
-6.73138
-6.73952
-6.74052
-6.73182
-6.71467
-6.69142
-6.6627
-6.63544
-6.61381
-6.59468
-6.58116
-6.57219
-6.57016
-6.57278
-6.58061
-6.59324
-6.61078
-6.62649
-6.64296
-6.65767
-6.666
-6.667
-6.65797
-6.64494
-6.62803
-6.60973
-6.59548
-6.58613
-6.58257
-6.58606
-6.59864
-6.6181
-6.64366
-6.67089
-6.69855
-6.72529
-6.74836
-6.76481
-6.7717
-6.77668
-6.77245
-6.76529
-6.75667
-6.74481
-6.73386
-6.72614
-6.71357
-6.70407
-6.69424
-6.68032
-6.66283
-6.64646
-6.62994
-6.61573
-6.61192
-6.61391
-6.62118
-6.63274
-6.6466
-6.66167
-6.67471
-6.68871
-6.69456
-6.6958
-6.68638
-6.67058
-6.65044
-6.62586
-6.60271
-6.58678
-6.58134
-6.5816
-6.59021
-6.60223
-6.61499
-6.62422
-6.63262
-6.64006
-6.64501
-6.64932
-6.65262
-6.65652
-6.65989
-6.66386
-6.66254
-6.66294
-6.66394
-6.66706
-6.67369
-6.68518
-6.69931
-6.71126
-6.71871
-6.71979
-6.71872
-6.71243
-6.70169
-6.68542
-6.67175
-6.65795
-6.64766
-6.63917
-6.63424
-6.6358
-6.63914
-6.65178
-6.66569
-6.68338
-6.69822
-6.70864
-6.71352
-6.7114
-6.70178
-6.68904
-6.67715
-6.66846
-6.66675
-6.66877
-6.67585
-6.68689
-6.6943
-6.69537
-6.69366
-6.68575
-6.67278
-6.65896
-6.64758
-6.63746
-6.62899
-6.6255
-6.62224
-6.61947
-6.61298
-6.60814
-6.60306
-6.60001
-6.60477
-6.61571
-6.63502
-6.65998
-6.68584
-6.70985
-6.7288
-6.73936
-6.74047
-6.73113
-6.71581
-6.69827
-6.68385
-6.674
-6.67201
-6.67495
-6.68194
-6.69022
-6.69596
-6.70022
-6.69498
-6.68222
-6.66314
-6.64245
-6.62117
-6.60698
-6.59668
-6.59387
-6.59513
-6.60045
-6.61335
-6.62645
-6.64085
-6.65079
-6.66001
-6.66427
-6.67094
-6.67682
-6.68708
-6.70235
-6.72225
-6.74263
-6.76008
-6.76906
-6.76818
-6.75764
-6.7391
-6.71584
-6.69361
-6.67498
-6.65954
-6.64822
-6.64496
-6.64141
-6.64362
-6.6463
-6.65037
-6.65386
-6.6593
-6.65847
-6.65668
-6.65006
-6.64029
-6.62903
-6.61825
-6.61247
-6.61211
-6.62112
-6.63599
-6.65427
-6.67838
-6.69952
-6.71775
-6.7285
-6.73424
-6.72918
-6.71938
-6.70319
-6.6827
-6.66065
-6.64163
-6.62241
-6.60555
-6.59167
-6.58006
-6.57214
-6.5642
-6.56058
-6.55953
-6.56044
-6.56761
-6.57446
-6.58257
-6.58873
-6.59584
-6.60115
-6.60761
-6.61721
-6.63377
-6.65262
-6.67482
-6.70009
-6.72359
-6.74961
-6.77245
-6.79295
-6.81033
-6.81869
-6.82333
-6.82153
-6.8161
-6.80345
-6.78767
-6.7664
-6.74244
-6.719
-6.69166
-6.66613
-6.64676
-6.6367
-6.63737
-6.64752
-6.66553
-6.69119
-6.7139
-6.72999
-6.73849
-6.73766
-6.72884
-6.70875
-6.68338
-6.65467
-6.62238
-6.58932
-6.55822
-6.53415
-6.51876
-6.51005
-6.51393
-6.52086
-6.53787
-6.56143
-6.58583
-6.60795
-6.62858
-6.64248
-6.65409
-6.6599
-6.66083
-6.65637
-6.6511
-6.642
-6.63498
-6.6295
-6.62537
-6.61999
-6.61522
-6.60615
-6.59713
-6.58836
-6.57962
-6.58022
-6.58622
-6.60283
-6.62712
-6.6579
-6.68854
-6.71754
-6.73809
-6.75291
-6.7559
-6.74824
-6.73314
-6.71188
-6.6915
-6.67633
-6.66696
-6.66749
-6.6731
-6.6836
-6.69634
-6.70959
-6.72264
-6.73337
-6.73921
-6.74171
-6.73812
-6.733
-6.72508
-6.71341
-6.70315
-6.68977
-6.67476
-6.66117
-6.64261
-6.62635
-6.61282
-6.60758
-6.60756
-6.61388
-6.62286
-6.63183
-6.63544
-6.63554
-6.63455
-6.62606
-6.61778
-6.60758
-6.59222
-6.57448
-6.55883
-6.54831
-6.54476
-6.5529
-6.57099
-6.59823
-6.63095
-6.66327
-6.69275
-6.71475
-6.72302
-6.72182
-6.70978
-6.6891
-6.66844
-6.65619
-6.65365
-6.6626
-6.68341
-6.71183
-6.73935
-6.76227
-6.77586
-6.77969
-6.77455
-6.76389
-6.75272
-6.73789
-6.72246
-6.70593
-6.68914
-6.67144
-6.65244
-6.63622
-6.63215
-6.63698
-6.64978
-6.67241
-6.6971
-6.71674
-6.73097
-6.73306
-6.72538
-6.7076
-6.68344
-6.65932
-6.63908
-6.62382
-6.61118
-6.60293
-6.60121
-6.60252
-6.60599
-6.60848
-6.61483
-6.61815
-6.62008
-6.62204
-6.62252
-6.62009
-6.61845
-6.61563
-6.61385
-6.61317
-6.61221
-6.61305
-6.61657
-6.62046
-6.62634
-6.63578
-6.64212
-6.64891
-6.65396
-6.65965
-6.66206
-6.6665
-6.66658
-6.66483
-6.65729
-6.64981
-6.64004
-6.6283
-6.61968
-6.61783
-6.61856
-6.62551
-6.63816
-6.65414
-6.6704
-6.68528
-6.69531
-6.69914
-6.69626
-6.68713
-6.67787
-6.67165
-6.66859
-6.66841
-6.67078
-6.67689
-6.68374
-6.69211
-6.69991
-6.70464
-6.7068
-6.70365
-6.69835
-6.68528
-6.67199
-6.65702
-6.64345
-6.6354
-6.6345
-6.63656
-6.63933
-6.63886
-6.63562
-6.62713
-6.61588
-6.60231
-6.58928
-6.57889
-6.57448
-6.58029
-6.59082
-6.61292
-6.638
-6.66588
-6.69304
-6.71506
-6.73078
-6.73884
-6.73894
-6.72941
-6.7141
-6.69377
-6.6676
-6.63605
-6.60564
-6.57694
-6.55578
-6.53944
-6.53191
-6.53322
-6.54294
-6.56112
-6.58893
-6.6216
-6.65577
-6.69079
-6.7208
-6.74791
-6.76673
-6.78082
-6.78972
-6.79205
-6.79457
-6.78861
-6.77574
-6.76137
-6.74319
-6.7179
-6.68809
-6.65364
-6.61944
-6.58459
-6.55866
-6.53965
-6.53172
-6.53197
-6.54212
-6.56421
-6.59654
-6.63262
-6.67197
-6.71226
-6.74812
-6.77641
-6.79685
-6.80836
-6.80761
-6.79806
-6.78334
-6.76105
-6.73769
-6.71308
-6.68881
-6.66682
-6.64691
-6.63158
-6.62356
-6.62388
-6.62583
-6.63103
-6.63334
-6.63145
-6.6245
-6.6163
-6.60762
-6.60409
-6.60589
-6.60777
-6.61245
-6.61539
-6.61855
-6.62121
-6.62242
-6.62135
-6.6236
-6.62288
-6.62606
-6.62681
-6.63375
-6.64282
-6.65196
-6.66969
-6.68478
-6.69877
-6.71472
-6.72184
-6.72154
-6.71402
-6.70125
-6.68398
-6.66628
-6.65379
-6.64554
-6.64348
-6.6491
-6.65869
-6.67234
-6.68198
-6.69139
-6.69624
-6.6959
-6.69139
-6.68414
-6.67701
-6.67039
-6.66176
-6.65238
-6.6433
-6.63609
-6.6316
-6.63217
-6.63436
-6.64028
-6.64947
-6.66173
-6.67571
-6.69018
-6.70457
-6.71362
-6.72223
-6.72766
-6.72792
-6.72485
-6.71678
-6.70543
-6.68899
-6.67095
-6.64937
-6.63336
-6.61792
-6.60736
-6.6031
-6.60323
-6.60689
-6.61261
-6.61993
-6.6215
-6.6189
-6.6125
-6.60434
-6.59486
-6.58588
-6.57714
-6.57321
-6.57007
-6.57656
-6.58343
-6.59927
-6.62314
-6.65172
-6.68637
-6.72369
-6.76255
-6.79918
-6.83292
-6.8577
-6.87641
-6.88848
-6.88845
-6.88306
-6.86496
-6.83544
-6.79779
-6.74667
-6.68925
-6.63275
-6.58184
-6.54577
-6.52267
-6.51747
-6.52304
-6.53835
-6.5571
-6.57606
-6.59343
-6.6057
-6.61282
-6.6172
-6.61634
-6.6129
-6.60933
-6.60786
-6.60964
-6.61421
-6.6165
-6.61863
-6.6219
-6.62596
-6.62651
-6.63123
-6.63718
-6.64323
-6.64975
-6.65415
-6.65939
-6.66787
-6.67756
-6.68623
-6.69358
-6.70562
-6.71874
-6.73158
-6.74115
-6.74415
-6.73829
-6.7202
-6.69275
-6.66003
-6.62445
-6.59769
-6.57614
-6.56767
-6.56824
-6.57446
-6.58449
-6.6001
-6.61429
-6.63182
-6.65421
-6.67372
-6.69318
-6.71182
-6.72471
-6.73208
-6.73821
-6.74688
-6.7495
-6.7517
-6.74858
-6.73961
-6.72728
-6.71331
-6.69751
-6.68256
-6.66702
-6.6528
-6.63601
-6.62414
-6.61356
-6.60349
-6.59545
-6.58924
-6.59181
-6.59818
-6.61028
-6.63023
-6.65114
-6.67034
-6.68665
-6.70067
-6.71297
-6.72477
-6.73447
-6.7435
-6.74924
-6.75035
-6.74624
-6.74215
-6.73018
-6.71651
-6.701
-6.68798
-6.67542
-6.66117
-6.64347
-6.62372
-6.61009
-6.60319
-6.60827
-6.62025
-6.6444
-6.67035
-6.69318
-6.70938
-6.71767
-6.71763
-6.7114
-6.69716
-6.67764
-6.65496
-6.63202
-6.60963
-6.58818
-6.56853
-6.55456
-6.54537
-6.54387
-6.54786
-6.56389
-6.58716
-6.61496
-6.64732
-6.67229
-6.6935
-6.7077
-6.71967
-6.72739
-6.73356
-6.73817
-6.7426
-6.74509
-6.74318
-6.73799
-6.72771
-6.71389
-6.70005
-6.68776
-6.67515
-6.66605
-6.65719
-6.65184
-6.65255
-6.65064
-6.65116
-6.65226
-6.65062
-6.64659
-6.64081
-6.63405
-6.62572
-6.61682
-6.61059
-6.60764
-6.60977
-6.61568
-6.62698
-6.64137
-6.657
-6.66949
-6.6782
-6.6868
-6.68942
-6.6896
-6.68668
-6.68128
-6.67864
-6.68
-6.68556
-6.69451
-6.70276
-6.7088
-6.71234
-6.70724
-6.698
-6.68235
-6.66773
-6.6535
-6.64676
-6.64566
-6.64639
-6.651
-6.65291
-6.65472
-6.6512
-6.63974
-6.62491
-6.60539
-6.58853
-6.57639
-6.56689
-6.56549
-6.5748
-6.59176
-6.61546
-6.63875
-6.66057
-6.6791
-6.69059
-6.6941
-6.69237
-6.6837
-6.67087
-6.65593
-6.64233
-6.62767
-6.61836
-6.61601
-6.62359
-6.63745
-6.65471
-6.67515
-6.69291
-6.70709
-6.71225
-6.71336
-6.70985
-6.69884
-6.68825
-6.67809
-6.67525
-6.67929
-6.68528
-6.69799
-6.71136
-6.72851
-6.74453
-6.75957
-6.76737
-6.77037
-6.76657
-6.75479
-6.73847
-6.71545
-6.68863
-6.65748
-6.62735
-6.60559
-6.58842
-6.57755
-6.57056
-6.5668
-6.56439
-6.55907
-6.55246
-6.5455
-6.54113
-6.5462
-6.55723
-6.57182
-6.59573
-6.61909
-6.64323
-6.6701
-6.69018
-6.70599
-6.71321
-6.71947
-6.72006
-6.72271
-6.7265
-6.73013
-6.73359
-6.73228
-6.72677
-6.71875
-6.70964
-6.70167
-6.69637
-6.6975
-6.69786
-6.7037
-6.71023
-6.71403
-6.71474
-6.70686
-6.6957
-6.67963
-6.66325
-6.64672
-6.63487
-6.62734
-6.62709
-6.64068
-6.6561
-6.67274
-6.68597
-6.6929
-6.69235
-6.68439
-6.67365
-6.65906
-6.6472
-6.63802
-6.63269
-6.62941
-6.62916
-6.63653
-6.63833
-6.6396
-6.639
-6.63435
-6.62849
-6.62152
-6.61452
-6.60876
-6.61034
-6.61491
-6.62467
-6.63568
-6.64745
-6.65279
-6.65706
-6.6555
-6.65284
-6.65
-6.65039
-6.65699
-6.67288
-6.6949
-6.71537
-6.73095
-6.74645
-6.75298
-6.75634
-6.75822
-6.75838
-6.75956
-6.76323
-6.7683
-6.76751
-6.76328
-6.74732
-6.72598
-6.69604
-6.66016
-6.62173
-6.58507
-6.55097
-6.52457
-6.50673
-6.49916
-6.50181
-6.51206
-6.53039
-6.55303
-6.57904
-6.6084
-6.63863
-6.66826
-6.69536
-6.71954
-6.73797
-6.75263
-6.76369
-6.77034
-6.77279
-6.76939
-6.76063
-6.74555
-6.72553
-6.70041
-6.67358
-6.64708
-6.62885
-6.62057
-6.6238
-6.6352
-6.65366
-6.67468
-6.69932
-6.71982
-6.73774
-6.74685
-6.74645
-6.73921
-6.72372
-6.70516
-6.68532
-6.66231
-6.64643
-6.62931
-6.61668
-6.60112
-6.58319
-6.56358
-6.54178
-6.51763
-6.49573
-6.47675
-6.46631
-6.46635
-6.47909
-6.50164
-6.53079
-6.56636
-6.60412
-6.64077
-6.67415
-6.70001
-6.71494
-6.72238
-6.7227
-6.71852
-6.71107
-6.70329
-6.69643
-6.68907
-6.68432
-6.68381
-6.68317
-6.68372
-6.68189
-6.67897
-6.66796
-6.65274
-6.63627
-6.61693
-6.60232
-6.59383
-6.59484
-6.60496
-6.62521
-6.64633
-6.66806
-6.68833
-6.70139
-6.70921
-6.70946
-6.70557
-6.6998
-6.69347
-6.69159
-6.69596
-6.70317
-6.7163
-6.73033
-6.74113
-6.74757
-6.74603
-6.73487
-6.71324
-6.68144
-6.64592
-6.61075
-6.5766
-6.54984
-6.53175
-6.52232
-6.52205
-6.52905
-6.54365
-6.55876
-6.57447
-6.59228
-6.61014
-6.62828
-6.64668
-6.66477
-6.68209
-6.69543
-6.69972
-6.69745
-6.68692
-6.67379
-6.65716
-6.64165
-6.6233
-6.60549
-6.59075
-6.57678
-6.56726
-6.56321
-6.56595
-6.57861
-6.59698
-6.62219
-6.65118
-6.68114
-6.7108
-6.73842
-6.7611
-6.78269
-6.79679
-6.8063
-6.81485
-6.81567
-6.81222
-6.80448
-6.79374
-6.7837
-6.77439
-6.76384
-6.74865
-6.72929
-6.70497
-6.67511
-6.64428
-6.60673
-6.56933
-6.53954
-6.51443
-6.49407
-6.48325
-6.48053
-6.48221
-6.48805
-6.50147
-6.51421
-6.5326
-6.55344
-6.57798
-6.59966
-6.62584
-6.6492
-6.66818
-6.68343
-6.69332
-6.70298
-6.71617
-6.72941
-6.74459
-6.76112
-6.77192
-6.77443
-6.76774
-6.74989
-6.72418
-6.69175
-6.65741
-6.62272
-6.59126
-6.56637
-6.55256
-6.54971
-6.55683
-6.57443
-6.59967
-6.62827
-6.65696
-6.68559
-6.71007
-6.72905
-6.73933
-6.74074
-6.7364
-6.72664
-6.71463
-6.70271
-6.69116
-6.68339
-6.68017
-6.68256
-6.68653
-6.69038
-6.69438
-6.69796
-6.69667
-6.68937
-6.67897
-6.66311
-6.64825
-6.63803
-6.62972
-6.63363
-6.643
-6.65657
-6.67213
-6.68824
-6.70131
-6.70658
-6.70209
-6.69453
-6.68472
-6.67339
-6.66348
-6.6554
-6.64735
-6.63723
-6.62601
-6.61421
-6.60463
-6.59991
-6.60007
-6.60872
-6.62406
-6.64311
-6.6694
-6.69601
-6.72092
-6.74398
-6.75442
-6.75312
-6.73833
-6.71557
-6.68765
-6.66164
-6.64352
-6.63168
-6.63263
-6.64338
-6.66151
-6.68284
-6.70051
-6.71817
-6.73027
-6.73359
-6.73296
-6.72783
-6.71921
-6.70416
-6.68967
-6.67174
-6.64902
-6.62908
-6.61021
-6.60217
-6.60288
-6.60828
-6.6198
-6.63341
-6.64928
-6.66159
-6.67266
-6.67927
-6.68746
-6.69417
-6.69971
-6.70816
-6.71634
-6.72389
-6.7277
-6.72858
-6.72738
-6.72574
-6.7219
-6.71588
-6.71235
-6.70851
-6.70042
-6.68897
-6.67147
-6.65409
-6.63306
-6.61079
-6.58876
-6.57329
-6.5651
-6.56776
-6.57442
-6.59325
-6.61551
-6.63714
-6.6536
-6.66013
-6.65775
-6.65139
-6.63875
-6.6287
-6.62027
-6.61363
-6.61375
-6.61714
-6.62351
-6.63292
-6.64437
-6.66193
-6.6802
-6.69937
-6.71697
-6.73229
-6.74179
-6.74585
-6.74417
-6.73594
-6.72344
-6.70582
-6.68798
-6.66823
-6.64655
-6.62795
-6.61462
-6.60825
-6.60831
-6.61668
-6.62466
-6.6328
-6.64237
-6.64406
-6.6453
-6.64776
-6.65416
-6.66662
-6.68105
-6.68924
-6.69605
-6.69274
-6.68433
-6.66991
-6.65261
-6.63578
-6.62034
-6.60721
-6.60665
-6.61157
-6.62696
-6.64964
-6.67375
-6.69801
-6.71511
-6.72334
-6.72734
-6.72458
-6.72089
-6.71827
-6.72666
-6.73871
-6.75401
-6.76842
-6.7764
-6.78018
-6.77526
-6.76413
-6.74865
-6.73451
-6.71355
-6.68976
-6.66337
-6.63566
-6.60431
-6.5741
-6.54712
-6.5275
-6.5172
-6.51761
-6.52723
-6.54261
-6.55801
-6.57092
-6.58131
-6.59061
-6.59895
-6.60914
-6.622
-6.64043
-6.65657
-6.66914
-6.67643
-6.68083
-6.68076
-6.67767
-6.66851
-6.66007
-6.65297
-6.64778
-6.64324
-6.64414
-6.65091
-6.66835
-6.68881
-6.71523
-6.73723
-6.75231
-6.75891
-6.75495
-6.73849
-6.71809
-6.6986
-6.67939
-6.66784
-6.66416
-6.66835
-6.67739
-6.68841
-6.69835
-6.70603
-6.71015
-6.70974
-6.70506
-6.69727
-6.68804
-6.67945
-6.67029
-6.66484
-6.65889
-6.65717
-6.65155
-6.64397
-6.63389
-6.62368
-6.61893
-6.61709
-6.61809
-6.62806
-6.64162
-6.65935
-6.6754
-6.68403
-6.68614
-6.67832
-6.66434
-6.64939
-6.63507
-6.61955
-6.61188
-6.60637
-6.6033
-6.60166
-6.6063
-6.61362
-6.62757
-6.64177
-6.66134
-6.68203
-6.70391
-6.72516
-6.73893
-6.74502
-6.74422
-6.73089
-6.71119
-6.68501
-6.65344
-6.62541
-6.60089
-6.58074
-6.56815
-6.56605
-6.57093
-6.58563
-6.60842
-6.63566
-6.66276
-6.6863
-6.70162
-6.7146
-6.72306
-6.72553
-6.7306
-6.7345
-6.73881
-6.74063
-6.73995
-6.73949
-6.7364
-6.73374
-6.72894
-6.7255
-6.72335
-6.72073
-6.71864
-6.72206
-6.72482
-6.72624
-6.72601
-6.7206
-6.71193
-6.7004
-6.68263
-6.65781
-6.62838
-6.59253
-6.55819
-6.5279
-6.50648
-6.49547
-6.49651
-6.51127
-6.53889
-6.57437
-6.61421
-6.65369
-6.68683
-6.71335
-6.72999
-6.73536
-6.73093
-6.71925
-6.7
-6.67154
-6.64272
-6.6122
-6.59111
-6.57825
-6.58146
-6.59422
-6.61948
-6.64905
-6.67861
-6.7074
-6.72773
-6.74082
-6.74278
-6.73315
-6.71563
-6.69045
-6.66083
-6.63073
-6.60024
-6.57474
-6.54928
-6.53195
-6.52269
-6.5181
-6.51947
-6.53002
-6.54526
-6.5689
-6.59548
-6.62731
-6.66088
-6.6916
-6.72074
-6.74411
-6.7608
-6.76891
-6.77298
-6.77594
-6.7785
-6.78093
-6.78442
-6.78694
-6.78331
-6.77077
-6.75092
-6.72531
-6.69966
-6.67591
-6.65937
-6.64639
-6.64045
-6.63194
-6.62718
-6.62213
-6.61712
-6.61137
-6.60516
-6.60135
-6.60214
-6.60165
-6.61006
-6.62072
-6.6331
-6.64355
-6.64927
-6.64852
-6.6455
-6.63805
-6.63347
-6.63082
-6.62927
-6.63184
-6.6414
-6.6527
-6.66474
-6.67675
-6.68947
-6.69185
-6.6916
-6.68466
-6.67503
-6.66496
-6.65291
-6.64285
-6.63948
-6.63829
-6.64137
-6.6455
-6.6487
-6.65574
-6.66171
-6.66861
-6.67137
-6.67311
-6.6729
-6.67211
-6.66888
-6.66742
-6.66622
-6.66306
-6.66104
-6.65542
-6.65004
-6.64063
-6.63269
-6.62263
-6.61483
-6.60813
-6.6051
-6.60392
-6.60938
-6.62182
-6.63581
-6.65282
-6.6702
-6.68906
-6.70915
-6.7248
-6.73874
-6.74941
-6.75483
-6.75709
-6.75479
-6.75158
-6.74589
-6.74168
-6.73512
-6.73207
-6.72703
-6.71995
-6.71021
-6.69714
-6.68522
-6.67279
-6.65982
-6.64909
-6.6409
-6.63655
-6.63391
-6.63388
-6.6334
-6.62945
-6.62555
-6.61792
-6.61193
-6.61016
-6.61267
-6.61502
-6.61438
-6.60831
-6.59432
-6.57318
-6.5516
-6.53087
-6.51625
-6.51019
-6.51367
-6.52641
-6.54706
-6.57388
-6.60291
-6.63854
-6.67422
-6.70954
-6.74386
-6.77975
-6.81177
-6.83645
-6.8544
-6.86443
-6.86475
-6.85712
-6.84137
-6.81753
-6.78842
-6.75286
-6.7153
-6.67892
-6.64827
-6.62132
-6.59886
-6.58269
-6.57586
-6.57247
-6.57287
-6.58111
-6.5921
-6.61321
-6.63639
-6.66302
-6.68526
-6.70167
-6.70638
-6.7003
-6.68592
-6.66068
-6.63745
-6.61906
-6.6095
-6.60524
-6.60564
-6.60925
-6.61725
-6.62666
-6.63695
-6.64494
-6.65048
-6.65434
-6.65553
-6.65248
-6.6469
-6.64207
-6.63631
-6.62867
-6.62175
-6.62274
-6.62599
-6.63234
-6.64198
-6.65487
-6.66951
-6.68391
-6.69604
-6.70466
-6.70773
-6.71009
-6.7063
-6.69905
-6.69074
-6.68594
-6.68305
-6.68797
-6.69937
-6.70902
-6.72063
-6.73261
-6.74375
-6.74816
-6.75285
-6.75157
-6.74549
-6.73721
-6.72471
-6.71157
-6.69438
-6.67762
-6.66171
-6.64634
-6.63243
-6.61739
-6.60398
-6.59288
-6.58263
-6.57493
-6.5681
-6.56165
-6.55386
-6.54603
-6.53807
-6.53531
-6.53821
-6.54945
-6.56471
-6.58858
-6.61662
-6.64275
-6.66734
-6.68684
-6.69706
-6.6988
-6.69121
-6.67384
-6.65107
-6.62579
-6.60844
-6.59777
-6.60187
-6.61723
-6.64229
-6.67378
-6.70643
-6.73833
-6.7641
-6.782
-6.79336
-6.7963
-6.79106
-6.78054
-6.76166
-6.74218
-6.71774
-6.69146
-6.66822
-6.65309
-6.64162
-6.63682
-6.64158
-6.64478
-6.64909
-6.64936
-6.64782
-6.6444
-6.64326
-6.6456
-6.64698
-6.65088
-6.65275
-6.65408
-6.65498
-6.65698
-6.66173
-6.66969
-6.67962
-6.69088
-6.7035
-6.71597
-6.73183
-6.74528
-6.74918
-6.75088
-6.74375
-6.73242
-6.71756
-6.69344
-6.6659
-6.63652
-6.60503
-6.57515
-6.55477
-6.54295
-6.53899
-6.54005
-6.54573
-6.55582
-6.56954
-6.58325
-6.59817
-6.61067
-6.61957
-6.62588
-6.63038
-6.63254
-6.63145
-6.63557
-6.64134
-6.6492
-6.65653
-6.66216
-6.66808
-6.67437
-6.67717
-6.67863
-6.68024
-6.67728
-6.66805
-6.65471
-6.63642
-6.6195
-6.60722
-6.59885
-6.59904
-6.61014
-6.62852
-6.6498
-6.6743
-6.69107
-6.70062
-6.70595
-6.70933
-6.70884
-6.70952
-6.71223
-6.71446
-6.71807
-6.72358
-6.73102
-6.74045
-6.74951
-6.75961
-6.76653
-6.77337
-6.77499
-6.77117
-6.76594
-6.75835
-6.74453
-6.72436
-6.70591
-6.68259
-6.65757
-6.63411
-6.6113
-6.5897
-6.57156
-6.55739
-6.54757
-6.53892
-6.53628
-6.53698
-6.54142
-6.55313
-6.57037
-6.59403
-6.62085
-6.64637
-6.66465
-6.67452
-6.67381
-6.66395
-6.64777
-6.62748
-6.603
-6.58027
-6.56542
-6.56144
-6.57139
-6.59554
-6.62786
-6.66183
-6.69728
-6.72922
-6.75444
-6.76976
-6.77557
-6.77242
-6.76223
-6.74919
-6.73335
-6.72168
-6.70904
-6.70344
-6.70218
-6.70354
-6.70594
-6.70582
-6.70735
-6.70613
-6.70305
-6.69424
-6.68655
-6.66983
-6.65385
-6.63879
-6.62793
-6.62711
-6.6363
-6.65382
-6.67647
-6.69943
-6.71955
-6.73177
-6.73799
-6.73775
-6.7328
-6.72439
-6.71631
-6.70456
-6.69466
-6.68911
-6.68518
-6.68812
-6.69487
-6.70372
-6.70828
-6.71114
-6.70735
-6.69592
-6.67592
-6.64746
-6.61466
-6.57948
-6.54663
-6.52259
-6.50841
-6.50704
-6.51721
-6.53429
-6.55656
-6.58021
-6.60261
-6.62008
-6.63181
-6.63585
-6.63466
-6.62713
-6.61617
-6.61059
-6.61152
-6.61561
-6.62998
-6.65439
-6.6805
-6.70453
-6.73092
-6.75512
-6.77572
-6.79031
-6.79993
-6.80475
-6.80488
-6.8
-6.79276
-6.78276
-6.77155
-6.75622
-6.73746
-6.72047
-6.70116
-6.68053
-6.66039
-6.64122
-6.62458
-6.6113
-6.60184
-6.59897
-6.60266
-6.61052
-6.62147
-6.62868
-6.63573
-6.63639
-6.63032
-6.61627
-6.59669
-6.57519
-6.54907
-6.52257
-6.50003
-6.48459
-6.47844
-6.48262
-6.49879
-6.52697
-6.56186
-6.59899
-6.63549
-6.66454
-6.68904
-6.70757
-6.7165
-6.71918
-6.71739
-6.7091
-6.69912
-6.68581
-6.67035
-6.65506
-6.64134
-6.63091
-6.62583
-6.62308
-6.6257
-6.62944
-6.63607
-6.64169
-6.6448
-6.65331
-6.66411
-6.67759
-6.69453
-6.71122
-6.72889
-6.74491
-6.75811
-6.77292
-6.78461
-6.79467
-6.79671
-6.79088
-6.77722
-6.75539
-6.72145
-6.68359
-6.64108
-6.5987
-6.56378
-6.53624
-6.52329
-6.52609
-6.53982
-6.56179
-6.59244
-6.62553
-6.65737
-6.68915
-6.71406
-6.73128
-6.73954
-6.73927
-6.73118
-6.71679
-6.69802
-6.67763
-6.66122
-6.64582
-6.63786
-6.6347
-6.63736
-6.64392
-6.65197
-6.66342
-6.67525
-6.68833
-6.6973
-6.70577
-6.70954
-6.71205
-6.71015
-6.7031
-6.6923
-6.68008
-6.66761
-6.65122
-6.63299
-6.61691
-6.59761
-6.58093
-6.5693
-6.56782
-6.57686
-6.59842
-6.6268
-6.65597
-6.68979
-6.71318
-6.72891
-6.73484
-6.73722
-6.73335
-6.72799
-6.7242
-6.7246
-6.72732
-6.7301
-6.72856
-6.71826
-6.7027
-6.67852
-6.65542
-6.62703
-6.60275
-6.58475
-6.57439
-6.57544
-6.58579
-6.60464
-6.62505
-6.65131
-6.67008
-6.68621
-6.69382
-6.69875
-6.69711
-6.6972
-6.6924
-6.68707
-6.67582
-6.66326
-6.64462
-6.62034
-6.59359
-6.56785
-6.54554
-6.52897
-6.52346
-6.52872
-6.54567
-6.57374
-6.60628
-6.64429
-6.68472
-6.72132
-6.75209
-6.77492
-6.78389
-6.78248
-6.77196
-6.75706
-6.73787
-6.71768
-6.69768
-6.68174
-6.66703
-6.65735
-6.65171
-6.64829
-6.64674
-6.64932
-6.65335
-6.65302
-6.65007
-6.6474
-6.64179
-6.6357
-6.63138
-6.62638
-6.62201
-6.61525
-6.61217
-6.60591
-6.59866
-6.59575
-6.59436
-6.60067
-6.61573
-6.63449
-6.65867
-6.68368
-6.70233
-6.72077
-6.73343
-6.7422
-6.74385
-6.74405
-6.7399
-6.73107
-6.72153
-6.71423
-6.70684
-6.70191
-6.70125
-6.70319
-6.70574
-6.71245
-6.71419
-6.71085
-6.70209
-6.68521
-6.66124
-6.63176
-6.60455
-6.58055
-6.5617
-6.55447
-6.55473
-6.56877
-6.58871
-6.61321
-6.63697
-6.65855
-6.67708
-6.69236
-6.7056
-6.71298
-6.71869
-6.72123
-6.72214
-6.72155
-6.72022
-6.71613
-6.70805
-6.70055
-6.6919
-6.68165
-6.67271
-6.66162
-6.65491
-6.64784
-6.64735
-6.65097
-6.65484
-6.66077
-6.66766
-6.67965
-6.69077
-6.7046
-6.71528
-6.72314
-6.72094
-6.71176
-6.69548
-6.67996
-6.66165
-6.6494
-6.63885
-6.63603
-6.64242
-6.65431
-6.66892
-6.68835
-6.70589
-6.71924
-6.72465
-6.72426
-6.71601
-6.70115
-6.68248
-6.66859
-6.65795
-6.65057
-6.64498
-6.64161
-6.64034
-6.6406
-6.64034
-6.64254
-6.64618
-6.64439
-6.64357
-6.64252
-6.64347
-6.64456
-6.64529
-6.6479
-6.65359
-6.65824
-6.66315
-6.66161
-6.65896
-6.65563
-6.64751
-6.6416
-6.63831
-6.6381
-6.64114
-6.64386
-6.64711
-6.64469
-6.64303
-6.63525
-6.62875
-6.61987
-6.61415
-6.61394
-6.61448
-6.62396
-6.63272
-6.64809
-6.65882
-6.66484
-6.66366
-6.66193
-6.65813
-6.65241
-6.64538
-6.64219
-6.64387
-6.64704
-6.65473
-6.66701
-6.68131
-6.69574
-6.70508
-6.70963
-6.70299
-6.68791
-6.66784
-6.64304
-6.61714
-6.59358
-6.57717
-6.56816
-6.56566
-6.56877
-6.57676
-6.58821
-6.60126
-6.61399
-6.62191
-6.62534
-6.62372
-6.62085
-6.62068
-6.62579
-6.63577
-6.65178
-6.6725
-6.69449
-6.7159
-6.73426
-6.74841
-6.75802
-6.76225
-6.76237
-6.76021
-6.75312
-6.74308
-6.72984
-6.70998
-6.69116
-6.67276
-6.65291
-6.63765
-6.62614
-6.62054
-6.62058
-6.62545
-6.63264
-6.63865
-6.64116
-6.6382
-6.62658
-6.6104
-6.59081
-6.57301
-6.55746
-6.55069
-6.55576
-6.57123
-6.59701
-6.63105
-6.66631
-6.70076
-6.72957
-6.74977
-6.76261
-6.76835
-6.76587
-6.76047
-6.75482
-6.74862
-6.74641
-6.7523
-6.76389
-6.77864
-6.79266
-6.80057
-6.79715
-6.779
-6.74284
-6.69391
-6.63799
-6.57625
-6.52247
-6.48218
-6.46152
-6.45998
-6.47662
-6.5071
-6.54643
-6.58504
-6.62226
-6.6537
-6.67798
-6.68779
-6.68895
-6.68234
-6.67167
-6.66454
-6.66179
-6.66656
-6.67615
-6.68498
-6.6953
-6.70018
-6.69633
-6.68361
-6.66631
-6.64762
-6.62826
-6.61459
-6.6088
-6.61406
-6.62516
-6.64352
-6.66384
-6.68278
-6.70235
-6.71595
-6.7239
-6.72572
-6.72202
-6.71547
-6.70466
-6.6887
-6.6692
-6.64742
-6.62135
-6.59766
-6.57432
-6.56015
-6.55786
-6.56943
-6.58771
-6.61351
-6.6411
-6.6684
-6.69188
-6.70934
-6.71912
-6.72226
-6.71763
-6.70722
-6.69316
-6.67697
-6.66324
-6.65131
-6.64374
-6.64431
-6.65122
-6.66164
-6.67686
-6.69276
-6.70962
-6.72334
-6.73799
-6.74777
-6.75193
-6.75097
-6.73931
-6.72607
-6.71187
-6.70184
-6.69343
-6.68777
-6.68416
-6.68693
-6.69213
-6.69882
-6.70316
-6.70633
-6.70293
-6.69973
-6.69053
-6.67714
-6.66402
-6.6514
-6.63842
-6.62642
-6.61584
-6.60239
-6.59463
-6.58771
-6.58693
-6.59214
-6.60614
-6.62494
-6.64691
-6.67076
-6.69469
-6.71456
-6.72842
-6.7314
-6.72352
-6.70132
-6.67072
-6.63237
-6.5923
-6.55687
-6.53159
-6.51939
-6.51896
-6.53305
-6.55737
-6.58786
-6.61882
-6.64897
-6.67244
-6.69146
-6.70305
-6.71101
-6.71664
-6.7193
-6.72158
-6.72137
-6.7239
-6.72447
-6.72619
-6.72926
-6.73646
-6.74743
-6.75579
-6.76213
-6.76364
-6.75805
-6.74499
-6.72927
-6.71043
-6.68744
-6.66706
-6.65503
-6.65256
-6.66218
-6.68129
-6.7023
-6.72471
-6.73967
-6.74904
-6.74874
-6.73906
-6.71842
-6.68907
-6.65112
-6.60845
-6.5634
-6.5217
-6.4844
-6.46034
-6.44958
-6.4562
-6.47466
-6.50311
-6.53703
-6.56916
-6.59941
-6.6241
-6.64378
-6.65412
-6.65708
-6.65163
-6.64017
-6.62385
-6.60238
-6.58153
-6.56735
-6.56176
-6.56533
-6.58289
-6.60845
-6.63792
-6.66778
-6.70145
-6.734
-6.76535
-6.78989
-6.80997
-6.81713
-6.81522
-6.8066
-6.79054
-6.76998
-6.75157
-6.7375
-6.72699
-6.71808
-6.71122
-6.70024
-6.68893
-6.67326
-6.65844
-6.64541
-6.63443
-6.62847
-6.62884
-6.63167
-6.63591
-6.63982
-6.64218
-6.64223
-6.64167
-6.63969
-6.6423
-6.645
-6.64399
-6.64456
-6.64491
-6.64227
-6.64158
-6.64148
-6.63983
-6.64113
-6.64224
-6.64566
-6.64919
-6.65444
-6.6621
-6.67193
-6.68392
-6.6981
-6.71572
-6.73089
-6.74133
-6.74679
-6.74437
-6.73902
-6.73125
-6.71698
-6.70208
-6.68568
-6.67147
-6.65782
-6.64782
-6.63696
-6.63142
-6.62552
-6.62476
-6.62197
-6.61575
-6.60474
-6.59196
-6.57596
-6.56221
-6.54999
-6.54559
-6.54983
-6.56642
-6.59382
-6.62696
-6.66159
-6.69704
-6.72547
-6.74512
-6.75658
-6.76135
-6.76055
-6.75848
-6.75232
-6.74222
-6.73294
-6.72409
-6.71775
-6.71536
-6.71536
-6.71755
-6.71651
-6.71093
-6.70048
-6.68475
-6.66493
-6.64099
-6.62022
-6.60684
-6.59835
-6.60846
-6.62981
-6.65554
-6.68385
-6.7045
-6.71575
-6.71989
-6.71314
-6.70105
-6.68708
-6.67384
-6.66497
-6.65699
-6.64555
-6.62932
-6.60636
-6.58691
-6.57052
-6.56344
-6.56632
-6.579
-6.5997
-6.61571
-6.63045
-6.64265
-6.65166
-6.65928
-6.66603
-6.67252
-6.68867
-6.70219
-6.71783
-6.7315
-6.74386
-6.7453
-6.74288
-6.73729
-6.73198
-6.72522
-6.71779
-6.71039
-6.70214
-6.69228
-6.68085
-6.66483
-6.64914
-6.62966
-6.60789
-6.58781
-6.57349
-6.56696
-6.5708
-6.58114
-6.59928
-6.62421
-6.64929
-6.6713
-6.68951
-6.70329
-6.70925
-6.71217
-6.71244
-6.71251
-6.71057
-6.70738
-6.70241
-6.69315
-6.67699
-6.65626
-6.63468
-6.61533
-6.59466
-6.57787
-6.56703
-6.56398
-6.57265
-6.5915
-6.61725
-6.6517
-6.68522
-6.71619
-6.74274
-6.76055
-6.76973
-6.76877
-6.76044
-6.7415
-6.72018
-6.69282
-6.66475
-6.63938
-6.61519
-6.59804
-6.58845
-6.58468
-6.58659
-6.59468
-6.6082
-6.62181
-6.63579
-6.65018
-6.66071
-6.66978
-6.67992
-6.6902
-6.69857
-6.70592
-6.7102
-6.71054
-6.70572
-6.6922
-6.67417
-6.6539
-6.63434
-6.61724
-6.60939
-6.60853
-6.61538
-6.62903
-6.64684
-6.66179
-6.68033
-6.69441
-6.70976
-6.72366
-6.73488
-6.74145
-6.74103
-6.73232
-6.71408
-6.69146
-6.66213
-6.63313
-6.60349
-6.58081
-6.56637
-6.56246
-6.56746
-6.5869
-6.61454
-6.6527
-6.69126
-6.72638
-6.75644
-6.77934
-6.79117
-6.79076
-6.78186
-6.76211
-6.73692
-6.70766
-6.67957
-6.65236
-6.63006
-6.60916
-6.59149
-6.57916
-6.57096
-6.57019
-6.58167
-6.60225
-6.62782
-6.65867
-6.68934
-6.71309
-6.7304
-6.73432
-6.73228
-6.72156
-6.70724
-6.69031
-6.67083
-6.6533
-6.63793
-6.62159
-6.60731
-6.59315
-6.58001
-6.57019
-6.56453
-6.56246
-6.56123
-6.56448
-6.56794
-6.57424
-6.57995
-6.58707
-6.59901
-6.6122
-6.62523
-6.63634
-6.64235
-6.6411
-6.63338
-6.62166
-6.61405
-6.61067
-6.61475
-6.62866
-6.65562
-6.69206
-6.73379
-6.77105
-6.79986
-6.81531
-6.81658
-6.8053
-6.78488
-6.75621
-6.72888
-6.70188
-6.67982
-6.66488
-6.6584
-6.65694
-6.65994
-6.6693
-6.6744
-6.68109
-6.68459
-6.68698
-6.68529
-6.68487
-6.68438
-6.68715
-6.69674
-6.7028
-6.70429
-6.69806
-6.68322
-6.66127
-6.636
-6.60827
-6.5838
-6.56477
-6.54953
-6.54262
-6.54115
-6.54707
-6.55889
-6.57869
-6.59815
-6.61997
-6.6421
-6.66504
-6.68576
-6.70714
-6.72281
-6.73333
-6.74178
-6.75089
-6.7592
-6.7618
-6.7644
-6.76353
-6.75316
-6.73897
-6.71445
-6.68593
-6.65279
-6.61798
-6.58776
-6.56072
-6.54773
-6.53702
-6.53458
-6.53886
-6.54814
-6.56662
-6.59012
-6.61498
-6.64561
-6.6761
-6.70515
-6.73309
-6.75308
-6.76421
-6.76821
-6.75959
-6.74115
-6.71689
-6.68547
-6.6481
-6.60718
-6.57526
-6.55439
-6.55447
-6.57255
-6.60409
-6.63836
-6.6742
-6.701
-6.7234
-6.73548
-6.74042
-6.74193
-6.73735
-6.72909
-6.71537
-6.70147
-6.68688
-6.67341
-6.66259
-6.65089
-6.642
-6.63599
-6.63068
-6.63073
-6.63575
-6.64369
-6.65142
-6.6593
-6.66496
-6.66592
-6.66784
-6.6692
-6.66792
-6.66852
-6.66766
-6.66473
-6.65804
-6.65016
-6.6428
-6.63384
-6.6282
-6.628
-6.63558
-6.65337
-6.6771
-6.70398
-6.73118
-6.75351
-6.77161
-6.78471
-6.79107
-6.7945
-6.7917
-6.78295
-6.77183
-6.7524
-6.72927
-6.7045
-6.67846
-6.65378
-6.63204
-6.61521
-6.60168
-6.59281
-6.59004
-6.5902
-6.59596
-6.59861
-6.6006
-6.59716
-6.59208
-6.58157
-6.56652
-6.54845
-6.53653
-6.52871
-6.5319
-6.54134
-6.55992
-6.58321
-6.60648
-6.62943
-6.64775
-6.66067
-6.67164
-6.67628
-6.67716
-6.67706
-6.67809
-6.68113
-6.68549
-6.69571
-6.7079
-6.72377
-6.73886
-6.75137
-6.75992
-6.76233
-6.76205
-6.75499
-6.74176
-6.72864
-6.71383
-6.70402
-6.69823
-6.69709
-6.69877
-6.70301
-6.70178
-6.69661
-6.6863
-6.67871
-6.66975
-6.66425
-6.65973
-6.65873
-6.66175
-6.6649
-6.66449
-6.66241
-6.65628
-6.64497
-6.63054
-6.61949
-6.61327
-6.61223
-6.61681
-6.62103
-6.62566
-6.62551
-6.62087
-6.61432
-6.60644
-6.59992
-6.60256
-6.61545
-6.63449
-6.654
-6.67325
-6.69122
-6.70395
-6.7115
-6.70841
-6.69424
-6.66885
-6.641
-6.61497
-6.5993
-6.602
-6.61941
-6.64649
-6.67241
-6.6961
-6.71515
-6.72459
-6.72309
-6.71411
-6.69785
-6.6836
-6.67047
-6.6665
-6.6699
-6.67925
-6.68981
-6.70234
-6.70893
-6.7105
-6.71013
-6.70727
-6.70335
-6.7012
-6.70008
-6.70335
-6.70553
-6.70827
-6.70644
-6.70368
-6.69716
-6.6835
-6.6654
-6.64262
-6.62261
-6.60421
-6.59052
-6.58432
-6.58211
-6.5882
-6.59969
-6.6132
-6.62538
-6.63758
-6.64305
-6.64812
-6.6496
-6.64882
-6.64571
-6.6445
-6.64452
-6.64602
-6.65043
-6.6566
-6.66091
-6.66625
-6.67058
-6.67189
-6.66963
-6.66695
-6.66148
-6.65797
-6.66007
-6.65749
-6.65505
-6.65411
-6.65092
-6.64736
-6.64462
-6.64606
-6.64952
-6.65392
-6.66154
-6.67042
-6.68001
-6.69073
-6.70143
-6.71176
-6.71924
-6.72463
-6.7238
-6.72109
-6.71579
-6.71043
-6.7034
-6.69429
-6.68835
-6.68119
-6.67481
-6.66752
-6.66127
-6.65625
-6.65495
-6.65366
-6.65405
-6.65729
-6.65828
-6.65973
-6.6588
-6.65212
-6.64562
-6.63517
-6.62137
-6.60619
-6.59383
-6.58202
-6.57639
-6.57615
-6.58002
-6.58612
-6.59343
-6.59827
-6.60428
-6.60589
-6.60037
-6.59416
-6.58082
-6.57048
-6.56749
-6.57067
-6.585
-6.61204
-6.64641
-6.68378
-6.72169
-6.75563
-6.78249
-6.80324
-6.81602
-6.82098
-6.81539
-6.8049
-6.7915
-6.77035
-6.74905
-6.7272
-6.70598
-6.68978
-6.67632
-6.66512
-6.66071
-6.65964
-6.66196
-6.66207
-6.66502
-6.6652
-6.66698
-6.67365
-6.676
-6.67037
-6.65349
-6.63121
-6.6085
-6.58697
-6.57195
-6.56497
-6.56443
-6.56877
-6.57588
-6.58536
-6.59418
-6.59758
-6.59787
-6.60069
-6.60203
-6.60265
-6.60277
-6.60397
-6.6041
-6.60152
-6.5962
-6.59174
-6.58472
-6.58457
-6.59061
-6.60325
-6.6226
-6.64769
-6.67478
-6.70058
-6.71809
-6.72825
-6.72839
-6.72164
-6.7134
-6.70471
-6.69807
-6.69426
-6.69175
-6.69042
-6.69263
-6.6961
-6.70175
-6.70738
-6.71362
-6.72006
-6.71935
-6.7139
-6.7045
-6.68528
-6.66003
-6.63521
-6.61408
-6.60401
-6.60542
-6.61319
-6.62768
-6.6439
-6.65979
-6.67226
-6.67829
-6.67702
-6.6652
-6.65051
-6.62817
-6.60898
-6.58736
-6.57053
-6.56054
-6.55597
-6.55845
-6.56739
-6.58145
-6.59934
-6.61717
-6.63476
-6.65076
-6.6659
-6.67796
-6.6858
-6.69396
-6.69901
-6.701
-6.69872
-6.69641
-6.69126
-6.6851
-6.6794
-6.67255
-6.66673
-6.6612
-6.65556
-6.65246
-6.65262
-6.65775
-6.66369
-6.66938
-6.67601
-6.68348
-6.68962
-6.69503
-6.69843
-6.70091
-6.70348
-6.7037
-6.70416
-6.70366
-6.70291
-6.69822
-6.68921
-6.68061
-6.67214
-6.66335
-6.65383
-6.64422
-6.63656
-6.62894
-6.62007
-6.61239
-6.61017
-6.61539
-6.62687
-6.64096
-6.6574
-6.67357
-6.68618
-6.69699
-6.70635
-6.70714
-6.70709
-6.69743
-6.67688
-6.6494
-6.61306
-6.57709
-6.54879
-6.53627
-6.54093
-6.56485
-6.60196
-6.64408
-6.68463
-6.71853
-6.74252
-6.75653
-6.76201
-6.75925
-6.74973
-6.73733
-6.72521
-6.71434
-6.70645
-6.70365
-6.7009
-6.696
-6.68949
-6.67717
-6.659
-6.63795
-6.61598
-6.59499
-6.58149
-6.57359
-6.57142
-6.57572
-6.58426
-6.59876
-6.61958
-6.63962
-6.66053
-6.68517
-6.70962
-6.72753
-6.74208
-6.75008
-6.75083
-6.74581
-6.73674
-6.72899
-6.71944
-6.70805
-6.69494
-6.68021
-6.66409
-6.64943
-6.63594
-6.6226
-6.61368
-6.6089
-6.60778
-6.60858
-6.61233
-6.61797
-6.62595
-6.63552
-6.64759
-6.66096
-6.67331
-6.68306
-6.69527
-6.70787
-6.72171
-6.73231
-6.74116
-6.74001
-6.73042
-6.70991
-6.68203
-6.65167
-6.61792
-6.58746
-6.5632
-6.54791
-6.54083
-6.54617
-6.56071
-6.58362
-6.60777
-6.6276
-6.64064
-6.64741
-6.64667
-6.64076
-6.63114
-6.62371
-6.61947
-6.62638
-6.63885
-6.66049
-6.6811
-6.70051
-6.7171
-6.72926
-6.74223
-6.75254
-6.75957
-6.76412
-6.76425
-6.75346
-6.73816
-6.71932
-6.69558
-6.66837
-6.64692
-6.63136
-6.62302
-6.62662
-6.64318
-6.66889
-6.6943
-6.71542
-6.72754
-6.73231
-6.72338
-6.70114
-6.67193
-6.64469
-6.61864
-6.59853
-6.58818
-6.5864
-6.59428
-6.60652
-6.62444
-6.64824
-6.66685
-6.68407
-6.69645
-6.70349
-6.70105
-6.69322
-6.67856
-6.65831
-6.63817
-6.62173
-6.61011
-6.60757
-6.61624
-6.63055
-6.64738
-6.65996
-6.66675
-6.66682
-6.66281
-6.6552
-6.64752
-6.64144
-6.63188
-6.62391
-6.61799
-6.61138
-6.6052
-6.60369
-6.60588
-6.61119
-6.61834
-6.63305
-6.65296
-6.67866
-6.70826
-6.73895
-6.76646
-6.78889
-6.80257
-6.80642
-6.80645
-6.79262
-6.77581
-6.7559
-6.73898
-6.72317
-6.71062
-6.69827
-6.6868
-6.67962
-6.66858
-6.66097
-6.65727
-6.65053
-6.64199
-6.63467
-6.62675
-6.6134
-6.59592
-6.58113
-6.56772
-6.55274
-6.54639
-6.54397
-6.54692
-6.55255
-6.56205
-6.57321
-6.58517
-6.59924
-6.60964
-6.61967
-6.62983
-6.63865
-6.64284
-6.64342
-6.6413
-6.6388
-6.63463
-6.6304
-6.6284
-6.62944
-6.63961
-6.65296
-6.67114
-6.69059
-6.71036
-6.73046
-6.74343
-6.75212
-6.75619
-6.75718
-6.75444
-6.74746
-6.73978
-6.72649
-6.70904
-6.68978
-6.66962
-6.64305
-6.62309
-6.60436
-6.59272
-6.58853
-6.59461
-6.60752
-6.62288
-6.6385
-6.65392
-6.66423
-6.67216
-6.67481
-6.67451
-6.67194
-6.66948
-6.66853
-6.66728
-6.66934
-6.66986
-6.67004
-6.67321
-6.67717
-6.68115
-6.68453
-6.68831
-6.69238
-6.69738
-6.70302
-6.71047
-6.72138
-6.73261
-6.74276
-6.74958
-6.75409
-6.75398
-6.75302
-6.74694
-6.73912
-6.72776
-6.71137
-6.69185
-6.66881
-6.64737
-6.6258
-6.6015
-6.58636
-6.57352
-6.56622
-6.56076
-6.55623
-6.55056
-6.54709
-6.54699
-6.54907
-6.55712
-6.56642
-6.57285
-6.57771
-6.58188
-6.58691
-6.59414
-6.60758
-6.62855
-6.64937
-6.67005
-6.68891
-6.69488
-6.69427
-6.68382
-6.66488
-6.64364
-6.6225
-6.60934
-6.60518
-6.61355
-6.63663
-6.66881
-6.70986
-6.74933
-6.78507
-6.80887
-6.82187
-6.8208
-6.80648
-6.77941
-6.7432
-6.70198
-6.66228
-6.62721
-6.60062
-6.58795
-6.58649
-6.59464
-6.61068
-6.63092
-6.65577
-6.67869
-6.69641
-6.71005
-6.71887
-6.71685
-6.70868
-6.69711
-6.68187
-6.66399
-6.64354
-6.62583
-6.61312
-6.60255
-6.59717
-6.59231
-6.59164
-6.59297
-6.5945
-6.59765
-6.60118
-6.60839
-6.61494
-6.62443
-6.63573
-6.64975
-6.66252
-6.67833
-6.69347
-6.70227
-6.7057
-6.70121
-6.69548
-6.68613
-6.68371
-6.68452
-6.69174
-6.70484
-6.71991
-6.73622
-6.7494
-6.75699
-6.75904
-6.75578
-6.75311
-6.74419
-6.73723
-6.72744
-6.71846
-6.70441
-6.68952
-6.67143
-6.65621
-6.64228
-6.63045
-6.62212
-6.61753
-6.61401
-6.61577
-6.61659
-6.61566
-6.60912
-6.59632
-6.57567
-6.55694
-6.54076
-6.53337
-6.53682
-6.55264
-6.57998
-6.6146
-6.65678
-6.69572
-6.72722
-6.75337
-6.76738
-6.7716
-6.76604
-6.75079
-6.72918
-6.70731
-6.6854
-6.66886
-6.65547
-6.65175
-6.6497
-6.65489
-6.66351
-6.67312
-6.68102
-6.68318
-6.68506
-6.67738
-6.66503
-6.6454
-6.61768
-6.58878
-6.56167
-6.53904
-6.52461
-6.52325
-6.53426
-6.55838
-6.59049
-6.62729
-6.66825
-6.71069
-6.75109
-6.78601
-6.81117
-6.82796
-6.83681
-6.83748
-6.83382
-6.82623
-6.8123
-6.79326
-6.76889
-6.7413
-6.70923
-6.6749
-6.6396
-6.60553
-6.57503
-6.55648
-6.54609
-6.54536
-6.55206
-6.56207
-6.57495
-6.58637
-6.59759
-6.60269
-6.59913
-6.59344
-6.58068
-6.56093
-6.53943
-6.51398
-6.49359
-6.47494
-6.46787
-6.47439
-6.49468
-6.52895
-6.57388
-6.62487
-6.67602
-6.72149
-6.75876
-6.78482
-6.80098
-6.80379
-6.79914
-6.79112
-6.78256
-6.77971
-6.77587
-6.77173
-6.76683
-6.75848
-6.74454
-6.72547
-6.70182
-6.68162
-6.66342
-6.65017
-6.64268
-6.63782
-6.63363
-6.62924
-6.61779
-6.60455
-6.58608
-6.56919
-6.55283
-6.54892
-6.55641
-6.57698
-6.6073
-6.63857
-6.67067
-6.69557
-6.71437
-6.72587
-6.72876
-6.72596
-6.71736
-6.70026
-6.68367
-6.66429
-6.64561
-6.62855
-6.61569
-6.61418
-6.6273
-6.64886
-6.68274
-6.7209
-6.75921
-6.7892
-6.80627
-6.81272
-6.80477
-6.78466
-6.75465
-6.71881
-6.6816
-6.64917
-6.62519
-6.60884
-6.60523
-6.60694
-6.61207
-6.61197
-6.60546
-6.59346
-6.57632
-6.55845
-6.54502
-6.53826
-6.53947
-6.54734
-6.5584
-6.5701
-6.57981
-6.59198
-6.60121
-6.61395
-6.63028
-6.64721
-6.66653
-6.68606
-6.70411
-6.72061
-6.73211
-6.7432
-6.75779
-6.77484
-6.79476
-6.81375
-6.82887
-6.83574
-6.83161
-6.81822
-6.79411
-6.76042
-6.72383
-6.68424
-6.64411
-6.60684
-6.57629
-6.55536
-6.55244
-6.56923
-6.60659
-6.65358
-6.7035
-6.74571
-6.7737
-6.78623
-6.78153
-6.76599
-6.73746
-6.70583
-6.67227
-6.64086
-6.6135
-6.58905
-6.57438
-6.56446
-6.55765
-6.55748
-6.55983
-6.56886
-6.5796
-6.59273
-6.60239
-6.61028
-6.61821
-6.62553
-6.63346
-6.64541
-6.65458
-6.6623
-6.66718
-6.66569
-6.65929
-6.64924
-6.63251
-6.61342
-6.59393
-6.58225
-6.57751
-6.57764
-6.58477
-6.59434
-6.60845
-6.62534
-6.63877
-6.65295
-6.6642
-6.66987
-6.67284
-6.66688
-6.65715
-6.64788
-6.64234
-6.63937
-6.64061
-6.64426
-6.6504
-6.66406
-6.67517
-6.68907
-6.70444
-6.71733
-6.73053
-6.74536
-6.75665
-6.76548
-6.76991
-6.77002
-6.76418
-6.75182
-6.73752
-6.7208
-6.7063
-6.6917
-6.67753
-6.66092
-6.64384
-6.62576
-6.61328
-6.59916
-6.58782
-6.5811
-6.57974
-6.58372
-6.5903
-6.59895
-6.60842
-6.61229
-6.61414
-6.6097
-6.60198
-6.59404
-6.58781
-6.58484
-6.58856
-6.60137
-6.6201
-6.64402
-6.67219
-6.69861
-6.71906
-6.73343
-6.73712
-6.72777
-6.7086
-6.68896
-6.67506
-6.66387
-6.65667
-6.65362
-6.65192
-6.65147
-6.65345
-6.65442
-6.65777
-6.66331
-6.66863
-6.6754
-6.68673
-6.69586
-6.7036
-6.70893
-6.71366
-6.71182
-6.71099
-6.70791
-6.70597
-6.69789
-6.6907
-6.68104
-6.66974
-6.66171
-6.65014
-6.64367
-6.63777
-6.63437
-6.62846
-6.62931
-6.63142
-6.63657
-6.64111
-6.64582
-6.64654
-6.64636
-6.64602
-6.64089
-6.63643
-6.63052
-6.62717
-6.62043
-6.61782
-6.61896
-6.61966
-6.62205
-6.62361
-6.62711
-6.6305
-6.63732
-6.64488
-6.65383
-6.65951
-6.66203
-6.65699
-6.64976
-6.64073
-6.6303
-6.62672
-6.62862
-6.63831
-6.65475
-6.67654
-6.69855
-6.71712
-6.73345
-6.74367
-6.74664
-6.74588
-6.74428
-6.74232
-6.74027
-6.74011
-6.74263
-6.74137
-6.74214
-6.73953
-6.73382
-6.72446
-6.70974
-6.69662
-6.68276
-6.66819
-6.65394
-6.64149
-6.63014
-6.61517
-6.59833
-6.58128
-6.56415
-6.5501
-6.5394
-6.53355
-6.53488
-6.54241
-6.55479
-6.56995
-6.58987
-6.60911
-6.62835
-6.64763
-6.66767
-6.68437
-6.70142
-6.71376
-6.72378
-6.73272
-6.74113
-6.74459
-6.74667
-6.73953
-6.72892
-6.71429
-6.70424
-6.70136
-6.70768
-6.7179
-6.724
-6.72397
-6.70906
-6.68543
-6.65746
-6.62626
-6.59999
-6.58594
-6.58593
-6.59413
-6.60764
-6.6204
-6.631
-6.63579
-6.63933
-6.6364
-6.6388
-6.64185
-6.65128
-6.66176
-6.6732
-6.68671
-6.69613
-6.70334
-6.70996
-6.71721
-6.72753
-6.73413
-6.73979
-6.74309
-6.74361
-6.74134
-6.73524
-6.72488
-6.71369
-6.69922
-6.68619
-6.673
-6.66318
-6.655
-6.64607
-6.63855
-6.6354
-6.63731
-6.64172
-6.65052
-6.66311
-6.67437
-6.68647
-6.69278
-6.69217
-6.68351
-6.66904
-6.64895
-6.62621
-6.60802
-6.5909
-6.57841
-6.56871
-6.56718
-6.57171
-6.57956
-6.58564
-6.58963
-6.59241
-6.59977
-6.60883
-6.62364
-6.64265
-6.65954
-6.67931
-6.69136
-6.69552
-6.69062
-6.67915
-6.66188
-6.64365
-6.62696
-6.61732
-6.6119
-6.6167
-6.62709
-6.63961
-6.65199
-6.66613
-6.67931
-6.6909
-6.69883
-6.70081
-6.70013
-6.69884
-6.69909
-6.69994
-6.69672
-6.69296
-6.68771
-6.67992
-6.66969
-6.66067
-6.65462
-6.65107
-6.64888
-6.64776
-6.64863
-6.65382
-6.66695
-6.68757
-6.70905
-6.73345
-6.75461
-6.77065
-6.78136
-6.78208
-6.77605
-6.76374
-6.74398
-6.72007
-6.69226
-6.66477
-6.63328
-6.60517
-6.58177
-6.56272
-6.54901
-6.54404
-6.54409
-6.54749
-6.55081
-6.55502
-6.55566
-6.55681
-6.56059
-6.5655
-6.57359
-6.58321
-6.59736
-6.61526
-6.63193
-6.65012
-6.66735
-6.68282
-6.69292
-6.69949
-6.70284
-6.69778
-6.68922
-6.67213
-6.65321
-6.63568
-6.61996
-6.60147
-6.58725
-6.57499
-6.56949
-6.57115
-6.57951
-6.59619
-6.61981
-6.64864
-6.68101
-6.71493
-6.74759
-6.78098
-6.80755
-6.83166
-6.84849
-6.86099
-6.86177
-6.85073
-6.83213
-6.80708
-6.77431
-6.73888
-6.70439
-6.67193
-6.64484
-6.62029
-6.59934
-6.58177
-6.56617
-6.55267
-6.54675
-6.55145
-6.56355
-6.58443
-6.61486
-6.64435
-6.67405
-6.69758
-6.7112
-6.72076
-6.72166
-6.72164
-6.71702
-6.7138
-6.70791
-6.69824
-6.68433
-6.67203
-6.65697
-6.64408
-6.63508
-6.62748
-6.62262
-6.61698
-6.61235
-6.60772
-6.60493
-6.60494
-6.61215
-6.62514
-6.64587
-6.67026
-6.69635
-6.71857
-6.73205
-6.73255
-6.71877
-6.69477
-6.66129
-6.62882
-6.60185
-6.58779
-6.58616
-6.59274
-6.60135
-6.61025
-6.61538
-6.61509
-6.61085
-6.60751
-6.61001
-6.61921
-6.63672
-6.6609
-6.68334
-6.70356
-6.72376
-6.74677
-6.7712
-6.79346
-6.81197
-6.81998
-6.81899
-6.80931
-6.78816
-6.75572
-6.7163
-6.67195
-6.62814
-6.58705
-6.55084
-6.52518
-6.50819
-6.49864
-6.50535
-6.52
-6.54459
-6.57344
-6.60232
-6.62951
-6.64784
-6.65439
-6.65846
-6.6534
-6.64502
-6.63789
-6.63283
-6.63684
-6.6445
-6.65812
-6.67569
-6.69605
-6.71823
-6.74659
-6.77022
-6.79077
-6.801
-6.80153
-6.79336
-6.77911
-6.75645
-6.72993
-6.70618
-6.68288
-6.66571
-6.65309
-6.64301
-6.63528
-6.62617
-6.61382
-6.59962
-6.58296
-6.56917
-6.56034
-6.55614
-6.5561
-6.55973
-6.55976
-6.55613
-6.54675
-6.53103
-6.51835
-6.51304
-6.51711
-6.52525
-6.53509
-6.54412
-6.55364
-6.56407
-6.57853
-6.59657
-6.62195
-6.65562
-6.69321
-6.7342
-6.77314
-6.80089
-6.81786
-6.82488
-6.81857
-6.80432
-6.7883
-6.77155
-6.75529
-6.74301
-6.7345
-6.73048
-6.7251
-6.72423
-6.71619
-6.71224
-6.70758
-6.69797
-6.68449
-6.66874
-6.65217
-6.63329
-6.61546
-6.59863
-6.58484
-6.57703
-6.57483
-6.58121
-6.59102
-6.60515
-6.62165
-6.63672
-6.64706
-6.65672
-6.6613
-6.66221
-6.66185
-6.66797
-6.67713
-6.68859
-6.70082
-6.70362
-6.70458
-6.69878
-6.69149
-6.68489
-6.68404
-6.68799
-6.69571
-6.70571
-6.7167
-6.723
-6.72111
-6.7145
-6.6978
-6.67455
-6.6439
-6.6073
-6.57141
-6.53924
-6.51743
-6.51058
-6.52134
-6.54341
-6.5706
-6.59803
-6.62125
-6.63668
-6.64325
-6.64154
-6.63466
-6.6237
-6.6124
-6.60422
-6.60231
-6.60602
-6.62093
-6.63864
-6.6605
-6.67875
-6.69089
-6.69818
-6.69936
-6.69402
-6.68586
-6.68505
-6.69123
-6.70643
-6.72772
-6.75081
-6.77536
-6.79716
-6.81287
-6.82295
-6.82231
-6.81449
-6.79879
-6.77371
-6.74279
-6.70866
-6.67286
-6.64224
-6.61189
-6.59018
-6.57182
-6.55979
-6.54916
-6.54135
-6.53863
-6.53778
-6.53943
-6.54908
-6.56836
-6.59473
-6.62457
-6.65527
-6.68377
-6.70798
-6.72615
-6.73429
-6.73302
-6.72629
-6.7218
-6.71807
-6.71671
-6.71364
-6.70303
-6.69122
-6.67776
-6.67039
-6.66765
-6.67163
-6.68026
-6.68779
-6.69038
-6.68451
-6.67051
-6.64407
-6.61051
-6.5747
-6.54524
-6.5264
-6.52362
-6.53474
-6.56038
-6.59487
-6.63512
-6.67627
-6.71536
-6.74618
-6.76781
-6.77568
-6.7732
-6.75974
-6.74063
-6.71732
-6.69375
-6.67129
-6.66076
-6.66015
-6.66979
-6.6847
-6.70284
-6.71559
-6.72555
-6.72312
-6.7188
-6.71249
-6.7031
-6.69197
-6.67978
-6.6657
-6.65562
-6.64735
-6.64267
-6.63516
-6.63075
-6.63106
-6.62887
-6.62578
-6.62025
-6.6086
-6.59289
-6.5747
-6.55656
-6.53834
-6.5234
-6.52034
-6.52866
-6.54723
-6.57544
-6.60571
-6.63586
-6.6621
-6.67886
-6.68749
-6.68853
-6.68217
-6.66974
-6.653
-6.63627
-6.62478
-6.62396
-6.63494
-6.65847
-6.69158
-6.73144
-6.76743
-6.79286
-6.80961
-6.81029
-6.79952
-6.78031
-6.75201
-6.72194
-6.69306
-6.66298
-6.636
-6.6146
-6.59682
-6.58325
-6.57515
-6.5732
-6.57151
-6.57502
-6.58447
-6.59899
-6.61683
-6.63689
-6.66152
-6.68303
-6.70328
-6.71543
-6.72188
-6.72455
-6.7226
-6.71903
-6.71036
-6.70167
-6.6882
-6.67462
-6.66078
-6.65163
-6.64336
-6.64049
-6.64102
-6.64203
-6.64686
-6.64667
-6.6424
-6.63497
-6.62062
-6.6025
-6.58459
-6.57138
-6.56541
-6.56984
-6.58866
-6.6182
-6.65694
-6.70103
-6.74384
-6.77822
-6.79922
-6.80015
-6.78923
-6.76658
-6.73798
-6.71122
-6.6875
-6.67081
-6.65757
-6.65798
-6.65632
-6.65792
-6.65882
-6.65638
-6.64961
-6.63725
-6.62161
-6.60494
-6.59279
-6.58407
-6.57942
-6.57982
-6.58564
-6.58986
-6.59768
-6.6017
-6.60817
-6.61735
-6.62907
-6.646
-6.6711
-6.6988
-6.72838
-6.7559
-6.77603
-6.78615
-6.78269
-6.76882
-6.7385
-6.70112
-6.66131
-6.62551
-6.59989
-6.58365
-6.57798
-6.58127
-6.5903
-6.60443
-6.6203
-6.63843
-6.65302
-6.66684
-6.67518
-6.67889
-6.67496
-6.66599
-6.65585
-6.64813
-6.64527
-6.64628
-6.65344
-6.66608
-6.68012
-6.69705
-6.71119
-6.71769
-6.71577
-6.70573
-6.69212
-6.67207
-6.65151
-6.62876
-6.6074
-6.59163
-6.58489
-6.58489
-6.59626
-6.61699
-6.64631
-6.672
-6.69762
-6.71659
-6.72838
-6.72752
-6.72294
-6.71267
-6.70047
-6.68722
-6.67652
-6.67036
-6.66863
-6.66956
-6.67216
-6.67809
-6.68305
-6.68891
-6.69363
-6.69517
-6.69967
-6.70427
-6.71184
-6.72051
-6.72894
-6.73687
-6.7426
-6.74367
-6.74438
-6.74278
-6.73473
-6.71998
-6.70134
-6.67751
-6.64977
-6.62192
-6.59822
-6.58239
-6.57645
-6.57944
-6.58849
-6.60252
-6.61773
-6.62967
-6.63879
-6.64433
-6.64218
-6.63533
-6.62545
-6.6181
-6.61185
-6.60566
-6.60169
-6.59874
-6.59396
-6.59128
-6.59052
-6.58971
-6.59209
-6.5951
-6.59987
-6.60587
-6.61064
-6.61457
-6.61836
-6.62597
-6.63336
-6.64406
-6.65788
-6.67275
-6.68437
-6.69251
-6.70094
-6.7076
-6.71183
-6.7157
-6.71825
-6.71856
-6.72105
-6.7259
-6.73309
-6.7412
-6.74972
-6.76098
-6.77142
-6.77905
-6.78154
-6.78133
-6.77702
-6.76725
-6.75826
-6.75078
-6.74302
-6.73701
-6.73148
-6.72458
-6.71112
-6.68903
-6.65833
-6.62225
-6.58188
-6.54141
-6.50882
-6.4878
-6.47926
-6.48425
-6.50006
-6.51998
-6.5478
-6.57429
-6.5992
-6.61648
-6.62472
-6.62566
-6.61541
-6.5998
-6.58536
-6.57657
-6.57656
-6.58653
-6.60508
-6.63211
-6.6548
-6.67731
-6.69702
-6.71161
-6.71931
-6.72096
-6.71731
-6.71106
-6.70004
-6.68789
-6.67472
-6.66421
-6.65527
-6.6493
-6.64532
-6.6401
-6.63486
-6.62675
-6.61922
-6.6131
-6.61129
-6.61796
-6.63045
-6.64474
-6.65806
-6.66267
-6.66556
-6.66706
-6.67312
-6.68217
-6.70384
-6.73125
-6.76573
-6.79646
-6.82359
-6.84161
-6.8445
-6.83722
-6.82026
-6.79577
-6.76746
-6.73476
-6.70243
-6.67036
-6.63971
-6.60772
-6.5772
-6.55432
-6.53416
-6.5239
-6.5248
-6.53697
-6.55435
-6.56971
-6.58529
-6.59473
-6.6011
-6.60188
-6.60138
-6.59761
-6.59702
-6.60108
-6.61064
-6.62361
-6.64084
-6.65769
-6.67473
-6.68651
-6.69383
-6.69675
-6.69474
-6.6883
-6.67567
-6.65902
-6.63711
-6.61634
-6.59688
-6.57931
-6.57005
-6.57011
-6.58252
-6.60547
-6.63435
-6.67299
-6.71205
-6.74316
-6.76666
-6.77957
-6.7852
-6.78199
-6.77039
-6.75459
-6.73305
-6.70435
-6.67074
-6.6393
-6.60969
-6.58687
-6.56808
-6.56049
-6.56308
-6.57476
-6.59333
-6.61532
-6.63867
-6.65736
-6.6707
-6.6768
-6.67937
-6.67663
-6.67323
-6.67068
-6.67419
-6.68268
-6.69845
-6.7172
-6.73703
-6.74992
-6.7547
-6.74941
-6.73874
-6.71993
-6.69508
-6.67348
-6.65204
-6.63498
-6.62339
-6.61981
-6.62221
-6.63623
-6.65439
-6.67465
-6.696
-6.7145
-6.72883
-6.73597
-6.73592
-6.72834
-6.70848
-6.68381
-6.6512
-6.61676
-6.58245
-6.5584
-6.54601
-6.54554
-6.55937
-6.58367
-6.6151
-6.64855
-6.67609
-6.69674
-6.71272
-6.72084
-6.72349
-6.723
-6.72772
-6.7357
-6.75057
-6.77019
-6.78971
-6.80545
-6.81044
-6.80275
-6.77841
-6.74218
-6.69999
-6.65606
-6.61356
-6.58245
-6.56579
-6.56334
-6.56959
-6.58245
-6.59274
-6.60219
-6.61162
-6.61531
-6.61592
-6.61708
-6.61929
-6.61943
-6.62372
-6.62476
-6.62467
-6.62325
-6.62055
-6.6151
-6.60851
-6.60284
-6.60212
-6.60303
-6.60599
-6.61074
-6.61732
-6.6209
-6.621
-6.61728
-6.61353
-6.61202
-6.61286
-6.61884
-6.63008
-6.64692
-6.6661
-6.69048
-6.71195
-6.73529
-6.75654
-6.77557
-6.78672
-6.78868
-6.78749
-6.77269
-6.75176
-6.72879
-6.70026
-6.67433
-6.65038
-6.63214
-6.62208
-6.62001
-6.62087
-6.62136
-6.61898
-6.6126
-6.60267
-6.58987
-6.57747
-6.56987
-6.56615
-6.57221
-6.58514
-6.60107
-6.62038
-6.63974
-6.6598
-6.67759
-6.69225
-6.70145
-6.70922
-6.71819
-6.72944
-6.7411
-6.75042
-6.75825
-6.75924
-6.75321
-6.73826
-6.71607
-6.68604
-6.65828
-6.62774
-6.59561
-6.56641
-6.54147
-6.52442
-6.51373
-6.51579
-6.52663
-6.54997
-6.58226
-6.62027
-6.6597
-6.69603
-6.72802
-6.75001
-6.76061
-6.76212
-6.75353
-6.73861
-6.71654
-6.69581
-6.67766
-6.66665
-6.66195
-6.66193
-6.66416
-6.67013
-6.67242
-6.67007
-6.65956
-6.64473
-6.63256
-6.62061
-6.61254
-6.61166
-6.61623
-6.63113
-6.64901
-6.66768
-6.6882
-6.70579
-6.7215
-6.72824
-6.7293
-6.72369
-6.71458
-6.70212
-6.68929
-6.67893
-6.67114
-6.66285
-6.65767
-6.65351
-6.65026
-6.64591
-6.6431
-6.64204
-6.6424
-6.64294
-6.64327
-6.63786
-6.62909
-6.61817
-6.60318
-6.58469
-6.57419
-6.56927
-6.57247
-6.58749
-6.61464
-6.65169
-6.69243
-6.73331
-6.76913
-6.797
-6.81187
-6.81613
-6.81022
-6.78683
-6.75382
-6.7154
-6.67544
-6.63769
-6.60678
-6.58945
-6.58744
-6.60337
-6.62625
-6.65081
-6.67677
-6.69827
-6.71468
-6.72541
-6.73509
-6.74357
-6.74734
-6.74516
-6.73711
-6.72032
-6.69704
-6.66837
-6.63959
-6.60845
-6.57771
-6.55288
-6.53643
-6.5253
-6.52416
-6.5373
-6.56071
-6.5976
-6.63839
-6.67777
-6.71325
-6.73839
-6.75292
-6.7587
-6.75559
-6.74812
-6.73971
-6.73279
-6.72698
-6.72378
-6.71903
-6.70804
-6.69506
-6.67544
-6.65033
-6.62651
-6.60342
-6.58226
-6.56649
-6.55566
-6.55209
-6.55597
-6.56601
-6.57875
-6.59477
-6.61265
-6.63236
-6.65208
-6.67094
-6.69073
-6.70459
-6.71207
-6.71391
-6.71002
-6.70349
-6.69669
-6.6946
-6.69668
-6.71067
-6.7303
-6.75594
-6.77817
-6.7958
-6.80274
-6.80133
-6.78697
-6.76366
-6.73424
-6.70329
-6.67391
-6.64908
-6.62969
-6.61446
-6.60338
-6.59512
-6.5901
-6.58681
-6.5829
-6.57827
-6.57228
-6.56582
-6.55985
-6.55574
-6.5549
-6.55522
-6.56072
-6.56634
-6.57359
-6.5842
-6.59632
-6.61128
-6.63217
-6.65663
-6.68213
-6.70834
-6.73274
-6.75471
-6.76742
-6.77418
-6.7752
-6.77162
-6.76106
-6.74767
-6.7319
-6.71429
-6.69478
-6.67214
-6.64885
-6.63133
-6.61292
-6.60014
-6.59245
-6.59299
-6.59852
-6.61186
-6.62603
-6.6432
-6.66243
-6.67682
-6.68694
-6.6955
-6.69743
-6.69452
-6.69207
-6.68151
-6.6723
-6.66446
-6.66018
-6.66053
-6.66941
-6.67617
-6.6829
-6.6847
-6.68208
-6.67755
-6.66781
-6.65815
-6.64828
-6.64441
-6.64297
-6.64673
-6.66041
-6.67743
-6.69777
-6.71779
-6.73592
-6.74753
-6.75436
-6.75617
-6.75231
-6.74371
-6.72824
-6.71167
-6.69086
-6.67043
-6.65121
-6.62887
-6.60707
-6.58793
-6.57387
-6.5673
-6.56816
-6.57188
-6.57833
-6.58271
-6.58615
-6.59033
-6.59142
-6.59661
-6.6027
-6.61196
-6.62235
-6.63277
-6.64392
-6.65306
-6.65599
-6.65642
-6.65549
-6.65083
-6.64742
-6.64064
-6.63762
-6.63777
-6.6415
-6.64827
-6.66012
-6.67682
-6.69855
-6.71929
-6.73962
-6.76048
-6.77639
-6.78144
-6.77646
-6.76132
-6.73832
-6.70629
-6.67155
-6.6413
-6.60927
-6.58429
-6.56411
-6.54757
-6.53646
-6.53184
-6.53027
-6.53818
-6.55615
-6.58171
-6.61541
-6.65281
-6.69181
-6.72699
-6.75689
-6.77471
-6.78279
-6.77909
-6.76745
-6.75081
-6.72901
-6.70948
-6.69831
-6.69389
-6.69778
-6.70553
-6.71781
-6.72557
-6.73131
-6.72665
-6.71415
-6.69134
-6.65573
-6.61383
-6.56862
-6.53071
-6.50366
-6.49622
-6.5029
-6.52529
-6.55596
-6.586
-6.61879
-6.64775
-6.67049
-6.69429
-6.71382
-6.72586
-6.73151
-6.73097
-6.72597
-6.71745
-6.70901
-6.69725
-6.69336
-6.69011
-6.68734
-6.68873
-6.69157
-6.69929
-6.71091
-6.72398
-6.73993
-6.75736
-6.77143
-6.7835
-6.7876
-6.78447
-6.77427
-6.75711
-6.73277
-6.70547
-6.67448
-6.64703
-6.62019
-6.60391
-6.59567
-6.59629
-6.60173
-6.61231
-6.628
-6.64055
-6.6515
-6.65821
-6.66037
-6.66137
-6.6593
-6.65941
-6.65574
-6.64967
-6.64457
-6.6393
-6.63167
-6.62187
-6.60834
-6.5919
-6.5769
-6.56374
-6.5553
-6.54948
-6.55451
-6.56878
-6.59228
-6.6223
-6.65105
-6.67582
-6.69739
-6.7133
-6.7185
-6.71831
-6.71631
-6.71165
-6.7103
-6.70697
-6.70745
-6.70771
-6.70643
-6.70344
-6.70125
-6.69657
-6.6955
-6.69725
-6.69933
-6.70223
-6.70113
-6.6987
-6.69249
-6.67926
-6.6611
-6.64109
-6.62466
-6.61355
-6.61221
-6.61654
-6.62803
-6.64529
-6.66207
-6.67425
-6.68065
-6.68056
-6.67099
-6.65437
-6.63579
-6.61581
-6.60016
-6.58942
-6.58253
-6.58696
-6.59806
-6.61411
-6.63381
-6.65637
-6.67062
-6.67964
-6.67929
-6.67103
-6.65548
-6.63267
-6.61419
-6.5999
-6.59265
-6.59439
-6.60564
-6.62806
-6.65466
-6.68166
-6.70668
-6.72755
-6.73797
-6.73761
-6.72903
-6.71546
-6.69889
-6.6818
-6.67358
-6.67199
-6.68503
-6.70609
-6.73248
-6.75848
-6.78
-6.78927
-6.78373
-6.76973
-6.74817
-6.72125
-6.69157
-6.66311
-6.63783
-6.61952
-6.60995
-6.60932
-6.61832
-6.63321
-6.65256
-6.67059
-6.68729
-6.69837
-6.7075
-6.71149
-6.70996
-6.70447
-6.69431
-6.68556
-6.67226
-6.65351
-6.63486
-6.61599
-6.59805
-6.58546
-6.58272
-6.58918
-6.60531
-6.62916
-6.65685
-6.68608
-6.71315
-6.73033
-6.73789
-6.73278
-6.71598
-6.68679
-6.65025
-6.61107
-6.57125
-6.54116
-6.51833
-6.50786
-6.50579
-6.5121
-6.52352
-6.53929
-6.55872
-6.58284
-6.60989
-6.63933
-6.6679
-6.69444
-6.71224
-6.72515
-6.72414
-6.71608
-6.70017
-6.67657
-6.65396
-6.63591
-6.62881
-6.63005
-6.6426
-6.65829
-6.67956
-6.70151
-6.7168
-6.73106
-6.74093
-6.74532
-6.74521
-6.74151
-6.73147
-6.71533
-6.69427
-6.67013
-6.64559
-6.62425
-6.61116
-6.60597
-6.60825
-6.61594
-6.62827
-6.63872
-6.64097
-6.63937
-6.63426
-6.62694
-6.62186
-6.61732
-6.6172
-6.6246
-6.63524
-6.64666
-6.65658
-6.66706
-6.6763
-6.67928
-6.67925
-6.67841
-6.67446
-6.66836
-6.66108
-6.65168
-6.64426
-6.63891
-6.63775
-6.63453
-6.63544
-6.64232
-6.65184
-6.66362
-6.67534
-6.68215
-6.68498
-6.68737
-6.68274
-6.67488
-6.66527
-6.65465
-6.64518
-6.64009
-6.63706
-6.63658
-6.63754
-6.64031
-6.64367
-6.64493
-6.64469
-6.64457
-6.64704
-6.64839
-6.65428
-6.66111
-6.66655
-6.66742
-6.66556
-6.65762
-6.64635
-6.63348
-6.6212
-6.60919
-6.60178
-6.60136
-6.60625
-6.61613
-6.63141
-6.64844
-6.66324
-6.67469
-6.68258
-6.68911
-6.68992
-6.6929
-6.69692
-6.70226
-6.71033
-6.71551
-6.71699
-6.71574
-6.70885
-6.70156
-6.69056
-6.68058
-6.67063
-6.66187
-6.65685
-6.65459
-6.65786
-6.66593
-6.67766
-6.69031
-6.69926
-6.7058
-6.71006
-6.7123
-6.71343
-6.71281
-6.71465
-6.71514
-6.71411
-6.70872
-6.69991
-6.6848
-6.66647
-6.64726
-6.62538
-6.60284
-6.58198
-6.57011
-6.56325
-6.56427
-6.57
-6.5818
-6.59423
-6.60882
-6.62254
-6.63474
-6.64641
-6.6548
-6.6637
-6.66736
-6.6706
-6.66989
-6.67155
-6.67298
-6.67614
-6.68019
-6.68143
-6.68039
-6.68159
-6.68005
-6.67784
-6.67292
-6.66809
-6.66224
-6.65717
-6.652
-6.6431
-6.63688
-6.62675
-6.62331
-6.62294
-6.63411
-6.6493
-6.66661
-6.68284
-6.69719
-6.70531
-6.70755
-6.70324
-6.69244
-6.68345
-6.67289
-6.66324
-6.65619
-6.65218
-6.65233
-6.65681
-6.66803
-6.68174
-6.69617
-6.71102
-6.72372
-6.72934
-6.73114
-6.72721
-6.71937
-6.70775
-6.69304
-6.67482
-6.65733
-6.63827
-6.62042
-6.60354
-6.59365
-6.59142
-6.59499
-6.60649
-6.62301
-6.64455
-6.67311
-6.69938
-6.72155
-6.73603
-6.74381
-6.74589
-6.73763
-6.72084
-6.70141
-6.67745
-6.64992
-6.61765
-6.58769
-6.55581
-6.52824
-6.5095
-6.50169
-6.51004
-6.53324
-6.56671
-6.60629
-6.64823
-6.68535
-6.71647
-6.73546
-6.74552
-6.7432
-6.73314
-6.71509
-6.68927
-6.66487
-6.63941
-6.62053
-6.60653
-6.59756
-6.5963
-6.59893
-6.60781
-6.61868
-6.62889
-6.64162
-6.65201
-6.66109
-6.66496
-6.66684
-6.66197
-6.65368
-6.6449
-6.63735
-6.63847
-6.64298
-6.65115
-6.66332
-6.67525
-6.68684
-6.69542
-6.70088
-6.70528
-6.70609
-6.70206
-6.69349
-6.68253
-6.67313
-6.66527
-6.66166
-6.65781
-6.65864
-6.65943
-6.66114
-6.66293
-6.66113
-6.65766
-6.65594
-6.65503
-6.6554
-6.65387
-6.65542
-6.65626
-6.65634
-6.65618
-6.65623
-6.65486
-6.65037
-6.6416
-6.62655
-6.61166
-6.59482
-6.58195
-6.57159
-6.56615
-6.57104
-6.58332
-6.60673
-6.63781
-6.6714
-6.70151
-6.72569
-6.74121
-6.7435
-6.73837
-6.72821
-6.71602
-6.70494
-6.69351
-6.68521
-6.68091
-6.67687
-6.67779
-6.68155
-6.6851
-6.68968
-6.69168
-6.69526
-6.69505
-6.69786
-6.70238
-6.70783
-6.7141
-6.71624
-6.71429
-6.71324
-6.7073
-6.69579
-6.68246
-6.66605
-6.64521
-6.62659
-6.6129
-6.60619
-6.60819
-6.61668
-6.62749
-6.63917
-6.65184
-6.66338
-6.67363
-6.68515
-6.69561
-6.70641
-6.71629
-6.72626
-6.73655
-6.74175
-6.7422
-6.73306
-6.7162
-6.69072
-6.66209
-6.63132
-6.60542
-6.584
-6.57307
-6.57272
-6.5824
-6.59613
-6.61736
-6.64025
-6.66235
-6.68013
-6.6966
-6.706
-6.70867
-6.70461
-6.6938
-6.67983
-6.66354
-6.64468
-6.62907
-6.61373
-6.60223
-6.5966
-6.59813
-6.60536
-6.61429
-6.62353
-6.63385
-6.64508
-6.65914
-6.67805
-6.69539
-6.70895
-6.71956
-6.72717
-6.73152
-6.72968
-6.71998
-6.70809
-6.69471
-6.67944
-6.66207
-6.64926
-6.63897
-6.63185
-6.62921
-6.62875
-6.62953
-6.63348
-6.63987
-6.6448
-6.64774
-6.6499
-6.65087
-6.65759
-6.66328
-6.66977
-6.68013
-6.69325
-6.70173
-6.71025
-6.71214
-6.71092
-6.70441
-6.69383
-6.68204
-6.67519
-6.6729
-6.67951
-6.68772
-6.69837
-6.70777
-6.71253
-6.71413
-6.7104
-6.70293
-6.69414
-6.68451
-6.67748
-6.66938
-6.66088
-6.6521
-6.64247
-6.63228
-6.62019
-6.6096
-6.59961
-6.59356
-6.59368
-6.60125
-6.61058
-6.62302
-6.63435
-6.64008
-6.63834
-6.63406
-6.62475
-6.612
-6.60047
-6.5879
-6.5753
-6.56551
-6.55741
-6.55386
-6.55813
-6.56828
-6.58315
-6.59877
-6.61765
-6.63577
-6.65192
-6.66891
-6.68179
-6.69332
-6.70162
-6.70499
-6.70595
-6.69909
-6.69081
-6.68603
-6.6861
-6.69039
-6.70468
-6.72307
-6.73887
-6.74914
-6.75422
-6.74948
-6.736
-6.71614
-6.69481
-6.6705
-6.64455
-6.62598
-6.61289
-6.60222
-6.59774
-6.5941
-6.59274
-6.59158
-6.59009
-6.591
-6.59252
-6.59001
-6.59057
-6.5938
-6.60045
-6.61392
-6.63151
-6.65757
-6.6876
-6.72088
-6.75389
-6.78327
-6.80565
-6.81848
-6.82078
-6.81333
-6.79338
-6.76404
-6.72826
-6.68702
-6.64066
-6.59641
-6.55596
-6.52852
-6.51182
-6.50533
-6.5087
-6.51919
-6.5351
-6.5606
-6.58645
-6.61987
-6.65245
-6.68269
-6.70588
-6.72432
-6.73529
-6.73813
-6.73058
-6.71496
-6.69751
-6.67913
-6.66246
-6.64815
-6.63599
-6.6297
-6.62243
-6.62333
-6.63225
-6.64826
-6.67063
-6.69819
-6.72234
-6.73868
-6.74862
-6.75101
-6.74537
-6.7312
-6.71585
-6.69623
-6.67739
-6.65349
-6.62996
-6.61016
-6.58944
-6.58117
-6.58505
-6.59937
-6.62403
-6.65097
-6.67396
-6.69
-6.69877
-6.69926
-6.69398
-6.68389
-6.66824
-6.64969
-6.63253
-6.61493
-6.60461
-6.59847
-6.59719
-6.60223
-6.6061
-6.60816
-6.61197
-6.6099
-6.60707
-6.60832
-6.61214
-6.61969
-6.63168
-6.64859
-6.66663
-6.68282
-6.69589
-6.70908
-6.71765
-6.72381
-6.72927
-6.73572
-6.73788
-6.73438
-6.72912
-6.71617
-6.69784
-6.67535
-6.65108
-6.62662
-6.60927
-6.60047
-6.60027
-6.60898
-6.62207
-6.6372
-6.65445
-6.67001
-6.67985
-6.68521
-6.68651
-6.68359
-6.6783
-6.67212
-6.66501
-6.66075
-6.65853
-6.66042
-6.66827
-6.68035
-6.69589
-6.71012
-6.7212
-6.7266
-6.72275
-6.71452
-6.70326
-6.68939
-6.67942
-6.66796
-6.66446
-6.66307
-6.66704
-6.6711
-6.67491
-6.67626
-6.67237
-6.66495
-6.65445
-6.64189
-6.63015
-6.62385
-6.61972
-6.62211
-6.62997
-6.63928
-6.65373
-6.66738
-6.67748
-6.68163
-6.68287
-6.67991
-6.67712
-6.67588
-6.67795
-6.68058
-6.68199
-6.68625
-6.68763
-6.68731
-6.68663
-6.68199
-6.67846
-6.67094
-6.6566
-6.63855
-6.61741
-6.59913
-6.58473
-6.57677
-6.58074
-6.59209
-6.60824
-6.63052
-6.65102
-6.6685
-6.68294
-6.68648
-6.6846
-6.67415
-6.65876
-6.63953
-6.61513
-6.5934
-6.57755
-6.56848
-6.56954
-6.57854
-6.59605
-6.62094
-6.64518
-6.6697
-6.69071
-6.7121
-6.72585
-6.73744
-6.74393
-6.74714
-6.751
-6.75586
-6.75898
-6.75938
-6.75725
-6.75316
-6.74766
-6.74089
-6.7377
-6.73512
-6.73425
-6.73073
-6.72321
-6.71132
-6.69497
-6.67658
-6.66519
-6.65658
-6.65811
-6.66443
-6.67525
-6.68549
-6.69277
-6.69593
-6.68852
-6.67468
-6.65528
-6.63596
-6.61754
-6.60315
-6.59348
-6.58885
-6.58894
-6.59202
-6.59803
-6.60638
-6.61187
-6.61793
-6.62835
-6.64325
-6.65791
-6.6706
-6.67719
-6.67292
-6.65825
-6.63659
-6.61321
-6.58822
-6.56625
-6.55005
-6.5421
-6.54422
-6.55376
-6.57162
-6.59483
-6.61876
-6.64261
-6.66368
-6.68137
-6.70116
-6.71526
-6.72367
-6.73263
-6.74009
-6.74189
-6.74053
-6.73837
-6.73373
-6.73201
-6.7333
-6.73699
-6.74208
-6.74944
-6.75904
-6.76587
-6.77529
-6.77888
-6.77872
-6.76986
-6.75558
-6.73312
-6.70518
-6.67557
-6.64271
-6.60484
-6.56927
-6.543
-6.52995
-6.5332
-6.55418
-6.58943
-6.63356
-6.68092
-6.72274
-6.75249
-6.77162
-6.77691
-6.77222
-6.75599
-6.73643
-6.70757
-6.67582
-6.64486
-6.61808
-6.59763
-6.58871
-6.59094
-6.60314
-6.62278
-6.64291
-6.66291
-6.67102
-6.66834
-6.65747
-6.64197
-6.62062
-6.59783
-6.57381
-6.55582
-6.54727
-6.54807
-6.56159
-6.58614
-6.61771
-6.65526
-6.68925
-6.71702
-6.73321
-6.73654
-6.73208
-6.72071
-6.70549
-6.68623
-6.66628
-6.65185
-6.64382
-6.64775
-6.65979
-6.68375
-6.7151
-6.75189
-6.78405
-6.81297
-6.83643
-6.84529
-6.84435
-6.83616
-6.81957
-6.79535
-6.76425
-6.72689
-6.68463
-6.64203
-6.60218
-6.56366
-6.52469
-6.49184
-6.46578
-6.45303
-6.45036
-6.46064
-6.48248
-6.51004
-6.53817
-6.56518
-6.58363
-6.5993
-6.61309
-6.62386
-6.63923
-6.6584
-6.67882
-6.70239
-6.72712
-6.75297
-6.77814
-6.79867
-6.81606
-6.82613
-6.82563
-6.8144
-6.79618
-6.76823
-6.73591
-6.69913
-6.66533
-6.63844
-6.61737
-6.60535
-6.59326
-6.5846
-6.57645
-6.56703
-6.55647
-6.5463
-6.53578
-6.528
-6.52638
-6.534
-6.55218
-6.57617
-6.61045
-6.64492
-6.67842
-6.70295
-6.71671
-6.72233
-6.72014
-6.71247
-6.70373
-6.69575
-6.69355
-6.69516
-6.70182
-6.70887
-6.71439
-6.71396
-6.70831
-6.69559
-6.68295
-6.67128
-6.6599
-6.64887
-6.64273
-6.6421
-6.645
-6.64945
-6.65994
-6.66631
-6.67587
-6.68197
-6.68152
-6.67534
-6.66648
-6.65628
-6.64867
-6.64912
-6.65511
-6.65868
-6.65742
-6.65473
-6.65138
-6.64925
-6.65564
-6.66589
-6.68162
-6.70019
-6.7198
-6.73996
-6.75839
-6.77109
-6.77462
-6.77198
-6.75914
-6.73956
-6.71557
-6.6862
-6.65188
-6.61731
-6.58542
-6.5623
-6.54713
-6.54685
-6.5552
-6.57095
-6.58719
-6.6054
-6.62087
-6.63331
-6.6443
-6.64939
-6.65303
-6.6536
-6.6503
-6.6454
-6.63876
-6.63075
-6.62423
-6.61808
-6.61979
-6.62177
-6.6263
-6.636
-6.64493
-6.65262
-6.65582
-6.65525
-6.65228
-6.64673
-6.64409
-6.6405
-6.64071
-6.64224
-6.64582
-6.65439
-6.66395
-6.675
-6.68621
-6.69728
-6.70598
-6.71227
-6.71531
-6.7147
-6.71281
-6.70713
-6.69656
-6.68552
-6.67363
-6.66548
-6.65943
-6.66007
-6.66273
-6.66686
-6.67004
-6.67585
-6.68136
-6.68672
-6.68713
-6.68409
-6.68008
-6.67408
-6.66713
-6.65809
-6.64616
-6.63211
-6.6215
-6.61386
-6.61199
-6.61306
-6.61698
-6.62563
-6.63857
-6.6515
-6.66767
-6.68379
-6.70143
-6.71837
-6.73336
-6.74135
-6.7391
-6.7299
-6.71092
-6.6855
-6.65841
-6.63706
-6.62261
-6.61726
-6.6216
-6.63195
-6.64573
-6.65866
-6.66645
-6.66734
-6.6619
-6.65302
-6.64189
-6.62991
-6.61908
-6.61276
-6.61007
-6.60951
-6.61355
-6.6182
-6.62681
-6.64084
-6.65475
-6.67058
-6.68793
-6.70414
-6.71799
-6.72596
-6.7274
-6.72411
-6.71525
-6.70542
-6.69138
-6.67834
-6.6709
-6.67079
-6.6784
-6.68978
-6.70735
-6.72524
-6.73576
-6.74091
-6.74059
-6.73122
-6.71709
-6.69289
-6.67023
-6.64528
-6.62191
-6.60188
-6.58724
-6.57604
-6.56952
-6.56663
-6.56749
-6.57119
-6.57605
-6.58304
-6.59157
-6.60086
-6.6107
-6.6215
-6.63802
-6.65816
-6.67956
-6.70108
-6.72181
-6.7388
-6.75287
-6.76008
-6.75935
-6.75212
-6.73673
-6.71882
-6.69909
-6.68091
-6.66628
-6.65693
-6.65386
-6.65669
-6.66154
-6.66768
-6.6754
-6.68048
-6.68666
-6.69039
-6.68631
-6.67672
-6.66554
-6.65194
-6.64004
-6.63171
-6.62708
-6.62765
-6.6299
-6.63546
-6.64224
-6.64747
-6.65372
-6.65856
-6.66025
-6.66012
-6.66163
-6.66282
-6.66736
-6.673
-6.67782
-6.68446
-6.68743
-6.68776
-6.68857
-6.68373
-6.67429
-6.66996
-6.66096
-6.64712
-6.63362
-6.61868
-6.60698
-6.59217
-6.57785
-6.56649
-6.55934
-6.55624
-6.5612
-6.57199
-6.59188
-6.62005
-6.65395
-6.68755
-6.71305
-6.72863
-6.73117
-6.72524
-6.7133
-6.70066
-6.69
-6.68261
-6.684
-6.68857
-6.69493
-6.6979
-6.69949
-6.69915
-6.69636
-6.69336
-6.69421
-6.70082
-6.71185
-6.72633
-6.74381
-6.76107
-6.7728
-6.77419
-6.76679
-6.74923
-6.72448
-6.69475
-6.66477
-6.64096
-6.62776
-6.61793
-6.61087
-6.60639
-6.60105
-6.59176
-6.58535
-6.58375
-6.58779
-6.5966
-6.61147
-6.63007
-6.64744
-6.6649
-6.67922
-6.69109
-6.69462
-6.69617
-6.69339
-6.69184
-6.68918
-6.69179
-6.69757
-6.70598
-6.71423
-6.71915
-6.72034
-6.71491
-6.69764
-6.67509
-6.64724
-6.62077
-6.59617
-6.57323
-6.56012
-6.55619
-6.56192
-6.57294
-6.58686
-6.60209
-6.61831
-6.63001
-6.63861
-6.64986
-6.65843
-6.6691
-6.68137
-6.69329
-6.70624
-6.7214
-6.73209
-6.74065
-6.74315
-6.73809
-6.72537
-6.71042
-6.69492
-6.67631
-6.66101
-6.64718
-6.63557
-6.62321
-6.61239
-6.60158
-6.589
-6.57484
-6.56469
-6.56242
-6.56357
-6.5691
-6.58411
-6.6046
-6.62939
-6.65657
-6.68511
-6.71268
-6.73499
-6.74953
-6.75135
-6.74217
-6.72375
-6.6961
-6.66401
-6.63635
-6.61792
-6.60762
-6.60833
-6.62106
-6.64047
-6.66358
-6.68445
-6.70142
-6.71742
-6.73465
-6.74834
-6.75861
-6.76211
-6.75909
-6.75159
-6.73741
-6.72245
-6.70633
-6.68855
-6.67532
-6.66312
-6.64897
-6.63683
-6.62463
-6.61466
-6.60829
-6.60561
-6.60736
-6.61114
-6.61546
-6.61763
-6.61728
-6.61729
-6.61714
-6.61452
-6.61506
-6.61804
-6.61859
-6.62115
-6.62398
-6.62571
-6.62848
-6.63092
-6.63481
-6.64045
-6.64583
-6.65196
-6.65273
-6.65282
-6.65027
-6.6491
-6.65035
-6.65537
-6.66108
-6.67024
-6.6796
-6.69316
-6.70058
-6.70554
-6.7085
-6.70936
-6.71037
-6.71291
-6.71402
-6.7136
-6.71406
-6.71375
-6.70566
-6.69526
-6.68731
-6.6755
-6.66386
-6.65636
-6.64879
-6.64812
-6.6511
-6.65955
-6.67642
-6.69795
-6.71507
-6.73292
-6.7416
-6.7475
-6.74501
-6.73257
-6.71612
-6.69799
-6.67942
-6.66697
-6.6589
-6.65497
-6.65459
-6.65393
-6.65562
-6.66085
-6.66136
-6.66265
-6.65969
-6.64893
-6.63293
-6.60959
-6.58385
-6.55782
-6.53881
-6.53272
-6.54357
-6.5666
-6.59811
-6.63241
-6.66436
-6.6865
-6.70346
-6.71426
-6.71155
-6.70553
-6.69101
-6.6744
-6.66008
-6.65094
-6.64661
-6.65291
-6.66272
-6.67593
-6.68408
-6.68822
-6.68303
-6.67803
-6.67298
-6.66564
-6.66337
-6.66606
-6.67293
-6.68102
-6.69379
-6.70633
-6.71378
-6.72069
-6.72508
-6.72708
-6.72594
-6.71538
-6.7004
-6.67954
-6.65561
-6.62698
-6.59537
-6.57032
-6.55557
-6.55257
-6.56164
-6.57773
-6.59554
-6.60936
-6.61963
-6.62724
-6.63459
-6.64032
-6.65027
-6.66122
-6.67253
-6.68174
-6.68739
-6.68811
-6.68256
-6.67503
-6.66788
-6.65961
-6.65594
-6.65226
-6.65689
-6.66906
-6.69096
-6.7201
-6.75067
-6.78119
-6.80505
-6.82099
-6.8247
-6.81818
-6.79987
-6.77095
-6.73514
-6.68976
-6.64127
-6.59159
-6.55283
-6.52226
-6.50224
-6.49283
-6.49224
-6.50006
-6.51188
-6.5323
-6.55524
-6.57468
-6.59147
-6.60461
-6.61312
-6.6199
-6.62331
-6.62503
-6.63005
-6.639
-6.64911
-6.66205
-6.67444
-6.68507
-6.69139
-6.69365
-6.68782
-6.67992
-6.66816
-6.6623
-6.6619
-6.66843
-6.68069
-6.69829
-6.71527
-6.73123
-6.74199
-6.74823
-6.75075
-6.74717
-6.74246
-6.73358
-6.72234
-6.70994
-6.69684
-6.6795
-6.66203
-6.65059
-6.64509
-6.65047
-6.66105
-6.67647
-6.69488
-6.70414
-6.70594
-6.70092
-6.68874
-6.67911
-6.66886
-6.6595
-6.65733
-6.65801
-6.65709
-6.65698
-6.65828
-6.65745
-6.65437
-6.64348
-6.62889
-6.6117
-6.59316
-6.57849
-6.57052
-6.57009
-6.57592
-6.58428
-6.5906
-6.59622
-6.59862
-6.59829
-6.59606
-6.59748
-6.60267
-6.60958
-6.62002
-6.63145
-6.64411
-6.65803
-6.67365
-6.692
-6.71294
-6.73533
-6.75822
-6.77986
-6.80144
-6.81683
-6.83018
-6.83532
-6.8311
-6.81644
-6.79303
-6.76756
-6.73882
-6.70728
-6.68032
-6.65886
-6.64234
-6.62931
-6.61994
-6.61432
-6.61087
-6.60279
-6.59259
-6.57784
-6.5559
-6.53722
-6.5268
-6.52216
-6.52551
-6.53412
-6.54522
-6.55603
-6.56508
-6.56909
-6.57178
-6.57624
-6.57929
-6.58529
-6.5967
-6.60987
-6.62749
-6.64778
-6.66751
-6.68357
-6.69398
-6.70115
-6.7028
-6.70379
-6.70632
-6.71085
-6.71884
-6.73143
-6.74475
-6.75837
-6.76766
-6.77301
-6.7715
-6.76114
-6.74711
-6.7317
-6.71379
-6.69525
-6.68037
-6.66648
-6.65055
-6.63532
-6.6227
-6.61672
-6.61419
-6.61721
-6.62739
-6.6437
-6.66585
-6.68635
-6.70535
-6.72153
-6.73073
-6.74179
-6.74624
-6.74522
-6.73452
-6.71711
-6.69087
-6.66307
-6.62914
-6.59831
-6.57343
-6.5605
-6.55953
-6.56962
-6.59273
-6.61912
-6.64619
-6.66582
-6.68075
-6.68344
-6.67664
-6.66592
-6.65142
-6.63658
-6.62486
-6.62147
-6.62791
-6.64383
-6.66707
-6.69173
-6.71409
-6.72849
-6.73811
-6.73999
-6.7314
-6.71143
-6.68882
-6.66371
-6.63832
-6.61662
-6.60466
-6.60577
-6.61647
-6.63584
-6.65962
-6.68431
-6.70641
-6.71993
-6.73039
-6.73065
-6.72246
-6.70911
-6.69316
-6.67746
-6.66519
-6.65295
-6.64724
-6.64192
-6.64059
-6.64089
-6.64282
-6.64875
-6.65278
-6.66081
-6.67026
-6.67674
-6.68144
-6.68337
-6.68076
-6.67679
-6.67089
-6.66369
-6.65854
-6.65578
-6.65553
-6.65547
-6.65916
-6.66048
-6.66076
-6.65828
-6.65379
-6.64967
-6.64899
-6.65487
-6.65861
-6.6615
-6.66254
-6.65692
-6.64835
-6.63935
-6.63264
-6.63017
-6.63506
-6.64145
-6.65269
-6.66485
-6.67748
-6.68717
-6.69498
-6.70522
-6.71644
-6.72831
-6.74273
-6.75803
-6.77379
-6.7875
-6.79658
-6.80281
-6.79888
-6.78607
-6.7664
-6.74397
-6.71555
-6.68572
-6.65498
-6.62498
-6.60004
-6.57781
-6.56142
-6.54933
-6.5412
-6.54144
-6.55109
-6.56674
-6.59136
-6.61881
-6.6441
-6.66938
-6.68442
-6.69444
-6.69836
-6.69794
-6.69233
-6.68732
-6.68425
-6.68102
-6.67784
-6.67282
-6.6653
-6.65811
-6.64891
-6.64258
-6.64248
-6.64817
-6.65819
-6.67063
-6.68175
-6.68903
-6.69247
-6.69024
-6.68345
-6.67687
-6.67215
-6.66867
-6.66379
-6.65823
-6.64614
-6.63125
-6.6096
-6.58994
-6.57445
-6.56417
-6.56194
-6.57273
-6.58882
-6.61038
-6.63349
-6.65781
-6.67984
-6.69742
-6.71251
-6.71961
-6.7214
-6.71389
-6.70194
-6.67918
-6.65549
-6.63206
-6.61488
-6.60638
-6.6056
-6.61653
-6.63123
-6.64872
-6.66862
-6.68749
-6.70242
-6.71066
-6.71925
-6.72146
-6.71979
-6.71697
-6.71173
-6.70616
-6.70077
-6.69727
-6.69402
-6.69723
-6.6996
-6.70184
-6.70049
-6.69714
-6.68843
-6.67599
-6.66551
-6.65677
-6.65347
-6.65462
-6.65838
-6.66536
-6.6706
-6.67597
-6.678
-6.68069
-6.67965
-6.67941
-6.68181
-6.67946
-6.67522
-6.66469
-6.65139
-6.63386
-6.6208
-6.61009
-6.60182
-6.60159
-6.60082
-6.60185
-6.59964
-6.59852
-6.59907
-6.60444
-6.61103
-6.62308
-6.63835
-6.65783
-6.67951
-6.70435
-6.72829
-6.74725
-6.75846
-6.7599
-6.75254
-6.73554
-6.71084
-6.68146
-6.64969
-6.62332
-6.60421
-6.59596
-6.60155
-6.61923
-6.64586
-6.67414
-6.7019
-6.72751
-6.74363
-6.75025
-6.74743
-6.73138
-6.70921
-6.68091
-6.64975
-6.61567
-6.58494
-6.56389
-6.54324
-6.53216
-6.52942
-6.53643
-6.55069
-6.57401
-6.60313
-6.63247
-6.65811
-6.67747
-6.68888
-6.69375
-6.69182
-6.68008
-6.66484
-6.64775
-6.6334
-6.62764
-6.63097
-6.64271
-6.66069
-6.68323
-6.70436
-6.72451
-6.73933
-6.75209
-6.75895
-6.76218
-6.75985
-6.7533
-6.73756
-6.71624
-6.69013
-6.66262
-6.63548
-6.60906
-6.59244
-6.57786
-6.56903
-6.5647
-6.56225
-6.56765
-6.57746
-6.59596
-6.61714
-6.64069
-6.65845
-6.6742
-6.68719
-6.69443
-6.69864
-6.702
-6.70318
-6.70275
-6.6997
-6.693
-6.6871
-6.68596
-6.68663
-6.68779
-6.6943
-6.69844
-6.69882
-6.70212
-6.70191
-6.69909
-6.69142
-6.68286
-6.67538
-6.66931
-6.66455
-6.65931
-6.6597
-6.66112
-6.66209
-6.66248
-6.66079
-6.6618
-6.66211
-6.664
-6.66483
-6.66277
-6.66195
-6.66077
-6.65685
-6.64952
-6.63664
-6.62092
-6.6064
-6.59643
-6.59676
-6.60919
-6.62892
-6.65107
-6.67193
-6.685
-6.69101
-6.68986
-6.68662
-6.6782
-6.66673
-6.65501
-6.64031
-6.62676
-6.61499
-6.60249
-6.5886
-6.57776
-6.56483
-6.55328
-6.54054
-6.53367
-6.53126
-6.53679
-6.55245
-6.57156
-6.59769
-6.62238
-6.6444
-6.65983
-6.66695
-6.66734
-6.66477
-6.66159
-6.66227
-6.66883
-6.67891
-6.69443
-6.71462
-6.74157
-6.77165
-6.80307
-6.82689
-6.84263
-6.84902
-6.84797
-6.83911
-6.82146
-6.7972
-6.7651
-6.73235
-6.70132
-6.67623
-6.65764
-6.63965
-6.62668
-6.61525
-6.60168
-6.58883
-6.57832
-6.57235
-6.57551
-6.58409
-6.59457
-6.607
-6.61733
-6.62598
-6.63133
-6.63872
-6.64718
-6.65538
-6.6608
-6.66559
-6.66994
-6.66964
-6.67199
-6.67207
-6.67033
-6.67334
-6.6777
-6.68151
-6.68962
-6.69842
-6.70684
-6.71128
-6.71335
-6.71174
-6.70667
-6.69792
-6.68938
-6.68358
-6.68196
-6.6834
-6.69089
-6.69969
-6.70567
-6.70526
-6.69847
-6.68439
-6.66324
-6.63959
-6.61201
-6.58788
-6.5682
-6.55444
-6.55351
-6.56227
-6.58169
-6.60813
-6.63494
-6.66338
-6.69357
-6.71704
-6.73631
-6.74881
-6.75613
-6.75856
-6.75673
-6.75163
-6.74804
-6.7464
-6.74329
-6.73714
-6.72672
-6.71034
-6.68966
-6.66346
-6.64035
-6.62322
-6.61476
-6.613
-6.62138
-6.63041
-6.63538
-6.63792
-6.63157
-6.6243
-6.61304
-6.60251
-6.59741
-6.59888
-6.60942
-6.62457
-6.64024
-6.65089
-6.65482
-6.65724
-6.65808
-6.65914
-6.66327
-6.67079
-6.6778
-6.68611
-6.69444
-6.70461
-6.71207
-6.71877
-6.72414
-6.72571
-6.7254
-6.72376
-6.72454
-6.7268
-6.72731
-6.72688
-6.71787
-6.70757
-6.69232
-6.6685
-6.64774
-6.62811
-6.61155
-6.59814
-6.58601
-6.57842
-6.57081
-6.56768
-6.56598
-6.56459
-6.56815
-6.57381
-6.57848
-6.58408
-6.58826
-6.59443
-6.59944
-6.60602
-6.6139
-6.62793
-6.64746
-6.6648
-6.68206
-6.69198
-6.69729
-6.69869
-6.69479
-6.68948
-6.6861
-6.68269
-6.68471
-6.6889
-6.69251
-6.69705
-6.70264
-6.70709
-6.70854
-6.70964
-6.71096
-6.71496
-6.71698
-6.71634
-6.71353
-6.70776
-6.6989
-6.69022
-6.68185
-6.67255
-6.66825
-6.66675
-6.66559
-6.66819
-6.67285
-6.67931
-6.68984
-6.70433
-6.72065
-6.7365
-6.75007
-6.76108
-6.7632
-6.76102
-6.74864
-6.73247
-6.71343
-6.69198
-6.66934
-6.65157
-6.63406
-6.62139
-6.61095
-6.59903
-6.5887
-6.57749
-6.56393
-6.55253
-6.54326
-6.53518
-6.52855
-6.52914
-6.53448
-6.55086
-6.57144
-6.59836
-6.62806
-6.65487
-6.68118
-6.69724
-6.71089
-6.71804
-6.72522
-6.73345
-6.74094
-6.74527
-6.74782
-6.74753
-6.74203
-6.73099
-6.72499
-6.71746
-6.71069
-6.70265
-6.69701
-6.69186
-6.68481
-6.67635
-6.6658
-6.65828
-6.65069
-6.64899
-6.65233
-6.65644
-6.66304
-6.66872
-6.67387
-6.67605
-6.67497
-6.66676
-6.6595
-6.64413
-6.62721
-6.60797
-6.58869
-6.57359
-6.56633
-6.56668
-6.57646
-6.59193
-6.61236
-6.63226
-6.64743
-6.65806
-6.66482
-6.66727
-6.67213
-6.67745
-6.68465
-6.6988
-6.7127
-6.7295
-6.74631
-6.76001
-6.76584
-6.76614
-6.76335
-6.75206
-6.73831
-6.72087
-6.70425
-6.6845
-6.66763
-6.65175
-6.63747
-6.62267
-6.60713
-6.58958
-6.5727
-6.55206
-6.53496
-6.52005
-6.51246
-6.51433
-6.52446
-6.54266
-6.5696
-6.60117
-6.63271
-6.66311
-6.69371
-6.72463
-6.75462
-6.78409
-6.80937
-6.82779
-6.83844
-6.83604
-6.81788
-6.78746
-6.75233
-6.7119
-6.66921
-6.63501
-6.61235
-6.60017
-6.60062
-6.61501
-6.63405
-6.65837
-6.68423
-6.70319
-6.71539
-6.71754
-6.70629
-6.68518
-6.65516
-6.62108
-6.59172
-6.57377
-6.56475
-6.56862
-6.57969
-6.59485
-6.60769
-6.61477
-6.61926
-6.61911
-6.6177
-6.61881
-6.6245
-6.63307
-6.64995
-6.67227
-6.69642
-6.72305
-6.74455
-6.7669
-6.78226
-6.79503
-6.80017
-6.7974
-6.78694
-6.76838
-6.74354
-6.71611
-6.69012
-6.66939
-6.65319
-6.64563
-6.64513
-6.64356
-6.64441
-6.6435
-6.64022
-6.63336
-6.62768
-6.62376
-6.62006
-6.61928
-6.6184
-6.61583
-6.61325
-6.61074
-6.60737
-6.60188
-6.59817
-6.59
-6.58541
-6.58403
-6.58905
-6.6028
-6.62274
-6.64686
-6.67206
-6.69762
-6.71765
-6.73863
-6.75335
-6.75883
-6.75627
-6.74537
-6.72539
-6.70058
-6.67011
-6.63926
-6.60885
-6.58093
-6.56108
-6.54966
-6.54902
-6.56152
-6.58142
-6.61135
-6.6445
-6.67353
-6.69628
-6.70759
-6.70806
-6.6954
-6.67904
-6.65376
-6.62826
-6.60751
-6.59546
-6.59444
-6.6057
-6.62886
-6.65826
-6.68603
-6.70859
-6.72655
-6.74037
-6.74312
-6.73919
-6.72622
-6.70965
-6.69159
-6.6731
-6.65704
-6.64355
-6.6325
-6.62182
-6.6167
-6.62244
-6.63883
-6.65886
-6.67495
-6.68438
-6.68314
-6.6752
-6.66334
-6.64932
-6.63077
-6.61294
-6.59518
-6.57835
-6.56676
-6.56123
-6.55677
-6.55929
-6.5703
-6.58693
-6.60852
-6.63218
-6.65411
-6.67228
-6.68398
-6.69303
-6.70218
-6.70434
-6.70556
-6.70355
-6.69754
-6.68956
-6.68002
-6.66988
-6.65614
-6.6441
-6.63587
-6.63632
-6.64176
-6.65744
-6.67828
-6.70192
-6.7245
-6.74276
-6.75782
-6.76649
-6.76851
-6.761
-6.74578
-6.72522
-6.70365
-6.68456
-6.66914
-6.6625
-6.65397
-6.64999
-6.64391
-6.63546
-6.61995
-6.60551
-6.58899
-6.57208
-6.55497
-6.54029
-6.52956
-6.52382
-6.52798
-6.54002
-6.55754
-6.57995
-6.60479
-6.62807
-6.64924
-6.67003
-6.68869
-6.70275
-6.71743
-6.73266
-6.7454
-6.75523
-6.7554
-6.7476
-6.72785
-6.70135
-6.6703
-6.63537
-6.60564
-6.58796
-6.58706
-6.59984
-6.62823
-6.66562
-6.70208
-6.73323
-6.74896
-6.75257
-6.74378
-6.72858
-6.70892
-6.68581
-6.66428
-6.64695
-6.63642
-6.63126
-6.62913
-6.63446
-6.64069
-6.64927
-6.65265
-6.65743
-6.65953
-6.66075
-6.66153
-6.66216
-6.66098
-6.66507
-6.67246
-6.68172
-6.69334
-6.70787
-6.72169
-6.73035
-6.73683
-6.73807
-6.73044
-6.71914
-6.70288
-6.68313
-6.66627
-6.65638
-6.64753
-6.64639
-6.65251
-6.66503
-6.68292
-6.7011
-6.7168
-6.72904
-6.73653
-6.73836
-6.73093
-6.7207
-6.70258
-6.68215
-6.66129
-6.64152
-6.6228
-6.60712
-6.59609
-6.5868
-6.58674
-6.59362
-6.60853
-6.63014
-6.6503
-6.66789
-6.6804
-6.68743
-6.69133
-6.69507
-6.69741
-6.7052
-6.70877
-6.71224
-6.71184
-6.70903
-6.70251
-6.6907
-6.67884
-6.65999
-6.64159
-6.62419
-6.60748
-6.59592
-6.58606
-6.57879
-6.57507
-6.57595
-6.58387
-6.59521
-6.61193
-6.63372
-6.65451
-6.67772
-6.69602
-6.71018
-6.71869
-6.72051
-6.71662
-6.7084
-6.69558
-6.67535
-6.65226
-6.6283
-6.60325
-6.58621
-6.5756
-6.57478
-6.58362
-6.60063
-6.62027
-6.64188
-6.66523
-6.68535
-6.70118
-6.70912
-6.71504
-6.71512
-6.71171
-6.70806
-6.70456
-6.70318
-6.70059
-6.69982
-6.70187
-6.70617
-6.708
-6.70908
-6.70724
-6.7005
-6.68774
-6.67119
-6.65091
-6.6312
-6.6159
-6.60272
-6.59983
-6.60455
-6.6155
-6.63192
-6.65009
-6.66706
-6.67905
-6.69071
-6.69534
-6.69581
-6.69376
-6.68499
-6.67643
-6.66688
-6.66287
-6.66128
-6.66595
-6.67068
-6.67828
-6.68253
-6.6822
-6.68068
-6.6748
-6.66719
-6.65809
-6.64482
-6.63028
-6.61515
-6.60248
-6.59513
-6.5898
-6.59514
-6.60539
-6.62198
-6.64223
-6.66211
-6.67779
-6.69524
-6.70876
-6.71829
-6.73151
-6.74271
-6.74907
-6.74932
-6.75062
-6.74096
-6.72416
-6.70287
-6.67697
-6.65102
-6.62885
-6.60997
-6.59701
-6.59558
-6.60329
-6.6154
-6.63234
-6.65126
-6.66701
-6.67871
-6.68434
-6.68475
-6.68284
-6.67823
-6.67179
-6.66804
-6.66591
-6.66578
-6.66719
-6.66911
-6.67247
-6.67707
-6.68318
-6.69282
-6.70118
-6.70636
-6.70585
-6.69893
-6.68076
-6.65485
-6.6226
-6.59243
-6.56822
-6.5537
-6.55247
-6.56294
-6.58005
-6.60646
-6.62906
-6.64668
-6.65483
-6.65428
-6.64868
-6.63862
-6.63218
-6.6357
-6.64739
-6.66774
-6.68969
-6.71638
-6.7406
-6.75997
-6.7766
-6.79304
-6.80682
-6.82107
-6.83249
-6.83536
-6.83031
-6.81783
-6.79428
-6.7595
-6.71752
-6.67321
-6.62643
-6.58195
-6.54013
-6.50419
-6.47666
-6.46139
-6.4553
-6.45649
-6.46674
-6.48487
-6.50775
-6.53773
-6.57056
-6.60738
-6.64374
-6.67501
-6.70511
-6.72782
-6.74107
-6.74325
-6.73683
-6.72363
-6.70712
-6.68969
-6.67393
-6.6644
-6.66272
-6.66581
-6.66938
-6.67514
-6.68387
-6.69518
-6.70592
-6.72309
-6.73997
-6.75389
-6.76319
-6.7672
-6.7679
-6.76675
-6.76135
-6.753
-6.73947
-6.71976
-6.69673
-6.66664
-6.63864
-6.61344
-6.59778
-6.58993
-6.59078
-6.60036
-6.61766
-6.64071
-6.66542
-6.68999
-6.712
-6.72794
-6.73338
-6.72937
-6.71694
-6.69466
-6.67296
-6.64943
-6.63192
-6.62164
-6.61828
-6.62399
-6.63113
-6.64588
-6.66108
-6.6773
-6.69045
-6.70325
-6.70863
-6.70653
-6.70123
-6.6902
-6.67173
-6.64888
-6.62573
-6.6048
-6.58899
-6.57858
-6.57564
-6.58565
-6.60564
-6.63452
-6.67075
-6.70705
-6.74111
-6.76582
-6.77804
-6.77945
-6.77134
-6.7495
-6.72231
-6.69275
-6.65971
-6.63201
-6.6103
-6.59754
-6.5918
-6.59625
-6.60814
-6.62759
-6.6478
-6.66448
-6.67665
-6.68308
-6.68231
-6.68004
-6.67243
-6.66172
-6.65282
-6.64854
-6.64946
-6.65692
-6.66894
-6.68419
-6.70063
-6.71458
-6.72463
-6.72978
-6.72885
-6.72723
-6.72412
-6.71455
-6.70243
-6.68795
-6.67058
-6.65097
-6.63194
-6.61669
-6.60771
-6.60627
-6.611
-6.61886
-6.62398
-6.62397
-6.61887
-6.60702
-6.5916
-6.58136
-6.57879
-6.5856
-6.59422
-6.60864
-6.62515
-6.64305
-6.66259
-6.67942
-6.69667
-6.71099
-6.71934
-6.72417
-6.72357
-6.72089
-6.71447
-6.706
-6.69284
-6.67757
-6.66207
-6.64513
-6.6302
-6.61875
-6.60843
-6.60249
-6.59994
-6.59555
-6.59269
-6.59033
-6.59059
-6.59673
-6.61144
-6.63207
-6.65845
-6.68718
-6.71773
-6.742
-6.76047
-6.7653
-6.75979
-6.74577
-6.72584
-6.70352
-6.6799
-6.66084
-6.64638
-6.63391
-6.62717
-6.61753
-6.60812
-6.60132
-6.59768
-6.60016
-6.60705
-6.62136
-6.64052
-6.65808
-6.67202
-6.68179
-6.68692
-6.68819
-6.68814
-6.69351
-6.69893
-6.70974
-6.72625
-6.74495
-6.76237
-6.77404
-6.77721
-6.77461
-6.76869
-6.75651
-6.74133
-6.73059
-6.71902
-6.71142
-6.70208
-6.69361
-6.68393
-6.67273
-6.65631
-6.63568
-6.61443
-6.592
-6.57001
-6.55057
-6.53689
-6.53515
-6.54908
-6.57837
-6.62021
-6.66854
-6.71768
-6.75539
-6.77672
-6.78613
-6.78082
-6.7588
-6.7262
-6.68489
-6.64614
-6.6127
-6.58784
-6.57684
-6.57643
-6.58246
-6.59733
-6.61189
-6.62228
-6.62976
-6.63613
-6.63892
-6.63818
-6.6422
-6.64642
-6.64923
-6.65275
-6.65674
-6.65686
-6.65511
-6.65063
-6.64028
-6.63263
-6.62625
-6.62768
-6.63597
-6.65058
-6.67074
-6.69002
-6.70606
-6.71401
-6.71572
-6.71083
-6.70106
-6.692
-6.68842
-6.69092
-6.70171
-6.71861
-6.74535
-6.76642
-6.78488
-6.79632
-6.79872
-6.79191
-6.77703
-6.75546
-6.72816
-6.69581
-6.65945
-6.62226
-6.59033
-6.56499
-6.54946
-6.5452
-6.54886
-6.55914
-6.57411
-6.58963
-6.60461
-6.6183
-6.63067
-6.64015
-6.6514
-6.65704
-6.65799
-6.65932
-6.65693
-6.65375
-6.64889
-6.6448
-6.64778
-6.65473
-6.67158
-6.68924
-6.70986
-6.7248
-6.73677
-6.73786
-6.72922
-6.71044
-6.69018
-6.66515
-6.64114
-6.62211
-6.611
-6.6038
-6.60441
-6.60853
-6.61261
-6.61908
-6.62597
-6.64078
-6.65869
-6.68107
-6.69731
-6.71119
-6.71632
-6.71769
-6.7173
-6.71513
-6.7143
-6.71334
-6.71403
-6.71453
-6.71419
-6.71195
-6.70558
-6.69509
-6.68003
-6.66526
-6.65007
-6.63786
-6.62995
-6.62733
-6.62747
-6.62665
-6.63172
-6.63011
-6.62592
-6.62212
-6.61443
-6.6085
-6.60814
-6.61072
-6.62286
-6.63729
-6.65413
-6.67581
-6.69605
-6.71873
-6.74355
-6.76929
-6.79392
-6.81153
-6.82273
-6.82438
-6.81504
-6.79209
-6.76083
-6.72458
-6.6869
-6.64909
-6.61172
-6.58072
-6.55635
-6.53276
-6.51576
-6.50573
-6.49762
-6.49207
-6.49097
-6.49555
-6.50616
-6.51992
-6.54095
-6.56364
-6.58936
-6.61907
-6.6493
-6.67278
-6.69508
-6.71258
-6.7206
-6.72368
-6.72067
-6.71082
-6.69918
-6.6832
-6.67045
-6.66237
-6.66017
-6.66261
-6.66758
-6.67774
-6.68771
-6.69832
-6.70955
-6.72389
-6.73626
-6.74807
-6.75966
-6.76508
-6.76516
-6.75556
-6.73869
-6.71704
-6.69184
-6.66164
-6.63126
-6.60437
-6.58701
-6.57609
-6.57561
-6.58299
-6.59478
-6.61024
-6.62575
-6.64319
-6.66058
-6.68033
-6.70054
-6.72105
-6.73976
-6.75522
-6.76366
-6.7655
-6.75957
-6.74805
-6.73121
-6.71015
-6.68891
-6.66644
-6.64213
-6.61697
-6.59444
-6.57508
-6.56103
-6.55272
-6.55153
-6.55709
-6.56715
-6.5805
-6.59338
-6.60665
-6.61695
-6.62854
-6.63862
-6.64268
-6.64345
-6.64431
-6.63879
-6.62949
-6.62147
-6.61588
-6.61457
-6.62009
-6.63416
-6.65287
-6.67476
-6.70113
-6.72945
-6.75125
-6.76838
-6.7775
-6.77599
-6.76225
-6.73852
-6.70798
-6.66979
-6.63418
-6.60169
-6.58094
-6.56887
-6.56724
-6.5786
-6.59714
-6.62082
-6.64571
-6.66452
-6.67436
-6.67642
-6.6711
-6.65917
-6.64295
-6.62738
-6.61385
-6.60215
-6.59643
-6.59038
-6.59011
-6.59284
-6.60152
-6.61256
-6.62371
-6.63563
-6.64813
-6.6567
-6.66572
-6.67412
-6.68498
-6.69403
-6.7069
-6.7196
-6.73161
-6.74594
-6.75839
-6.76463
-6.76566
-6.76245
-6.74931
-6.72874
-6.70199
-6.67291
-6.64273
-6.61633
-6.59468
-6.58311
-6.58273
-6.59158
-6.6028
-6.61751
-6.63124
-6.64503
-6.66048
-6.67872
-6.69497
-6.70884
-6.72162
-6.72928
-6.73258
-6.7295
-6.72754
-6.72629
-6.73029
-6.73634
-6.74521
-6.75035
-6.75197
-6.74665
-6.73151
-6.70699
-6.68009
-6.65019
-6.61941
-6.59331
-6.5718
-6.55673
-6.55325
-6.55601
-6.56417
-6.5765
-6.58859
-6.59597
-6.60036
-6.60009
-6.59794
-6.59304
-6.58839
-6.58465
-6.58373
-6.58824
-6.6001
-6.61514
-6.63233
-6.64932
-6.66345
-6.67558
-6.68713
-6.69352
-6.69831
-6.69941
-6.69994
-6.69614
-6.68688
-6.67613
-6.66403
-6.6523
-6.64089
-6.63506
-6.63245
-6.63078
-6.63271
-6.63712
-6.64512
-6.65876
-6.67769
-6.69564
-6.70992
-6.72167
-6.72554
-6.72191
-6.71277
-6.69753
-6.67934
-6.66495
-6.65067
-6.64287
-6.63846
-6.63491
-6.63166
-6.62738
-6.62318
-6.62331
-6.62425
-6.62878
-6.62986
-6.63294
-6.6374
-6.6405
-6.64382
-6.64706
-6.64697
-6.64358
-6.63736
-6.63124
-6.62549
-6.62156
-6.6186
-6.61811
-6.62043
-6.62378
-6.62866
-6.63228
-6.6355
-6.63382
-6.63545
-6.63747
-6.64244
-6.65004
-6.66187
-6.67834
-6.69239
-6.70304
-6.70986
-6.71039
-6.70855
-6.6998
-6.69271
-6.68777
-6.68165
-6.6768
-6.67758
-6.68171
-6.68764
-6.69292
-6.69454
-6.69658
-6.69344
-6.68459
-6.67644
-6.66548
-6.6537
-6.64183
-6.63556
-6.63882
-6.64517
-6.65381
-6.66231
-6.66326
-6.66157
-6.65818
-6.65589
-6.65999
-6.66897
-6.68064
-6.6936
-6.70283
-6.70824
-6.70808
-6.70459
-6.69306
-6.68178
-6.66678
-6.64868
-6.63547
-6.62932
-6.62672
-6.63103
-6.63813
-6.64218
-6.63996
-6.63843
-6.63425
-6.62916
-6.62522
-6.62676
-6.63297
-6.64276
-6.65965
-6.67287
-6.68329
-6.68836
-6.68503
-6.67756
-6.6691
-6.65663
-6.64479
-6.63853
-6.63747
-6.63828
-6.63513
-6.629
-6.61805
-6.60202
-6.588
-6.57532
-6.57119
-6.57533
-6.58351
-6.5988
-6.61586
-6.63368
-6.64894
-6.66267
-6.66841
-6.6748
-6.68311
-6.68937
-6.69532
-6.70411
-6.71353
-6.72002
-6.725
-6.72869
-6.73082
-6.73061
-6.72398
-6.71456
-6.70284
-6.69027
-6.67566
-6.66465
-6.65859
-6.65591
-6.65793
-6.6649
-6.67472
-6.68288
-6.6881
-6.69009
-6.69045
-6.68978
-6.6884
-6.68475
-6.67781
-6.66609
-6.65163
-6.63449
-6.61556
-6.60113
-6.58794
-6.58121
-6.57678
-6.57897
-6.58803
-6.6021
-6.6221
-6.64196
-6.66526
-6.68736
-6.70692
-6.72064
-6.72929
-6.73284
-6.727
-6.71686
-6.69991
-6.68221
-6.66491
-6.65002
-6.64248
-6.63939
-6.63445
-6.63226
-6.6309
-6.63033
-6.63072
-6.63462
-6.63868
-6.64363
-6.64823
-6.65155
-6.65558
-6.66068
-6.66536
-6.66949
-6.6776
-6.68516
-6.69426
-6.70399
-6.71271
-6.71415
-6.71345
-6.70538
-6.69399
-6.68286
-6.6655
-6.65675
-6.65211
-6.64766
-6.64737
-6.64916
-6.65555
-6.6573
-6.65955
-6.65488
-6.64975
-6.63655
-6.62219
-6.6037
-6.58559
-6.57047
-6.55613
-6.54756
-6.54754
-6.5555
-6.57163
-6.59567
-6.62203
-6.6518
-6.68073
-6.70161
-6.71912
-6.73052
-6.73954
-6.74465
-6.74766
-6.74676
-6.74421
-6.74013
-6.73297
-6.72388
-6.71824
-6.7187
-6.72307
-6.73099
-6.73676
-6.7397
-6.74085
-6.74045
-6.73258
-6.72208
-6.7112
-6.70058
-6.6928
-6.68374
-6.67783
-6.67099
-6.66439
-6.65994
-6.65285
-6.6462
-6.63694
-6.62523
-6.61479
-6.60433
-6.59652
-6.59468
-6.59714
-6.60791
-6.62126
-6.63794
-6.64985
-6.66085
-6.66601
-6.66396
-6.65784
-6.64719
-6.63621
-6.62638
-6.62163
-6.62668
-6.64179
-6.66396
-6.68998
-6.71423
-6.72959
-6.73679
-6.7285
-6.70443
-6.67133
-6.6342
-6.59742
-6.56808
-6.55047
-6.54604
-6.55045
-6.56136
-6.57798
-6.59499
-6.61159
-6.62479
-6.63862
-6.65092
-6.66567
-6.67998
-6.69734
-6.71724
-6.74045
-6.76423
-6.78593
-6.79974
-6.80645
-6.80631
-6.79699
-6.78155
-6.7615
-6.73697
-6.71064
-6.68254
-6.65251
-6.6206
-6.59115
-6.56254
-6.54152
-6.52609
-6.51913
-6.5214
-6.52861
-6.54377
-6.56558
-6.58959
-6.61687
-6.64082
-6.66255
-6.67848
-6.6861
-6.6855
-6.67474
-6.6618
-6.64657
-6.63371
-6.62938
-6.63086
-6.6361
-6.64571
-6.66044
-6.68373
-6.71104
-6.73556
-6.75609
-6.7666
-6.76371
-6.74813
-6.72509
-6.69683
-6.6692
-6.64857
-6.6358
-6.63372
-6.63999
-6.64814
-6.65873
-6.66875
-6.6756
-6.67437
-6.67014
-6.66614
-6.66031
-6.65639
-6.65598
-6.65784
-6.6649
-6.67038
-6.67556
-6.68296
-6.68965
-6.69725
-6.70676
-6.71641
-6.72698
-6.73118
-6.73243
-6.7286
-6.71974
-6.70068
-6.67642
-6.64313
-6.60484
-6.5647
-6.53379
-6.51359
-6.50896
-6.5152
-6.52905
-6.54743
-6.5658
-6.58742
-6.60349
-6.61779
-6.63064
-6.6458
-6.66154
-6.67451
-6.68489
-6.69122
-6.69404
-6.69265
-6.6871
-6.6801
-6.67306
-6.66712
-6.66056
-6.65909
-6.65886
-6.66726
-6.67773
-6.69318
-6.71542
-6.73654
-6.75797
-6.77348
-6.78386
-6.7848
-6.77959
-6.76865
-6.7521
-6.72965
-6.70547
-6.68324
-6.65976
-6.64026
-6.62369
-6.615
-6.61323
-6.6167
-6.62096
-6.62388
-6.62521
-6.61889
-6.60985
-6.59814
-6.58991
-6.5806
-6.58131
-6.59073
-6.60754
-6.63006
-6.65891
-6.68844
-6.7218
-6.75023
-6.775
-6.79
-6.79073
-6.78393
-6.76732
-6.74048
-6.70954
-6.67758
-6.64944
-6.62323
-6.60383
-6.58843
-6.57971
-6.57109
-6.56432
-6.56089
-6.56466
-6.57713
-6.59418
-6.61893
-6.64881
-6.67976
-6.70859
-6.73052
-6.74225
-6.7453
-6.73793
-6.72465
-6.70883
-6.69117
-6.67509
-6.66302
-6.6496
-6.63667
-6.62615
-6.61523
-6.60723
-6.6
-6.60009
-6.60562
-6.61929
-6.63672
-6.65725
-6.67583
-6.69121
-6.70135
-6.70843
-6.70978
-6.70908
-6.70823
-6.7123
-6.71502
-6.71658
-6.71495
-6.70623
-6.69432
-6.67886
-6.65815
-6.63768
-6.61714
-6.60209
-6.59173
-6.58794
-6.59
-6.59543
-6.60873
-6.6226
-6.63756
-6.65525
-6.67288
-6.68786
-6.70196
-6.70975
-6.71588
-6.71831
-6.71327
-6.7069
-6.69737
-6.68871
-6.681
-6.67487
-6.66946
-6.66567
-6.66389
-6.67086
-6.67785
-6.69106
-6.70309
-6.7129
-6.71663
-6.71201
-6.70131
-6.68294
-6.65944
-6.63261
-6.61028
-6.59307
-6.58155
-6.57466
-6.56959
-6.56625
-6.56242
-6.56236
-6.56444
-6.56783
-6.57633
-6.59222
-6.6092
-6.6304
-6.65211
-6.66936
-6.68538
-6.70013
-6.70917
-6.71391
-6.71395
-6.70783
-6.7008
-6.69269
-6.68836
-6.68952
-6.69706
-6.71316
-6.73345
-6.75805
-6.78085
-6.80489
-6.82534
-6.84049
-6.84816
-6.84272
-6.82419
-6.79395
-6.75554
-6.71123
-6.66745
-6.62214
-6.58729
-6.56498
-6.55544
-6.55981
-6.57231
-6.59093
-6.61119
-6.62688
-6.63352
-6.63076
-6.61716
-6.5973
-6.57484
-6.55537
-6.54892
-6.55963
-6.57862
-6.60061
-6.61856
-6.63192
-6.63751
-6.64052
-6.63884
-6.63751
-6.63761
-6.64401
-6.65371
-6.66651
-6.68143
-6.69929
-6.71396
-6.72648
-6.73845
-6.74214
-6.73514
-6.71548
-6.69105
-6.66382
-6.63088
-6.60131
-6.57659
-6.56039
-6.55202
-6.55418
-6.56525
-6.58462
-6.60856
-6.63944
-6.66685
-6.69084
-6.71053
-6.72448
-6.73009
-6.73493
-6.73305
-6.73053
-6.7274
-6.72035
-6.70833
-6.6942
-6.67518
-6.65929
-6.64886
-6.64161
-6.63991
-6.64825
-6.65705
-6.66686
-6.67795
-6.68839
-6.69764
-6.70921
-6.72201
-6.73149
-6.73534
-6.73496
-6.72981
-6.7152
-6.69722
-6.67436
-6.64858
-6.62245
-6.59793
-6.57657
-6.55884
-6.54431
-6.53758
-6.54116
-6.55223
-6.56876
-6.59236
-6.61752
-6.6397
-6.6622
-6.68367
-6.70361
-6.72235
-6.73987
-6.75147
-6.75992
-6.76763
-6.7738
-6.77856
-6.78091
-6.77431
-6.76365
-6.73951
-6.7073
-6.66658
-6.62036
-6.57058
-6.5254
-6.4901
-6.47372
-6.47423
-6.48923
-6.5121
-6.5414
-6.57176
-6.60035
-6.62692
-6.64904
-6.66976
-6.68681
-6.70134
-6.71108
-6.71963
-6.72524
-6.7308
-6.73756
