1.38665
1.40057
1.42238
1.44528
1.46348
1.47429
1.47846
1.47818
1.47375
1.4631
1.44499
1.42138
1.39652
1.37456
1.35811
1.34857
1.34687
1.35336
1.36693
1.38501
1.40441
1.42179
1.43332
1.43478
1.42333
1.39898
1.36487
1.32612
1.28865
1.25856
1.24161
1.24223
1.26162
1.29646
1.33995
1.38443
1.42349
1.45305
1.47136
1.47834
1.47485
1.46242
1.44349
1.42162
1.40031
1.38107
1.36236
1.34105
1.3151
1.28567
1.25693
1.23544
1.22927
1.24563
1.28706
1.34887
1.42071
1.49081
1.54983
1.59243
1.61676
1.62331
1.61381
1.59064
1.55653
1.51447
1.46754
1.41945
1.37521
1.3407
1.32042
1.31476
1.31869
1.32421
1.32531
1.3217
1.31809
1.32002
1.32931
1.34319
1.35726
1.36863
1.37733
1.38539
1.39521
1.40849
1.42604
1.44749
1.47032
1.4897
1.50037
1.49958
1.48899
1.47307
1.45644
1.44166
1.42928
1.41909
1.41141
1.40692
1.40556
1.40626
1.40751
1.40769
1.40462
1.39579
1.37886
1.3531
1.32058
1.28638
1.25742
1.2399
1.23666
1.24639
1.26499
1.28803
1.3121
1.33505
1.35559
1.37281
1.38595
1.39496
1.40159
1.40922
1.42086
1.43645
1.45218
1.46254
1.46411
1.45749
1.44615
1.43398
1.42309
1.41336
1.40332
1.39174
1.37862
1.36569
1.35579
1.35129
1.35281
1.35898
1.36727
1.37483
1.37955
1.38073
1.37949
1.37852
1.38103
1.38936
1.40391
1.42344
1.44608
1.46972
1.49145
1.50743
1.51401
1.50963
1.49565
1.47581
1.45478
1.43662
1.42321
1.41368
1.40522
1.39463
1.38033
1.36374
1.3494
1.3426
1.34539
1.35434
1.36304
1.36646
1.36339
1.35627
1.34926
1.3464
1.35049
1.36249
1.38101
1.40194
1.41977
1.43019
1.43261
1.42984
1.42517
1.41908
1.40832
1.38902
1.3616
1.33211
1.30842
1.29598
1.29686
1.31045
1.33394
1.3631
1.39358
1.4224
1.44832
1.47086
1.48903
1.5008
1.50405
1.49834
1.4857
1.46991
1.45479
1.44259
1.43298
1.4237
1.41184
1.39536
1.37393
1.34872
1.32217
1.29791
1.28089
1.27671
1.28891
1.31631
1.35315
1.39284
1.43093
1.46549
1.49553
1.51975
1.53629
1.54305
1.53802
1.51983
1.48852
1.44668
1.40022
1.35702
1.32368
1.30287
1.29351
1.29341
1.30085
1.31461
1.33348
1.35616
1.38107
1.40613
1.42871
1.44588
1.45507
1.45424
1.442
1.41752
1.38109
1.33574
1.2886
1.25006
1.22988
1.23197
1.25292
1.28503
1.32067
1.35456
1.38377
1.40701
1.4241
1.43563
1.44266
1.44643
1.44817
1.44874
1.44907
1.45056
1.45517
1.46471
1.4795
1.49707
1.51188
1.51735
1.50883
1.48504
1.44855
1.4054
1.36445
1.33564
1.32543
1.33321
1.35256
1.37603
1.39843
1.41647
1.42744
1.42928
1.42176
1.40756
1.39184
1.38046
1.37775
1.38508
1.40073
1.42016
1.43719
1.44586
1.44232
1.42632
1.40178
1.37635
1.35887
1.35483
1.36251
1.37359
1.37824
1.3698
1.34709
1.31473
1.28204
1.25946
1.25401
1.26721
1.29608
1.33482
1.37606
1.41267
1.43956
1.45463
1.45846
1.45353
1.44317
1.43024
1.41678
1.40498
1.3986
1.40218
1.41776
1.44244
1.46999
1.49448
1.5125
1.52269
1.52441
1.5168
1.49941
1.47355
1.44293
1.41238
1.38641
1.36858
1.36154
1.366
1.37956
1.39741
1.41482
1.42957
1.44243
1.45549
1.47015
1.48643
1.50331
1.51889
1.53018
1.53312
1.52381
1.50024
1.46335
1.41641
1.36427
1.3131
1.26976
1.24028
1.22822
1.23449
1.25828
1.29723
1.34672
1.39953
1.44717
1.48172
1.49762
1.49274
1.46966
1.43596
1.40171
1.37406
1.35452
1.34118
1.33213
1.32631
1.32328
1.3226
1.32368
1.32611
1.3301
1.33686
1.34881
1.36854
1.39737
1.43464
1.4773
1.5203
1.55681
1.5788
1.57825
1.54893
1.48935
1.40671
1.31839
1.24476
1.19754
1.17855
1.18528
1.21283
1.25378
1.29991
1.34468
1.38477
1.41981
1.45013
1.4746
1.4905
1.49533
1.48811
1.46954
1.44189
1.40902
1.37629
1.34983
1.33529
1.33616
1.35206
1.37834
1.40812
1.43551
1.45719
1.47206
1.48
1.4809
1.4751
1.4639
1.44869
1.42896
1.4025
1.36936
1.33514
1.30863
1.2963
1.29853
1.31094
1.32827
1.34713
1.36671
1.3884
1.41433
1.44559
1.48045
1.51416
1.54119
1.55834
1.56602
1.56635
1.5612
1.55112
1.53581
1.51452
1.48683
1.45343
1.41691
1.38158
1.35235
1.33272
1.32305
1.32088
1.32272
1.32609
1.32998
1.33366
1.33569
1.33471
1.33091
1.32662
1.32529
1.32929
1.33836
1.34964
1.35935
1.36502
1.36699
1.36811
1.37164
1.3792
1.39011
1.40251
1.41462
1.4255
1.43513
1.44393
1.45209
1.45901
1.46311
1.46239
1.45503
1.44024
1.41845
1.39105
1.36036
1.33018
1.30661
1.29702
1.30571
1.32897
1.35613
1.37628
1.3841
1.38165
1.37533
1.37012
1.36579
1.35876
1.34675
1.33162
1.31958
1.31878
1.33408
1.36266
1.39502
1.42112
1.43538
1.43697
1.42752
1.40947
1.38597
1.36183
1.34347
1.33721
1.34662
1.37137
1.40815
1.4527
1.50048
1.54594
1.58201
1.60134
1.59841
1.57124
1.52209
1.45819
1.3921
1.33964
1.31434
1.31968
1.34707
1.38195
1.4118
1.43006
1.4359
1.43188
1.42025
1.4013
1.37516
1.34547
1.32007
1.30765
1.31263
1.33246
1.35963
1.38647
1.40846
1.42473
1.43654
1.44536
1.45156
1.45453
1.45399
1.45066
1.44539
1.43812
1.42817
1.41585
1.4038
1.39601
1.39439
1.39646
1.39713
1.39253
1.38282
1.37287
1.36953
1.37715
1.39578
1.42328
1.45605
1.48848
1.51423
1.52844
1.52846
1.51424
1.48837
1.45505
1.41737
1.37562
1.32958
1.28557
1.25876
1.25756
1.27096
1.28254
1.28614
1.28522
1.28632
1.29429
1.30984
1.32965
1.34794
1.35945
1.36348
1.36596
1.37484
1.39188
1.41207
1.42938
1.43916
1.43818
1.42575
1.40503
1.38265
1.36639
1.36258
1.37425
1.40068
1.43753
1.47773
1.51306
1.53675
1.54516
1.53821
1.51848
1.49019
1.45798
1.42603
1.39751
1.37472
1.35891
1.34977
1.34652
1.35008
1.36215
1.38209
1.40569
1.42694
1.44083
1.44536
1.44228
1.4361
1.43212
1.43371
1.44044
1.44834
1.45246
1.45043
1.44527
1.44367
1.44944
1.45932
1.46629
1.4654
1.456
1.44068
1.4233
1.40745
1.39473
1.38371
1.37088
1.35417
1.33669
1.32584
1.32645
1.33549
1.34559
1.35106
1.34929
1.33987
1.32408
1.30465
1.28547
1.27131
1.26712
1.27668
1.29963
1.32955
1.35686
1.37482
1.38317
1.38678
1.39134
1.40008
1.41348
1.42987
1.44639
1.46032
1.47035
1.47679
1.48073
1.4828
1.48298
1.48114
1.47751
1.47252
1.4664
1.45964
1.45373
1.45132
1.45463
1.46329
1.47389
1.48168
1.48243
1.47329
1.45297
1.42162
1.38135
1.33668
1.29416
1.2607
1.24155
1.23892
1.25188
1.27744
1.31167
1.35006
1.38759
1.41953
1.44304
1.45822
1.4672
1.47172
1.47168
1.46628
1.4558
1.44174
1.42579
1.40991
1.397
1.39086
1.39491
1.40947
1.43041
1.45111
1.46575
1.47164
1.46927
1.46104
1.44937
1.43531
1.41827
1.39701
1.37082
1.34136
1.31346
1.29396
1.28762
1.29415
1.30975
1.33049
1.35342
1.37609
1.39627
1.41199
1.42145
1.42284
1.41444
1.39525
1.3661
1.33042
1.294
1.2639
1.2464
1.24489
1.25855
1.28285
1.31106
1.33635
1.3536
1.36085
1.35956
1.354
1.34953
1.35042
1.35858
1.3739
1.39543
1.42197
1.45137
1.47972
1.50207
1.51462
1.51671
1.51143
1.50387
1.49857
1.49714
1.49787
1.49683
1.49
1.47507
1.45278
1.42686
1.40281
1.38585
1.37887
1.38175
1.39219
1.40648
1.42035
1.43052
1.4357
1.43714
1.43757
1.43925
1.44252
1.44556
1.4459
1.44184
1.4332
1.42134
1.40807
1.39431
1.37975
1.3642
1.34869
1.33442
1.32106
1.30662
1.28918
1.2691
1.25025
1.23949
1.24404
1.26765
1.3077
1.35576
1.40156
1.43715
1.45915
1.46893
1.47121
1.47183
1.47519
1.48268
1.49273
1.50189
1.50632
1.50287
1.48979
1.46795
1.44137
1.41605
1.39701
1.38607
1.38245
1.3843
1.38977
1.39777
1.40826
1.42141
1.43549
1.44681
1.45207
1.45068
1.44412
1.43389
1.42046
1.40367
1.38377
1.36285
1.34548
1.33738
1.34215
1.35831
1.37957
1.39812
1.40855
1.4095
1.40275
1.39134
1.37889
1.36947
1.36705
1.37335
1.38587
1.39838
1.40386
1.39789
1.38034
1.35457
1.3256
1.29828
1.27612
1.26033
1.25013
1.2442
1.24257
1.24704
1.26033
1.2847
1.32082
1.36701
1.4191
1.4709
1.51542
1.54613
1.55832
1.55026
1.52364
1.48338
1.43675
1.39087
1.35014
1.31648
1.29164
1.27799
1.27696
1.28806
1.3092
1.33817
1.37384
1.41572
1.46158
1.50667
1.54519
1.57248
1.58609
1.58592
1.57338
1.55067
1.51981
1.48264
1.44178
1.40089
1.36432
1.33584
1.31701
1.30558
1.29652
1.28587
1.27372
1.26452
1.26468
1.27877
1.3063
1.34101
1.37405
1.39824
1.41073
1.41283
1.40853
1.40282
1.40059
1.40565
1.41936
1.43954
1.46065
1.47602
1.48059
1.47274
1.45462
1.43113
1.40799
1.39001
1.37959
1.37668
1.37941
1.38523
1.39203
1.39843
1.40377
1.40747
1.40906
1.40846
1.40638
1.40429
1.40427
1.40845
1.418
1.43214
1.44851
1.4642
1.47666
1.48365
1.48387
1.47806
1.46917
1.46058
1.45373
1.44762
1.43963
1.42659
1.40554
1.37454
1.33382
1.28724
1.24295
1.21086
1.19767
1.20375
1.22479
1.25543
1.29156
1.33066
1.37136
1.41303
1.45483
1.4947
1.52912
1.55366
1.5647
1.56116
1.54546
1.52312
1.50104
1.48448
1.47478
1.46939
1.46396
1.45461
1.43945
1.41927
1.39726
1.3782
1.36663
1.36425
1.3687
1.37457
1.37621
1.36974
1.35341
1.32821
1.29869
1.27267
1.25897
1.26407
1.28904
1.3291
1.37615
1.42154
1.45794
1.48003
1.48465
1.47115
1.44224
1.40445
1.36709
1.33876
1.3241
1.32299
1.33275
1.35069
1.37495
1.40403
1.43585
1.46708
1.49309
1.50921
1.51231
1.50188
1.48005
1.45021
1.41566
1.37951
1.34538
1.31704
1.29745
1.28993
1.29848
1.32443
1.36286
1.40446
1.44067
1.46646
1.48013
1.48273
1.47771
1.47029
1.46589
1.46783
1.47579
1.48583
1.49218
1.48957
1.47553
1.45196
1.42542
1.40551
1.40043
1.41206
1.43507
1.46058
1.48046
1.48955
1.48622
1.47188
1.44971
1.42299
1.39434
1.36555
1.33822
1.3144
1.29613
1.28461
1.27954
1.27946
1.28265
1.28821
1.29676
1.3104
1.33142
1.3606
1.39615
1.43391
1.46862
1.49501
1.50846
1.50575
1.4865
1.45505
1.42044
1.39268
1.37751
1.3743
1.37817
1.38332
1.38621
1.38678
1.38803
1.39395
1.4074
1.42841
1.45352
1.47685
1.49211
1.49455
1.48165
1.45385
1.41508
1.37354
1.34036
1.32536
1.3331
1.36135
1.40125
1.43998
1.46597
1.473
1.46056
1.43279
1.39727
1.36405
1.34274
1.33708
1.342
1.34794
1.3492
1.34703
1.34608
1.34964
1.3584
1.372
1.39003
1.41154
1.43368
1.45196
1.46264
1.46606
1.4667
1.46956
1.4759
1.48278
1.48558
1.48083
1.46786
1.44879
1.42789
1.40941
1.3953
1.38437
1.3737
1.3606
1.34363
1.32285
1.30029
1.28019
1.26712
1.2627
1.26543
1.27404
1.28828
1.30675
1.326
1.34183
1.35101
1.35233
1.34712
1.3392
1.3337
1.3346
1.3432
1.35818
1.37717
1.39758
1.41653
1.43104
1.43876
1.43818
1.42847
1.40984
1.38427
1.35602
1.33047
1.31201
1.30185
1.29808
1.29786
1.29971
1.3039
1.31143
1.32259
1.33596
1.34908
1.36024
1.36995
1.38001
1.39084
1.40039
1.40627
1.40792
1.40661
1.40446
1.40361
1.40581
1.41218
1.42296
1.43731
1.45364
1.47083
1.48862
1.50689
1.52437
1.53861
1.54672
1.54668
1.538
1.52206
1.50149
1.47924
1.45782
1.4385
1.42105
1.40441
1.388
1.37255
1.35982
1.35124
1.34699
1.34544
1.3438
1.33952
1.33185
1.3225
1.31477
1.31147
1.31325
1.31858
1.3246
1.32819
1.32709
1.32094
1.31136
1.30079
1.29132
1.28438
1.28104
1.2825
1.29006
1.30518
1.32907
1.36109
1.39736
1.43109
1.45477
1.4625
1.45141
1.42232
1.3799
1.33243
1.29077
1.26633
1.26768
1.29684
1.34793
1.40917
1.46723
1.51151
1.53649
1.54205
1.53203
1.5121
1.48789
1.46382
1.44208
1.42286
1.40611
1.39342
1.38796
1.39202
1.40498
1.42327
1.44272
1.46136
1.48018
1.50113
1.52358
1.54282
1.55207
1.54574
1.52151
1.48118
1.43056
1.37797
1.33143
1.29574
1.27145
1.25695
1.25148
1.25655
1.27456
1.30618
1.34863
1.39607
1.44101
1.47572
1.49402
1.49319
1.4747
1.44328
1.40591
1.37029
1.3433
1.32873
1.32623
1.33197
1.34069
1.34771
1.35013
1.34698
1.33888
1.32774
1.31707
1.31139
1.31466
1.32841
1.35124
1.37936
1.40805
1.43285
1.45052
1.45996
1.46286
1.46336
1.46579
1.4721
1.48141
1.49159
1.5009
1.50834
1.51335
1.51508
1.51202
1.50224
1.48428
1.45805
1.42549
1.39071
1.35987
1.33965
1.33416
1.34227
1.35787
1.37316
1.38215
1.38208
1.37294
1.35701
1.33833
1.32224
1.31366
1.31528
1.32647
1.34339
1.36011
1.3709
1.37276
1.36667
1.35682
1.34801
1.34312
1.34217
1.34321
1.34445
1.34578
1.34872
1.35488
1.3641
1.37479
1.38545
1.39556
1.40484
1.41229
1.41594
1.41348
1.40396
1.38919
1.37358
1.3615
1.35393
1.34789
1.33969
1.32794
1.31467
1.30551
1.30815
1.32853
1.36562
1.41073
1.45292
1.48457
1.5027
1.50734
1.4999
1.48239
1.4573
1.42784
1.39796
1.37165
1.3515
1.33767
1.32875
1.32339
1.32195
1.32645
1.33878
1.35832
1.38124
1.40265
1.41933
1.43022
1.43548
1.43563
1.43183
1.42565
1.41807
1.40857
1.39572
1.37894
1.35959
1.34048
1.3244
1.31276
1.30539
1.30188
1.30374
1.3148
1.33776
1.37
1.40359
1.43022
1.44509
1.44766
1.43998
1.42495
1.40538
1.3841
1.36465
1.35101
1.34635
1.35136
1.36389
1.3797
1.39452
1.40553
1.41108
1.41052
1.40415
1.39314
1.37919
1.36415
1.35007
1.33931
1.33399
1.3348
1.34067
1.34987
1.36146
1.37525
1.39061
1.40576
1.41827
1.42604
1.4287
1.42796
1.42689
1.42848
1.43443
1.44493
1.4585
1.47195
1.4807
1.48022
1.46818
1.44622
1.41979
1.39617
1.38135
1.37764
1.38368
1.39605
1.41084
1.42431
1.43313
1.4351
1.43095
1.42435
1.4194
1.41755
1.41696
1.41448
1.40785
1.39713
1.38468
1.37378
1.36699
1.36489
1.36644
1.36997
1.37396
1.37801
1.38314
1.39142
1.40467
1.42281
1.44311
1.46106
1.47223
1.47445
1.46848
1.45698
1.44264
1.42716
1.41186
1.3986
1.38961
1.38591
1.38658
1.38962
1.39331
1.39649
1.39842
1.39875
1.39827
1.39892
1.40218
1.40756
1.41298
1.41651
1.41694
1.41358
1.40655
1.39675
1.38509
1.37193
1.35743
1.34246
1.32873
1.3176
1.30898
1.30216
1.29787
1.29889
1.30822
1.32602
1.34842
1.36938
1.38335
1.38676
1.37836
1.35958
1.3349
1.31118
1.29511
1.29003
1.2953
1.30822
1.32629
1.3478
1.37135
1.39481
1.41476
1.4275
1.43079
1.42545
1.41537
1.4055
1.39827
1.39252
1.38606
1.37889
1.37361
1.37359
1.38087
1.39484
1.41273
1.43109
1.44716
1.459
1.46481
1.46406
1.45901
1.45396
1.45233
1.4546
1.45858
1.46129
1.46055
1.45544
1.44591
1.43189
1.41296
1.38894
1.36108
1.3325
1.30718
1.28769
1.27412
1.2659
1.26399
1.27101
1.28978
1.32081
1.36009
1.40023
1.43452
1.4593
1.47343
1.47732
1.47239
1.46086
1.44594
1.43092
1.41814
1.40833
1.40088
1.39455
1.38775
1.37859
1.36584
1.35048
1.33623
1.32875
1.3325
1.34675
1.36563
1.38285
1.39468
1.40002
1.40004
1.39778
1.39685
1.39875
1.40167
1.40204
1.39784
1.39016
1.38196
1.37583
1.37302
1.3735
1.37643
1.38085
1.3872
1.39761
1.41424
1.43637
1.45911
1.47556
1.48025
1.47171
1.45311
1.43107
1.41334
1.40572
1.40917
1.41941
1.42993
1.43558
1.43469
1.42861
1.42018
1.41231
1.40711
1.40528
1.40616
1.40815
1.40976
1.4107
1.41231
1.41708
1.42765
1.44571
1.47063
1.4988
1.52504
1.54481
1.55508
1.55387
1.53996
1.51343
1.47653
1.43332
1.38839
1.345
1.30437
1.26654
1.23252
1.20591
1.19243
1.1972
1.22207
1.2644
1.31766
1.37299
1.42181
1.45789
1.47817
1.4827
1.47469
1.46029
1.44735
1.44209
1.44626
1.45674
1.46761
1.47292
1.46927
1.45746
1.44228
1.43013
1.42621
1.43176
1.44316
1.45407
1.45908
1.45616
1.44659
1.43341
1.41936
1.40644
1.39677
1.39284
1.39532
1.401
1.4048
1.40418
1.40014
1.39409
1.38603
1.37638
1.36755
1.36272
1.36363
1.36991
1.38014
1.39298
1.40694
1.41919
1.42553
1.42231
1.40876
1.38776
1.36452
1.34425
1.33039
1.32373
1.32272
1.32514
1.33065
1.34183
1.36296
1.39681
1.44174
1.49073
1.53399
1.56353
1.5755
1.56972
1.54803
1.51351
1.47022
1.42314
1.37786
1.33947
1.31176
1.29692
1.29521
1.30494
1.32326
1.34686
1.37223
1.39581
1.41447
1.42624
1.43128
1.43159
1.42943
1.42643
1.4236
1.42156
1.4198
1.41617
1.40825
1.39564
1.38088
1.36842
1.36247
1.36498
1.37477
1.38819
1.40082
1.40882
1.40999
1.40413
1.39199
1.37399
1.3512
1.32783
1.31108
1.308
1.32199
1.35154
1.39103
1.4329
1.47032
1.49898
1.51691
1.52345
1.51811
1.50106
1.47454
1.44402
1.4165
1.39609
1.38129
1.36747
1.35203
1.33736
1.32958
1.33406
1.35101
1.37533
1.40051
1.42219
1.43914
1.45226
1.46303
1.47169
1.47635
1.47368
1.46059
1.43647
1.40435
1.37044
1.34142
1.3213
1.31021
1.30577
1.30531
1.30726
1.31141
1.31854
1.32964
1.34525
1.36488
1.38676
1.40803
1.42534
1.43508
1.43393
1.41991
1.39405
1.36157
1.33032
1.30605
1.28912
1.27661
1.26733
1.26495
1.27544
1.30043
1.33476
1.37001
1.39946
1.42019
1.43276
1.43933
1.44251
1.44491
1.44867
1.45515
1.46433
1.47518
1.48672
1.4988
1.51175
1.52481
1.53533
1.53973
1.53536
1.52208
1.50263
1.48228
1.46668
1.4583
1.45448
1.45
1.44096
1.42656
1.40879
1.39096
1.37589
1.36431
1.35479
1.34465
1.33136
1.31366
1.29279
1.27284
1.25927
1.25679
1.26735
1.28951
1.31931
1.35138
1.38035
1.40292
1.4196
1.43373
1.44775
1.46028
1.46801
1.46972
1.46751
1.46439
1.46181
1.45962
1.45739
1.45504
1.45217
1.44748
1.4392
1.42575
1.40679
1.38425
1.36206
1.34395
1.33205
1.32752
1.3298
1.33541
1.33902
1.33682
1.32834
1.3158
1.3031
1.29604
1.30146
1.32284
1.35589
1.3905
1.41761
1.434
1.44203
1.44669
1.45232
1.46106
1.47271
1.48519
1.49539
1.50016
1.49769
1.48868
1.47662
1.4665
1.46253
1.46562
1.47297
1.47955
1.48056
1.47316
1.45708
1.43432
1.40845
1.38364
1.36319
1.34797
1.33612
1.32436
1.31037
1.29505
1.28244
1.2773
1.28238
1.29707
1.31774
1.33978
1.35969
1.37549
1.3861
1.39065
1.38852
1.38007
1.36732
1.35399
1.34448
1.34202
1.34726
1.35787
1.36996
1.37971
1.3842
1.38146
1.37062
1.35255
1.33043
1.30925
1.29434
1.29018
1.29986
1.32389
1.35809
1.3938
1.42159
1.43564
1.43586
1.42657
1.41327
1.39964
1.38649
1.3734
1.36045
1.34854
1.33876
1.33197
1.32917
1.3314
1.33905
1.35108
1.36597
1.3831
1.40324
1.42741
1.45526
1.48407
1.50965
1.52813
1.5379
1.54017
1.53803
1.53428
1.52997
1.52376
1.51323
1.49659
1.4739
1.44774
1.42282
1.40486
1.39852
1.40449
1.41805
1.43113
1.43768
1.43804
1.43804
1.44223
1.44842
1.44977
1.44085
1.42044
1.39034
1.35472
1.31948
1.29081
1.27277
1.26684
1.27276
1.289
1.31253
1.33931
1.36547
1.38816
1.40512
1.41451
1.41562
1.41026
1.40201
1.39322
1.3846
1.37721
1.37215
1.36848
1.36447
1.36117
1.36279
1.37367
1.39521
1.42454
1.45556
1.48146
1.49725
1.50174
1.49816
1.49178
1.48577
1.47906
1.46861
1.45293
1.43345
1.41306
1.39448
1.37969
1.37024
1.36696
1.36892
1.37295
1.37519
1.37344
1.36894
1.36554
1.3669
1.37361
1.3825
1.3885
1.38762
1.37869
1.36361
1.34644
1.3321
1.32499
1.32764
1.33963
1.35769
1.37708
1.39324
1.40279
1.40428
1.39833
1.38797
1.37833
1.37449
1.37813
1.38635
1.39455
1.39944
1.39988
1.39563
1.38665
1.37328
1.35707
1.34122
1.33024
1.32863
1.33858
1.35816
1.382
1.40388
1.41955
1.4277
1.4292
1.42605
1.42102
1.4166
1.4135
1.40961
1.4021
1.39039
1.37744
1.36831
1.3679
1.37875
1.40013
1.42865
1.46007
1.49094
1.51855
1.53991
1.55126
1.54928
1.53312
1.50475
1.46794
1.42721
1.38877
1.36059
1.34945
1.35633
1.37499
1.39529
1.40804
1.40836
1.39644
1.37662
1.35551
1.33982
1.33439
1.34082
1.35756
1.38095
1.40608
1.4278
1.44179
1.44556
1.43908
1.42476
1.40612
1.38611
1.36635
1.34805
1.33332
1.32559
1.32788
1.34078
1.36128
1.38386
1.40292
1.41471
1.41758
1.41104
1.39503
1.37034
1.34015
1.31126
1.29278
1.29297
1.31573
1.35881
1.41435
1.47157
1.52024
1.55306
1.5665
1.56088
1.5392
1.50534
1.46233
1.41214
1.35701
1.30094
1.24995
1.21097
1.18998
1.19025
1.21098
1.2468
1.28877
1.32758
1.35666
1.37386
1.38143
1.38465
1.38938
1.39965
1.41581
1.43513
1.45363
1.46823
1.4774
1.48047
1.47638
1.4633
1.43964
1.40546
1.36294
1.31676
1.27392
1.24162
1.22463
1.22434
1.23944
1.26684
1.30289
1.34429
1.38792
1.43013
1.46679
1.49477
1.51315
1.52286
1.52562
1.52346
1.51931
1.51622
1.51586
1.51746
1.51914
1.5205
1.52438
1.53508
1.55369
1.57529
1.59035
1.58959
1.56931
1.5332
1.48961
1.44663
1.40887
1.37682
1.34826
1.32012
1.29065
1.2612
1.23673
1.22342
1.22505
1.24131
1.26857
1.30117
1.33322
1.36055
1.3814
1.3949
1.39964
1.39452
1.38092
1.3637
1.35019
1.34733
1.35749
1.3767
1.3973
1.41241
1.41855
1.41591
1.40747
1.39698
1.38735
1.38015
1.37563
1.37245
1.36793
1.35978
1.349
1.34158
1.34503
1.36078
1.38278
1.40357
1.41862
1.4263
1.42748
1.425
1.42248
1.42197
1.42275
1.42306
1.42214
1.42005
1.41639
1.41098
1.40501
1.39996
1.39641
1.39489
1.39721
1.40571
1.42128
1.44204
1.46392
1.48224
1.49291
1.49352
1.48401
1.46635
1.44355
1.41895
1.39551
1.37528
1.3592
1.34761
1.34061
1.33798
1.33909
1.34333
1.35034
1.35991
1.37122
1.38239
1.39114
1.39587
1.39612
1.39188
1.38258
1.36702
1.34512
1.32067
1.3033
1.30408
1.32467
1.35462
1.38194
1.40074
1.41032
1.41188
1.40683
1.39632
1.38148
1.36382
1.34572
1.33037
1.32138
1.32195
1.3342
1.35827
1.39073
1.42409
1.44945
1.46059
1.45636
1.4405
1.41956
1.39961
1.38384
1.3724
1.36463
1.362
1.36815
1.38502
1.40848
1.43007
1.44276
1.4444
1.43731
1.42679
1.42013
1.42441
1.44177
1.46707
1.49222
1.51176
1.52313
1.52456
1.51539
1.49798
1.4766
1.45244
1.42286
1.38711
1.34985
1.31848
1.29877
1.29274
1.29902
1.31397
1.33327
1.35305
1.36998
1.3814
1.38618
1.38575
1.38426
1.38652
1.39512
1.40884
1.42355
1.43466
1.43889
1.43481
1.42258
1.40334
1.37907
1.35273
1.3283
1.31036
1.30291
1.30814
1.3255
1.35179
1.38199
1.41088
1.43379
1.44694
1.44785
1.43609
1.41378
1.38515
1.35509
1.32786
1.30678
1.2944
1.29236
1.30066
1.3175
1.33996
1.36474
1.38797
1.40562
1.4146
1.41404
1.40558
1.39286
1.38025
1.3718
1.36936
1.37135
1.37355
1.37177
1.36391
1.35016
1.33247
1.31435
1.30044
1.29505
1.29986
1.31276
1.32941
1.34643
1.3635
1.38275
1.4066
1.43582
1.46868
1.50181
1.53139
1.55412
1.56782
1.57127
1.56406
1.54707
1.52313
1.4966
1.47223
1.4533
1.44071
1.43335
1.42932
1.42736
1.42744
1.4297
1.43265
1.43324
1.42966
1.42321
1.41729
1.41496
1.41717
1.42243
1.42708
1.42635
1.41569
1.3924
1.3574
1.31613
1.27736
1.24989
1.23928
1.24612
1.26666
1.295
1.32562
1.35456
1.37892
1.3963
1.40459
1.40261
1.391
1.3724
1.35135
1.3335
1.32415
1.32656
1.34082
1.36344
1.38826
1.40784
1.41565
1.40826
1.38641
1.35449
1.31896
1.2868
1.26423
1.25531
1.26022
1.27523
1.29537
1.31738
1.34015
1.36339
1.38636
1.40758
1.42551
1.43895
1.44676
1.44806
1.44292
1.4334
1.42275
1.41294
1.40307
1.39117
1.3772
1.36359
1.35343
1.34842
1.34832
1.35155
1.35623
1.36134
1.36743
1.37634
1.39013
1.40973
1.43406
1.46019
1.48385
1.50039
1.50556
1.49628
1.47168
1.43378
1.38795
1.34218
1.30583
1.28697
1.28922
1.31044
1.34463
1.3848
1.42486
1.45975
1.48468
1.49521
1.48899
1.46829
1.44079
1.41579
1.39822
1.3871
1.37925
1.37272
1.36686
1.36127
1.35527
1.34849
1.34176
1.33742
1.33764
1.34252
1.35004
1.35819
1.36674
1.37679
1.39001
1.40752
1.42841
1.44876
1.4627
1.46504
1.45399
1.43251
1.40769
1.38797
1.379
1.38101
1.38943
1.39819
1.40356
1.40566
1.40695
1.41021
1.41696
1.42708
1.43887
1.45004
1.4586
1.46283
1.46133
1.45291
1.43711
1.41464
1.38751
1.35941
1.3352
1.3195
1.31471
1.31999
1.33185
1.34593
1.35917
1.37089
1.3815
1.38961
1.39148
1.38408
1.36771
1.3461
1.32435
1.30705
1.29757
1.29799
1.30969
1.33377
1.37062
1.41868
1.47308
1.52598
1.56902
1.59583
1.60311
1.59018
1.55793
1.50871
1.4473
1.38278
1.32797
1.29586
1.29443
1.32306
1.3723
1.42795
1.4767
1.50936
1.52157
1.51338
1.48918
1.45695
1.42564
1.40169
1.38674
1.37823
1.37248
1.3675
1.36354
1.36209
1.36477
1.37221
1.38319
1.39493
1.40439
1.40995
1.41227
1.4134
1.41406
1.41189
1.40274
1.3846
1.36082
1.33949
1.32903
1.33286
1.34778
1.36692
1.38389
1.39539
1.40149
1.40462
1.40728
1.41018
1.412
1.41082
1.40578
1.39798
1.39012
1.38523
1.38532
1.39045
1.39856
1.4061
1.40947
1.40686
1.39932
1.38993
1.38204
1.37757
1.37658
1.37827
1.38221
1.38813
1.39548
1.40408
1.4148
1.42837
1.44357
1.45729
1.46615
1.46814
1.4631
1.4534
1.44367
1.43915
1.44303
1.45507
1.47156
1.48619
1.49145
1.48075
1.45097
1.40467
1.35067
1.30246
1.27326
1.27061
1.29448
1.33925
1.39551
1.45161
1.49651
1.52323
1.53048
1.52174
1.5033
1.48183
1.46248
1.44752
1.43612
1.42611
1.41656
1.40901
1.40557
1.4063
1.4087
1.40937
1.40559
1.39522
1.3769
1.35285
1.33155
1.32618
1.34528
1.38415
1.42829
1.46339
1.48108
1.48028
1.46628
1.44823
1.43362
1.42436
1.4178
1.41093
1.40306
1.3958
1.39134
1.39095
1.3942
1.3989
1.40164
1.39881
1.38774
1.36776
1.34119
1.31347
1.29224
1.2843
1.29221
1.31313
1.3409
1.36936
1.39451
1.41479
1.43014
1.44096
1.44707
1.44768
1.44194
1.42997
1.41341
1.39501
1.37732
1.36148
1.34725
1.33398
1.32183
1.31168
1.3037
1.29679
1.2892
1.28047
1.27295
1.272
1.28415
1.31373
1.35956
1.41451
1.46875
1.51349
1.5434
1.55689
1.55489
1.53945
1.51323
1.47982
1.44456
1.41446
1.3947
1.38375
1.37463
1.36246
1.34936
1.34216
1.34688
1.36377
1.3875
1.41163
1.43245
1.44908
1.46111
1.46693
1.4642
1.45142
1.42966
1.40307
1.37751
1.35829
1.34814
1.34725
1.35449
1.36852
1.3874
1.4083
1.42809
1.44455
1.45681
1.46463
1.46799
1.46665
1.46021
1.44866
1.43298
1.41511
1.39765
1.38325
1.3743
1.37229
1.37695
1.3861
1.39748
1.41091
1.42706
1.44333
1.45435
1.45675
1.45149
1.44245
1.43365
1.42737
1.42375
1.42182
1.41984
1.41473
1.40217
1.37861
1.34428
1.30511
1.27178
1.25537
1.26175
1.28891
1.32912
1.37339
1.41451
1.44793
1.47101
1.48262
1.48316
1.47453
1.45946
1.44082
1.42115
1.40285
1.38816
1.379
1.37654
1.38079
1.39074
1.4055
1.42404
1.44499
1.46744
1.48963
1.50593
1.50879
1.49405
1.46324
1.42181
1.37582
1.33009
1.28833
1.25451
1.23358
1.22996
1.24435
1.27233
1.30647
1.34032
1.37111
1.39922
1.42607
1.45239
1.47759
1.50012
1.51807
1.52997
1.53528
1.5349
1.53067
1.52445
1.51755
1.51103
1.50562
1.50125
1.49669
1.48963
1.47736
1.45862
1.43488
1.41008
1.38836
1.37157
1.3586
1.34702
1.3355
1.32457
1.3158
1.31086
1.31123
1.31851
1.33431
1.35904
1.39049
1.42415
1.4561
1.48547
1.51233
1.53444
1.54816
1.55106
1.54258
1.52389
1.49766
1.46744
1.43601
1.40484
1.37489
1.34782
1.32648
1.31422
1.31372
1.32547
1.34679
1.37251
1.39666
1.41383
1.42008
1.4142
1.39814
1.37693
1.35741
1.34583
1.34521
1.35374
1.36639
1.37745
1.38271
1.38031
1.37111
1.35886
1.34937
1.34854
1.36013
1.38437
1.41781
1.45412
1.48617
1.5077
1.51397
1.50183
1.47004
1.42069
1.3611
1.3047
1.26725
1.2572
1.27017
1.29491
1.3219
1.34624
1.36624
1.38157
1.39282
1.40155
1.40945
1.41669
1.42154
1.42157
1.41623
1.40814
1.40189
1.40055
1.40332
1.40655
1.40682
1.40234
1.39318
1.38079
1.36867
1.36252
1.36773
1.38466
1.40798
1.43053
1.4469
1.45415
1.45178
1.44082
1.42249
1.39759
1.36757
1.33656
1.3115
1.29975
1.30543
1.32732
1.35984
1.39559
1.42768
1.45117
1.46321
1.46279
1.45025
1.42727
1.39717
1.36554
1.34032
1.32995
1.33882
1.36325
1.39348
1.41987
1.43738
1.44599
1.44858
1.44836
1.44727
1.44587
1.44436
1.44351
1.44469
1.44865
1.45459
1.46008
1.46186
1.45732
1.44594
1.42932
1.40999
1.38986
1.36978
1.35033
1.3329
1.32026
1.31611
1.32332
1.34143
1.36603
1.3916
1.41442
1.43296
1.4471
1.45715
1.46269
1.46164
1.45062
1.42737
1.39314
1.35286
1.3127
1.27747
1.25049
1.23499
1.234
1.24793
1.27331
1.30491
1.33934
1.37629
1.41594
1.4557
1.48986
1.51228
1.51908
1.50921
1.48375
1.44579
1.40058
1.35551
1.31825
1.29387
1.28303
1.28325
1.2915
1.30528
1.32214
1.33928
1.35424
1.3661
1.37711
1.39288
1.41819
1.45156
1.48573
1.51302
1.52915
1.53303
1.52531
1.50769
1.4829
1.45449
1.42605
1.39958
1.37485
1.35059
1.3264
1.30339
1.28369
1.26967
1.26328
1.26549
1.27592
1.29313
1.31495
1.33844
1.36009
1.37665
1.38703
1.39338
1.40013
1.41137
1.42912
1.45312
1.48078
1.50752
1.52784
1.53645
1.52917
1.50438
1.46457
1.41683
1.37139
1.33823
1.32349
1.32684
1.34175
1.35861
1.36891
1.36853
1.35872
1.34498
1.33425
1.33208
1.34125
1.36223
1.39394
1.43307
1.47376
1.50936
1.53462
1.5466
1.54487
1.53163
1.51103
1.48747
1.46392
1.44181
1.42277
1.40945
1.40401
1.40552
1.40931
1.40995
1.40488
1.39498
1.38176
1.36514
1.34447
1.32045
1.29561
1.27348
1.25764
1.25058
1.25329
1.26535
1.2854
1.31118
1.3398
1.36878
1.39709
1.42489
1.45237
1.4785
1.50097
1.51737
1.52662
1.52915
1.52615
1.5182
1.50492
1.48589
1.46191
1.43556
1.41055
1.38986
1.37398
1.36075
1.34765
1.33575
1.33105
1.33814
1.35184
1.36067
1.3573
1.34169
1.31836
1.29329
1.27273
1.26198
1.26353
1.27592
1.29483
1.31531
1.33352
1.34781
1.35889
1.3697
1.38408
1.40474
1.4312
1.45992
1.48601
1.5057
1.51726
1.52067
1.51643
1.50501
1.48705
1.46419
1.43986
1.41927
1.40761
1.40722
1.41605
1.42887
1.44027
1.44675
1.44714
1.44174
1.43194
1.42054
1.41131
1.40658
1.405
1.40229
1.39384
1.37681
1.35092
1.31883
1.28576
1.25761
1.23823
1.22877
1.22886
1.2374
1.25274
1.27318
1.29709
1.32267
1.34822
1.37219
1.39265
1.40757
1.4164
1.42049
1.42016
1.41285
1.39594
1.37067
1.34263
1.31923
1.3059
1.30386
1.31067
1.32324
1.34061
1.36437
1.39567
1.43154
1.46543
1.49102
1.50482
1.50599
1.49538
1.4747
1.44654
1.41462
1.38382
1.3596
1.34571
1.34235
1.34699
1.35653
1.36925
1.38472
1.40232
1.42004
1.43479
1.44352
1.44467
1.43865
1.4275
1.41443
1.40309
1.39647
1.39558
1.39868
1.40219
1.40283
1.39986
1.39508
1.39118
1.38983
1.3911
1.39418
1.39822
1.40278
1.40727
1.41066
1.41157
1.40946
1.4053
1.40155
1.40173
1.40995
1.4297
1.46039
1.49579
1.52706
1.54738
1.5539
1.54674
1.52717
1.49691
1.45854
1.41583
1.37276
1.33248
1.29706
1.26832
1.24788
1.23625
1.2322
1.2337
1.239
1.24683
1.25635
1.26749
1.28111
1.29847
1.32031
1.34619
1.37453
1.40329
1.43014
1.45269
1.46966
1.48164
1.49052
1.49766
1.50265
1.50409
1.50128
1.49508
1.48735
1.47962
1.47127
1.45896
1.43829
1.4074
1.36917
1.33036
1.29843
1.27905
1.27498
1.28625
1.31146
1.34854
1.39349
1.43954
1.47965
1.51057
1.53397
1.55357
1.57135
1.58598
1.5938
1.59077
1.57408
1.54327
1.50111
1.45316
1.4065
1.36714
1.3378
1.31777
1.30491
1.29741
1.29363
1.29151
1.28842
1.28178
1.27002
1.25337
1.23438
1.21775
1.20927
1.21427
1.23536
1.2707
1.3145
1.35959
1.40011
1.4317
1.45148
1.45896
1.45654
1.4485
1.43925
1.43164
1.42613
1.42137
1.416
1.40993
1.40476
1.40279
1.405
1.41019
1.41662
1.42432
1.43396
1.44343
1.4472
1.43985
1.41978
1.39076
1.36054
1.33664
1.32265
1.31864
1.32374
1.33718
1.35753
1.38204
1.40738
1.43113
1.45237
1.47119
1.4878
1.50245
1.51541
1.52683
1.5366
1.54455
1.55018
1.55279
1.5514
1.54491
1.53256
1.51433
1.49135
1.46662
1.44473
1.42972
1.4217
1.41681
1.41036
1.39955
1.38395
1.36527
1.34647
1.33067
1.31917
1.31011
1.29907
1.28315
1.26628
1.25794
1.26078
1.26636
1.26827
1.26919
1.27474
1.28703
1.30343
1.31895
1.32924
1.33219
1.32809
1.3188
1.30675
1.29423
1.2833
1.27673
1.2784
1.29145
1.31512
1.3447
1.3748
1.40175
1.4241
1.44169
1.45489
1.46426
1.47066
1.47553
1.48077
1.48808
1.49812
1.50921
1.51783
1.52082
1.51746
1.50909
1.49705
1.4811
1.4598
1.43232
1.40034
1.36792
1.33968
1.31897
1.30713
1.30387
1.30785
1.31768
1.33283
1.35326
1.3781
1.40513
1.43146
1.4543
1.47128
1.48071
1.48205
1.47568
1.4624
1.44316
1.41986
1.39606
1.3763
1.36425
1.36073
1.36367
1.37017
1.37744
1.38261
1.38369
1.38092
1.37741
1.37783
1.38642
1.40478
1.43077
1.45932
1.48506
1.50456
1.51662
1.52124
1.51855
1.50865
1.49201
1.46995
1.4448
1.41988
1.39877
1.38443
1.3784
1.38008
1.38592
1.39012
1.38662
1.37116
1.34225
1.30169
1.25489
1.21072
1.17966
1.17043
1.18725
1.22852
1.28653
1.349
1.40317
1.43994
1.45632
1.45524
1.44332
1.42742
1.412
1.39847
1.3868
1.37768
1.37324
1.37647
1.38949
1.41165
1.43909
1.46641
1.48896
1.50426
1.5115
1.51051
1.50154
1.48604
1.46725
1.44995
1.43906
1.43775
1.44544
1.45749
1.46728
1.46886
1.45915
1.43858
1.41093
1.38193
1.35728
1.34044
1.33126
1.32637
1.32093
1.31127
1.29711
1.28228
1.27272
1.27281
1.28294
1.3006
1.32267
1.34644
1.36943
1.38992
1.40827
1.42705
1.44914
1.47501
1.50157
1.52374
1.53696
1.53894
1.52991
1.51217
1.48898
1.46341
1.43788
1.41409
1.39383
1.37937
1.37312
1.37602
1.38604
1.39865
1.4091
1.41499
1.41689
1.41721
1.41845
1.42175
1.42603
1.42827
1.42487
1.41287
1.39095
1.3601
1.32424
1.28972
1.26312
1.24861
1.24672
1.25515
1.27062
1.29068
1.31427
1.34127
1.37128
1.40258
1.43218
1.45652
1.47237
1.47773
1.47282
1.46073
1.44679
1.43595
1.43075
1.43118
1.43551
1.44094
1.44415
1.4421
1.43338
1.41986
1.40705
1.40089
1.40221
1.405
1.40136
1.38739
1.36427
1.33593
1.30674
1.2812
1.26403
1.25875
1.26588
1.28276
1.30507
1.32878
1.35108
1.37035
1.38563
1.39666
1.40412
1.40973
1.41572
1.42383
1.43414
1.44521
1.45532
1.46338
1.46943
1.47455
1.47997
1.48554
1.48845
1.48435
1.46987
1.44442
1.41148
1.37893
1.35773
1.35697
1.37791
1.41207
1.44647
1.47027
1.478
1.46879
1.44489
1.41062
1.37183
1.33533
1.30803
1.29609
1.30334
1.32887
1.36603
1.40471
1.43594
1.45564
1.46456
1.4652
1.45856
1.44428
1.42249
1.39532
1.36818
1.34858
1.34101
1.3436
1.35172
1.36302
1.37765
1.3952
1.41365
1.43045
1.44385
1.45337
1.45904
1.46069
1.45862
1.45451
1.4511
1.45025
1.45176
1.45441
1.45807
1.46441
1.47542
1.49061
1.50609
1.51651
1.5186
1.51356
1.50598
1.50004
1.49599
1.49033
1.47876
1.45928
1.43328
1.40478
1.37842
1.35811
1.34653
1.34521
1.35387
1.36967
1.38742
1.40108
1.4056
1.39806
1.37818
1.34863
1.3145
1.28127
1.25283
1.23119
1.21812
1.21593
1.22566
1.24499
1.26823
1.28923
1.30521
1.31794
1.33156
1.3487
1.36846
1.38669
1.39832
1.40052
1.39426
1.38449
1.3786
1.3833
1.401
1.42867
1.45958
1.48653
1.50361
1.50657
1.49283
1.46198
1.41648
1.3621
1.30736
1.26156
1.23261
1.22543
1.2414
1.27812
1.33053
1.39274
1.45865
1.52073
1.57114
1.60479
1.62072
1.62092
1.60834
1.5857
1.55517
1.51834
1.47658
1.43317
1.3953
1.37159
1.36445
1.36734
1.37099
1.36935
1.36072
1.34617
1.32816
1.30989
1.29481
1.2859
1.28503
1.29234
1.3066
1.32609
1.34933
1.3746
1.39913
1.41924
1.43239
1.43901
1.44234
1.44632
1.45261
1.45943
1.46309
1.46068
1.45149
1.43697
1.42014
1.40454
1.39295
1.38646
1.38418
1.38395
1.38356
1.38165
1.37806
1.3736
1.36957
1.3667
1.36433
1.36102
1.35672
1.35469
1.36033
1.37672
1.40094
1.42534
1.44189
1.44536
1.43402
1.4093
1.37537
1.33812
1.30444
1.28158
1.27645
1.29345
1.33109
1.38152
1.43471
1.48259
1.52014
1.54531
1.55794
1.55837
1.54668
1.52254
1.48634
1.44099
1.39297
1.35228
1.32954
1.33004
1.35001
1.37988
1.4112
1.44017
1.46665
1.49163
1.51591
1.53953
1.56162
1.57972
1.58975
1.58655
1.56542
1.52403
1.46453
1.39494
1.32855
1.27985
1.25826
1.26347
1.28666
1.31599
1.34178
1.35819
1.36261
1.35507
1.33819
1.3174
1.30013
1.29314
1.29924
1.31589
1.33659
1.35401
1.3631
1.36381
1.36161
1.36444
1.37773
1.40023
1.42345
1.4378
1.43939
1.43174
1.42261
1.41878
1.42166
1.42707
1.42892
1.42279
1.40741
1.38406
1.35572
1.32645
1.30062
1.28188
1.27209
1.27129
1.2785
1.29239
1.31103
1.33213
1.35352
1.37342
1.39047
1.40391
1.41357
1.41978
1.42282
1.4224
1.41806
1.41014
1.40064
1.39289
1.39014
1.39424
1.40484
1.41919
1.4328
1.44079
1.43959
1.42835
1.40958
1.38856
1.37164
1.36354
1.36479
1.37103
1.37561
1.37333
1.36188
1.34062
1.31057
1.27732
1.25224
1.2476
1.2691
1.31203
1.36349
1.40855
1.43634
1.44333
1.43313
1.41437
1.39737
1.39044
1.39704
1.41505
1.43833
1.45966
1.47306
1.47561
1.46783
1.45317
1.43662
1.42329
1.41715
1.42021
1.43173
1.44839
1.46561
1.47917
1.48611
1.48479
1.47512
1.45862
1.43791
1.41726
1.40402
1.40489
1.41647
1.42692
1.42723
1.41733
1.40363
1.39375
1.39177
1.39613
1.40118
1.40026
1.38881
1.36634
1.33727
1.31026
1.29452
1.29475
1.30832
1.32786
1.34689
1.36282
1.37601
1.38753
1.39813
1.40754
1.41368
1.4128
1.40166
1.37943
1.34801
1.31113
1.27382
1.24232
1.22309
1.22057
1.23555
1.26528
1.30536
1.35158
1.40019
1.44758
1.48957
1.5217
1.54059
1.54476
1.53487
1.51386
1.48662
1.45933
1.43758
1.42467
1.42121
1.42575
1.43589
1.44894
1.46182
1.47156
1.47669
1.47842
1.48031
1.48632
1.49784
1.51199
1.52239
1.52203
1.50619
1.47494
1.4337
1.39208
1.36066
1.34678
1.35137
1.36914
1.39159
1.41109
1.42393
1.43104
1.43484
1.43485
1.42894
1.41783
1.40502
1.39266
1.38
1.36542
1.34908
1.33422
1.32569
1.32751
1.34065
1.36291
1.39049
1.41964
1.44738
1.47168
1.49124
1.50501
1.51203
1.51171
1.50363
1.48731
1.46213
1.42815
1.38729
1.34405
1.30535
1.27885
1.26984
1.27902
1.30304
1.33598
1.37066
1.39979
1.41782
1.42276
1.4164
1.40268
1.38528
1.36635
1.34737
1.33068
1.31997
1.31925
1.33082
1.35372
1.38343
1.4127
1.43399
1.4423
1.43712
1.4224
1.40489
1.39162
1.38737
1.39364
1.40904
1.43063
1.45479
1.4776
1.49468
1.50184
1.49577
1.47459
1.43826
1.38952
1.33568
1.28882
1.26198
1.26233
1.28668
1.32371
1.36097
1.39024
1.40877
1.41787
1.42105
1.42271
1.42609
1.43087
1.43299
1.42791
1.4142
1.39462
1.37457
1.35932
1.35174
1.35214
1.35924
1.37146
1.38789
1.40843
1.43285
1.45971
1.48562
1.50572
1.51505
1.51046
1.49179
1.46188
1.42538
1.38685
1.34982
1.31684
1.29039
1.27296
1.26723
1.27543
1.29729
1.3284
1.3616
1.3894
1.40602
1.40829
1.39609
1.37244
1.34252
1.31246
1.28815
1.2735
1.26978
1.27717
1.29652
1.32836
1.37032
1.41697
1.46248
1.5028
1.53528
1.55707
1.56467
1.55592
1.5324
1.49962
1.46415
1.42984
1.39696
1.36476
1.33412
1.30771
1.28825
1.27716
1.27491
1.28155
1.29575
1.31374
1.3302
1.34111
1.34628
1.34937
1.35558
1.36801
1.38605
1.40698
1.42811
1.44786
1.46572
1.4818
1.49641
1.50984
1.52178
1.53111
1.53598
1.53452
1.5257
1.51008
1.48996
1.46913
1.45143
1.43905
1.43161
1.42728
1.42473
1.42346
1.42299
1.42196
1.41844
1.41071
1.39729
1.37665
1.34846
1.31561
1.28418
1.26075
1.24887
1.24768
1.25455
1.26894
1.29325
1.32965
1.37609
1.42528
1.46802
1.49726
1.51005
1.50722
1.4923
1.46979
1.44354
1.41579
1.38729
1.35871
1.33267
1.31412
1.3071
1.31083
1.32126
1.33533
1.35263
1.374
1.39922
1.42604
1.45072
1.46952
1.47985
1.48036
1.47095
1.45264
1.42771
1.40007
1.37511
1.35881
1.35532
1.36459
1.38156
1.39876
1.41037
1.41439
1.41234
1.40688
1.39952
1.39007
1.37775
1.36326
1.34985
1.34324
1.35024
1.37544
1.41676
1.46459
1.50698
1.5352
1.54502
1.53576
1.50952
1.47061
1.42447
1.3758
1.32858
1.28792
1.26045
1.25119
1.26042
1.28447
1.31933
1.36124
1.40294
1.43392
1.4467
1.44036
1.41941
1.39168
1.3654
1.34607
1.33506
1.33128
1.33354
1.34167
1.35537
1.37299
1.39106
1.40513
1.41139
1.40856
1.39904
1.38827
1.38271
1.38724
1.40269
1.42511
1.44767
1.46362
1.46862
1.46181
1.44576
1.42543
1.40621
1.39186
1.38378
1.38192
1.38577
1.3941
1.40414
1.41214
1.41568
1.41593
1.41695
1.42235
1.4325
1.44465
1.45435
1.45719
1.45052
1.43479
1.41425
1.39606
1.38681
1.38837
1.3971
1.40701
1.41263
1.40972
1.39561
1.36996
1.33579
1.29966
1.27043
1.2566
1.26236
1.28469
1.31461
1.34251
1.36288
1.37498
1.38052
1.38104
1.37724
1.37007
1.36167
1.35494
1.35208
1.3541
1.36112
1.3731
1.38987
1.41052
1.43272
1.45346
1.47102
1.48547
1.49698
1.50444
1.50554
1.49769
1.47889
1.44918
1.41204
1.37416
1.34342
1.32564
1.32178
1.32766
1.33625
1.34063
1.33613
1.32194
1.30265
1.28874
1.29246
1.32005
1.36705
1.42189
1.47294
1.51263
1.53762
1.5474
1.54291
1.52569
1.49824
1.46495
1.43239
1.40736
1.39359
1.39039
1.39388
1.39865
1.39883
1.3891
1.36626
1.33177
1.29433
1.26696
1.25688
1.26005
1.26841
1.27745
1.28724
1.30013
1.31878
1.34507
1.37933
1.41961
1.46112
1.49715
1.52163
1.53112
1.52554
1.50817
1.48509
1.46324
1.4471
1.43681
1.42968
1.42364
1.41933
1.41868
1.42206
1.42703
1.42972
1.42752
1.42086
1.41407
1.41411
1.42609
1.44914
1.47734
1.50317
1.5196
1.52117
1.5055
1.47495
1.43679
1.40053
1.37326
1.35689
1.34917
1.34692
1.34761
1.34994
1.35349
1.35813
1.36344
1.36895
1.37472
1.38144
1.38951
1.39771
1.40349
1.40409
1.39816
1.38647
1.37125
1.35523
1.3405
1.32834
1.3197
1.31552
1.31607
1.32074
1.32819
1.33711
1.34748
1.36202
1.38559
1.42093
1.46399
1.5046
1.53277
1.544
1.54013
1.52723
1.51276
1.50302
1.50011
1.50076
1.49931
1.49204
1.47931
1.46452
1.452
1.44486
1.44357
1.44601
1.44846
1.4468
1.43793
1.42095
1.39773
1.37225
1.349
1.33182
1.32325
1.32376
1.33092
1.34013
1.34707
1.34959
1.34815
1.34494
1.3426
1.34358
1.34978
1.36198
1.37925
1.39898
1.41768
1.43208
1.44032
1.44242
1.43974
1.43398
1.42677
1.41986
1.41582
1.41716
1.42461
1.43583
1.44631
1.45183
1.45027
1.44216
1.43026
1.41903
1.41295
1.41351
1.41742
1.41893
1.41362
1.40065
1.3824
1.36318
1.34751
1.33924
1.34116
1.35487
1.37983
1.41267
1.44761
1.4781
1.49877
1.50664
1.5015
1.4856
1.46302
1.43845
1.41555
1.39584
1.37873
1.36238
1.3447
1.32422
1.30049
1.27448
1.24912
1.22945
1.22208
1.23291
1.2638
1.31043
1.36367
1.41324
1.45121
1.47326
1.47815
1.46696
1.44299
1.41184
1.38073
1.35651
1.34295
1.3399
1.3452
1.35668
1.37217
1.38877
1.4029
1.41131
1.41244
1.40731
1.39938
1.39313
1.39175
1.39564
1.4033
1.41276
1.42225
1.43006
1.43419
1.43331
1.42776
1.41983
1.41279
1.40947
1.41111
1.41693
1.42434
1.42977
1.42983
1.42242
1.40733
1.38627
1.36262
1.34212
1.33351
1.34585
1.38241
1.43662
1.49553
1.54688
1.58278
1.59904
1.59359
1.56657
1.52112
1.46407
1.40489
1.35271
1.31257
1.28456
1.26629
1.25551
1.25146
1.255
1.26796
1.29177
1.32587
1.36665
1.40799
1.4434
1.46868
1.48267
1.4867
1.48312
1.47445
1.46308
1.45014
1.43464
1.41414
1.38804
1.35929
1.33239
1.31062
1.29658
1.29263
1.29876
1.31198
1.32844
1.34616
1.36554
1.3881
1.41427
1.44205
1.4677
1.48748
1.49907
1.50283
1.50211
1.50083
1.49945
1.49568
1.48839
1.47842
1.46669
1.45327
1.43807
1.42227
1.40875
1.40107
1.40174
1.41046
1.42375
1.43594
1.44114
1.4359
1.42129
1.40239
1.38525
1.37446
1.37239
1.37913
1.39277
1.41029
1.42877
1.44567
1.45871
1.46597
1.46596
1.45766
1.4405
1.41518
1.38461
1.35385
1.32815
1.31048
1.3002
1.2946
1.29181
1.29242
1.29799
1.30791
1.31894
1.32802
1.33489
1.34167
1.35067
1.3622
1.3737
1.38119
1.38141
1.37316
1.35782
1.33944
1.32524
1.32408
1.34141
1.37467
1.4148
1.45164
1.47754
1.48816
1.48224
1.461
1.42765
1.38744
1.34804
1.31925
1.30942
1.31998
1.34458
1.37435
1.40242
1.42483
1.43983
1.44766
1.45047
1.45104
1.4506
1.44804
1.44214
1.43436
1.42955
1.43281
1.44462
1.45946
1.46968
1.47012
1.4595
1.43902
1.41124
1.3797
1.34944
1.3272
1.31978
1.33078
1.35781
1.39296
1.42637
1.44998
1.45935
1.45394
1.43669
1.4133
1.39052
1.37366
1.36461
1.36106
1.35777
1.34951
1.33356
1.31059
1.28381
1.25709
1.23368
1.21635
1.20847
1.21451
1.23864
1.28154
1.33825
1.39934
1.45513
1.49938
1.52999
1.54751
1.55359
1.55076
1.54237
1.53166
1.52076
1.51041
1.50069
1.49164
1.48362
1.47732
1.47309
1.47048
1.46805
1.46365
1.45494
1.43949
1.41537
1.38224
1.34199
1.29833
1.25566
1.21849
1.19173
1.18125
1.19272
1.22757
1.27971
1.33732
1.38858
1.42636
1.44921
1.45967
1.46119
1.45593
1.44491
1.42952
1.41284
1.3999
1.39629
1.40395
1.4184
1.43169
1.43739
1.43254
1.41693
1.39231
1.36161
1.32806
1.29459
1.26365
1.23812
1.22195
1.21983
1.23521
1.26796
1.3138
1.36578
1.41666
1.46002
1.49104
1.50665
1.5056
1.48883
1.46004
1.42578
1.39432
1.37333
1.36724
1.37596
1.39554
1.42037
1.44503
1.46548
1.47947
1.48633
1.48628
1.4799
1.46795
1.4518
1.43404
1.41926
1.41345
1.4207
1.43971
1.4638
1.48426
1.49378
1.48842
1.46818
1.43683
1.40099
1.36807
1.34368
1.32977
1.32535
1.32885
1.34059
1.36213
1.39302
1.42835
1.46058
1.48355
1.49409
1.49113
1.47405
1.44258
1.39841
1.34681
1.29614
1.25488
1.22846
1.21827
1.22328
1.24229
1.27408
1.31525
1.35897
1.39654
1.42071
1.42785
1.41862
1.39734
1.37098
1.34714
1.33132
1.32504
1.32671
1.33405
1.34547
1.35992
1.37633
1.39365
1.4113
1.42954
1.44925
1.47066
1.49217
1.51037
1.52162
1.5235
1.51473
1.49476
1.46376
1.42368
1.37928
1.33779
1.30679
1.29132
1.29226
1.30673
1.32955
1.3551
1.37834
1.39568
1.40535
1.40722
1.40238
1.3926
1.37994
1.36604
1.35221
1.33983
1.33133
1.32991
1.33826
1.35684
1.38327
1.41328
1.44211
1.46564
1.48095
1.48633
1.48151
1.46763
1.44739
1.42531
1.40733
1.39865
1.40052
1.40877
1.41563
1.41339
1.39718
1.36563
1.32097
1.26992
1.22342
1.19286
1.1842
1.19531
1.21913
1.24926
1.28294
1.3207
1.36328
1.40765
1.44669
1.47339
1.48524
1.48458
1.47664
1.46725
1.46122
1.46167
1.46969
1.48423
1.50228
1.51929
1.5299
1.52894
1.51263
1.4805
1.43674
1.3906
1.35335
1.33311
1.33097
1.34137
1.3562
1.36906
1.37758
1.38363
1.39179
1.40634
1.42773
1.45131
1.4702
1.47992
1.48046
1.47511
1.46853
1.4655
1.46953
1.48067
1.49438
1.50316
1.50018
1.48226
1.45031
1.40827
1.36145
1.31533
1.27458
1.24292
1.2235
1.21909
1.23085
1.2567
1.29052
1.32404
1.3505
1.36811
1.38041
1.39314
1.41004
1.43037
1.4497
1.46275
1.46667
1.46253
1.45451
1.44765
1.44589
1.45086
1.46112
1.4718
1.47584
1.46678
1.44288
1.41048
1.38258
1.36971
1.37168
1.38102
1.39149
1.40097
1.40869
1.41194
1.40635
1.38935
1.36296
1.3332
1.30717
1.2901
1.28334
1.2842
1.28793
1.29067
1.29173
1.2937
1.30067
1.31566
1.33845
1.36538
1.39083
1.40947
1.41822
1.41736
1.41072
1.40393
1.40125
1.4034
1.40799
1.41207
1.41443
1.41651
1.42164
1.4323
1.44713
1.46079
1.46758
1.46492
1.45369
1.43678
1.41743
1.39838
1.38305
1.37754
1.38867
1.41733
1.4571
1.4997
1.53867
1.56875
1.58478
1.58229
1.55909
1.51632
1.45869
1.39355
1.32965
1.27583
1.23916
1.22354
1.22885
1.25124
1.28411
1.32031
1.35474
1.38616
1.41631
1.44603
1.47171
1.48649
1.48527
1.46925
1.44653
1.42774
1.41915
1.41942
1.42331
1.4267
1.4279
1.42666
1.42325
1.41883
1.41488
1.41161
1.40664
1.39612
1.37835
1.35635
1.33685
1.3254
1.32236
1.32395
1.32659
1.32962
1.33482
1.34391
1.35662
1.37054
1.38255
1.39021
1.39224
1.38831
1.37886
1.36512
1.34919
1.33388
1.32242
1.31815
1.32384
1.34116
1.37017
1.40866
1.45183
1.49319
1.52669
1.54864
1.55869
1.5591
1.55311
1.54319
1.53013
1.51301
1.48978
1.45884
1.42066
1.37903
1.34027
1.30933
1.28655
1.26875
1.25367
1.24297
1.24163
1.25483
1.28462
1.32836
1.37923
1.42809
1.46579
1.48604
1.48804
1.47719
1.46306
1.45499
1.45796
1.47112
1.48933
1.50626
1.51708
1.51943
1.51279
1.49808
1.47761
1.45543
1.43615
1.42267
1.41513
1.41163
1.40997
1.40866
1.40705
1.40568
1.40644
1.41126
1.41967
1.4269
1.42594
1.41237
1.38833
1.36224
1.34253
1.33177
1.3277
1.32779
1.33058
1.33424
1.33611
1.33412
1.32788
1.31881
1.30914
1.3006
1.29397
1.28933
1.28697
1.2881
1.29523
1.31095
1.33608
1.36766
1.39932
1.42432
1.43925
1.44533
1.44642
1.44525
1.44132
1.43257
1.41873
1.4035
1.39327
1.39384
1.40773
1.4332
1.46481
1.49538
1.51827
1.52976
1.53044
1.5246
1.51696
1.50971
1.50194
1.4918
1.4782
1.4613
1.44181
1.42051
1.39856
1.37842
1.36345
1.35543
1.35214
1.34801
1.33789
1.32046
1.29947
1.28259
1.27759
1.28782
1.31067
1.33934
1.36616
1.38532
1.39449
1.395
1.3902
1.38301
1.37448
1.36452
1.35272
1.33865
1.32208
1.30333
1.28393
1.26667
1.25432
1.24739
1.24347
1.2396
1.23568
1.23523
1.24352
1.26444
1.29817
1.34107
1.38726
1.43042
1.46467
1.48559
1.49096
1.48092
1.45788
1.42586
1.38977
1.35524
1.32805
1.3129
1.31125
1.32051
1.33571
1.35201
1.36641
1.37811
1.38818
1.39879
1.41161
1.427
1.44415
1.46154
1.47748
1.49018
1.49814
1.50112
1.50085
1.50009
1.50012
1.49961
1.49624
1.48868
1.47755
1.46494
1.45358
1.44606
1.4434
1.44319
1.43983
1.42842
1.40857
1.3849
1.36479
1.3545
1.35596
1.36586
1.37763
1.38472
1.38323
1.37317
1.35819
1.34331
1.33224
1.32682
1.32799
1.33551
1.34613
1.35377
1.35269
1.3414
1.32432
1.3104
1.30895
1.32421
1.35235
1.38398
1.40974
1.42375
1.42439
1.41411
1.3983
1.38314
1.37338
1.37125
1.37677
1.38862
1.40517
1.4249
1.44598
1.46562
1.47998
1.48545
1.48073
1.46794
1.45258
1.44128
1.43878
1.44534
1.4569
1.46771
1.47307
1.47074
1.46021
1.44164
1.41629
1.38896
1.36853
1.36226
1.36907
1.3817
1.39416
1.40432
1.41171
1.41502
1.41207
1.40148
1.38454
1.365
1.34715
1.33392
1.32686
1.32671
1.33392
1.34812
1.36741
1.38846
1.40792
1.42364
1.4344
1.43925
1.4377
1.43008
1.4176
1.40129
1.3806
1.3536
1.31917
1.28054
1.24693
1.23061
1.23907
1.26887
1.30855
1.34704
1.3783
1.40097
1.41634
1.42668
1.43388
1.43897
1.4424
1.44519
1.44984
1.46022
1.47924
1.50573
1.53333
1.55373
1.56093
1.55329
1.53328
1.50619
1.47754
1.45118
1.4293
1.41258
1.40012
1.39047
1.38328
1.37911
1.37724
1.37563
1.373
1.37028
1.36988
1.37368
1.3816
1.39174
1.40131
1.40742
1.40801
1.40274
1.39357
1.38354
1.37462
1.36713
1.3619
1.36218
1.372
1.39252
1.42052
1.45
1.47452
1.48878
1.48985
1.47822
1.4582
1.43628
1.41805
1.40589
1.39864
1.39341
1.38784
1.38107
1.37374
1.3675
1.36393
1.36298
1.36171
1.35556
1.34135
1.31979
1.29715
1.28474
1.29308
1.32376
1.36827
1.41485
1.45465
1.4833
1.50015
1.50664
1.50501
1.49698
1.48321
1.46359
1.43804
1.40753
1.3747
1.34367
1.31867
1.30236
1.2955
1.29766
1.3079
1.32481
1.3464
1.36996
1.39295
1.41411
1.43366
1.4523
1.46978
1.48398
1.49172
1.49085
1.48201
1.46879
1.45522
1.44253
1.4288
1.41185
1.39219
1.37361
1.36162
1.36154
1.37555
1.40059
1.43022
1.45854
1.48184
1.49792
1.50462
1.4995
1.48107
1.45071
1.41396
1.37995
1.35802
1.35269
1.36109
1.3755
1.38837
1.39555
1.39637
1.39241
1.3863
1.38065
1.37745
1.3775
1.38014
1.38306
1.38341
1.37957
1.37258
1.36489
1.35748
1.34815
1.33344
1.31243
1.28789
1.26434
1.24565
1.23455
1.23352
1.24425
1.26664
1.29848
1.33649
1.37724
1.41742
1.45351
1.48191
1.49977
1.50615
1.50292
1.4945
1.4861
1.48142
1.48117
1.48297
1.4824
1.47517
1.45984
1.43957
1.42119
1.41067
1.40827
1.40833
1.40452
1.39459
1.38104
1.36894
1.36337
1.36771
1.38284
1.40665
1.4344
1.46014
1.47836
1.48537
1.47971
1.4623
1.4359
1.40475
1.37415
1.34986
1.33684
1.33719
1.34867
1.36583
1.38276
1.39576
1.40399
1.40843
1.40985
1.40779
1.40169
1.39268
1.38385
1.3782
1.37642
1.3763
1.37399
1.3664
1.35369
1.34051
1.33364
1.33681
1.34745
1.3587
1.3642
1.3613
1.3514
1.33887
1.3286
1.3236
1.32429
1.3305
1.34355
1.36568
1.39698
1.43342
1.46821
1.49517
1.51031
1.512
1.50047
1.47743
1.44608
1.4115
1.38049
1.36043
1.35677
1.37071
1.39871
1.43395
1.46818
1.49394
1.5064
1.5044
1.49007
1.46774
1.44233
1.41802
1.39725
1.38028
1.36592
1.35319
1.34219
1.3335
1.32682
1.3211
1.31564
1.31127
1.31052
1.31642
1.3305
1.35116
1.37397
1.39334
1.40462
1.40604
1.39994
1.39158
1.38596
1.38562
1.39049
1.39955
1.41237
1.42904
1.4487
1.46856
1.48465
1.49345
1.49351
1.48613
1.47489
1.46456
1.45889
1.45824
1.45906
1.45569
1.44397
1.42456
1.4039
1.39142
1.39337
1.40816
1.42763
1.44268
1.4481
1.44357
1.43226
1.41883
1.40748
1.40098
1.40035
1.40522
1.4144
1.42596
1.43638
1.44083
1.43427
1.41352
1.37925
1.337
1.29662
1.26875
1.2591
1.26575
1.28194
1.3011
1.31926
1.33507
1.34854
1.36006
1.3703
1.38108
1.3948
1.41228
1.43186
1.45039
1.46512
1.4746
1.47837
1.47625
1.46816
1.45475
1.4377
1.41897
1.40014
1.38283
1.3695
1.36267
1.3626
1.36707
1.37349
1.38009
1.3857
1.38934
1.39082
1.39135
1.39322
1.39795
1.40467
1.41084
1.41435
1.41432
1.4102
1.40124
1.38651
1.36628
1.34443
1.32945
1.33107
1.35457
1.39724
1.44944
1.49913
1.5359
1.55305
1.54776
1.52081
1.47673
1.42342
1.37025
1.32526
1.29342
1.27651
1.27366
1.28235
1.30001
1.32433
1.35201
1.37802
1.39609
1.40211
1.39998
1.40265
1.41691
1.43268
1.43745
1.42952
1.41434
1.39738
1.38146
1.36749
1.3558
1.34656
1.34028
1.3379
1.34036
1.34753
1.35739
1.36619
1.37044
1.36964
1.36702
1.3671
1.37159
1.37809
1.3824
1.38162
1.37558
1.36627
1.35664
1.34915
1.34502
1.34351
1.34253
1.34017
1.33623
1.33206
1.32883
1.32661
1.32539
1.32726
1.33691
1.35928
1.39611
1.4441
1.49553
1.54124
1.57353
1.58834
1.58594
1.57018
1.54591
1.51623
1.48197
1.44393
1.40544
1.37237
1.35073
1.34418
1.35324
1.3755
1.40578
1.43672
1.46029
1.47003
1.46255
1.43773
1.39851
1.35111
1.30532
1.27399
1.26906
1.29441
1.34208
1.39748
1.44778
1.48581
1.50884
1.51623
1.50841
1.48719
1.45577
1.41814
1.37834
1.34009
1.307
1.28301
1.27125
1.27205
1.2826
1.29855
1.31539
1.32931
1.33754
1.33859
1.33305
1.32404
1.316
1.31222
1.31284
1.31541
1.31744
1.31922
1.32511
1.34172
1.37358
1.41943
1.4724
1.52383
1.56613
1.59353
1.60253
1.59217
1.56416
1.52291
1.47548
1.43057
1.39619
1.37744
1.37571
1.38915
1.41289
1.44019
1.46396
1.47819
1.47915
1.46603
1.44075
1.40726
1.37015
1.33417
1.30464
1.2871
1.28453
1.2945
1.31023
1.32435
1.33205
1.33305
1.33163
1.33364
1.34326
1.36113
1.38461
1.40932
1.43085
1.44625
1.4543
1.45516
1.44958
1.43847
1.42307
1.40511
1.38731
1.37346
1.36777
1.37309
1.38847
1.40847
1.42529
1.43247
1.42701
1.40924
1.38217
1.35101
1.32268
1.3039
1.29885
1.30753
1.32561
1.34618
1.36232
1.36917
1.36516
1.35247
1.33595
1.32127
1.31245
1.31093
1.31631
1.32782
1.3453
1.36926
1.39995
1.43555
1.4716
1.50234
1.52264
1.52965
1.52329
1.50612
1.48207
1.45504
1.42807
1.40366
1.3845
1.37279
1.36924
1.37283
1.38123
1.39149
1.4006
1.40578
1.40474
1.3966
1.38261
1.36587
1.34987
1.33705
1.32849
1.32482
1.32718
1.33745
1.35706
1.3851
1.41694
1.44542
1.46365
1.467
1.45319
1.42234
1.37685
1.32167
1.26539
1.22174
1.2066
1.22674
1.27299
1.32972
1.38666
1.44072
1.49179
1.53846
1.57717
1.60422
1.61818
1.62028
1.61324
1.59972
1.58179
1.56129
1.54048
1.52182
1.50739
1.49752
1.48924
1.47672
1.45582
1.42794
1.39909
1.37514
1.35809
1.34651
1.33819
1.33168
1.3258
1.31969
1.31452
1.31403
1.32248
1.34113
1.36689
1.39371
1.41454
1.42328
1.41693
1.39696
1.36896
1.34042
1.31778
1.30365
1.29637
1.29239
1.29006
1.29085
1.29698
1.30831
1.32109
1.33018
1.33196
1.32558
1.31323
1.29907
1.28791
1.28367
1.28804
1.29994
1.31617
1.33256
1.34526
1.35166
1.35127
1.3465
1.34249
1.34443
1.35419
1.36904
1.38415
1.3963
1.40509
1.41214
1.41992
1.43036
1.44402
1.45955
1.47437
1.4854
1.48991
1.48659
1.47641
1.46268
1.44955
1.44014
1.43548
1.43482
1.43658
1.43892
1.44034
1.44054
1.4406
1.44238
1.44677
1.45258
1.45693
1.45675
1.45022
1.4376
1.42114
1.4038
1.38803
1.37526
1.36622
1.36109
1.35938
1.35997
1.36206
1.36616
1.3738
1.38582
1.40074
1.41491
1.42395
1.42423
1.41422
1.39518
1.37128
1.34878
1.33468
1.33403
1.34721
1.36961
1.39469
1.41698
1.4335
1.44388
1.44967
1.45286
1.45482
1.45585
1.45553
1.45305
1.44753
1.43837
1.42601
1.41212
1.39892
1.38765
1.37877
1.37391
1.37563
1.38398
1.39486
1.40217
1.40113
1.39019
1.37217
1.35365
1.34214
1.34249
1.35474
1.37446
1.39531
1.41173
1.42068
1.42181
1.4165
1.40663
1.39381
1.37948
1.36535
1.3537
1.34712
1.34757
1.3557
1.37047
1.38965
1.41001
1.42788
1.44014
1.44553
1.44463
1.43893
1.42989
1.41874
1.40696
1.3959
1.38622
1.37795
1.37176
1.37015
1.37619
1.39101
1.4125
1.43578
1.45485
1.46453
1.46186
1.44683
1.42194
1.39087
1.35732
1.3248
1.29735
1.28014
1.27783
1.29177
1.31943
1.35587
1.39562
1.43355
1.46564
1.48973
1.50541
1.51384
1.51729
1.51842
1.51906
1.51871
1.5141
1.5009
1.47652
1.44158
1.3999
1.35753
1.32162
1.2989
1.29373
1.30704
1.33618
1.37532
1.41594
1.44912
1.46886
1.47339
1.46503
1.44913
1.43219
1.41971
1.41449
1.41587
1.42044
1.42383
1.42205
1.41215
1.39285
1.36511
1.3321
1.29859
1.26998
1.25064
1.24274
1.24589
1.25837
1.27907
1.30809
1.3444
1.38395
1.4213
1.45267
1.47582
1.48857
1.48897
1.47633
1.45188
1.41885
1.38181
1.34564
1.31544
1.29696
1.29615
1.31631
1.35475
1.40287
1.44949
1.4851
1.50457
1.50763
1.49818
1.48306
1.46935
1.46141
1.45944
1.46113
1.46401
1.46621
1.46649
1.46374
1.45714
1.44645
1.43293
1.42014
1.41373
1.4189
1.43676
1.46329
1.49129
1.51307
1.5238
1.52364
1.51647
1.50553
1.48964
1.46418
1.42611
1.37766
1.3266
1.28315
1.2555
1.24626
1.25213
1.26626
1.28143
1.29232
1.29652
1.29417
1.28695
1.27718
1.26724
1.25904
1.25371
1.25203
1.25523
1.26524
1.28395
1.31237
1.35004
1.39491
1.44296
1.48804
1.52265
1.53992
1.53682
1.51761
1.49295
1.47139
1.45325
1.43703
1.42563
1.42168
1.42241
1.42257
1.42006
1.41764
1.42026
1.43102
1.44898
1.47009
1.48955
1.50354
1.50992
1.50893
1.50285
1.49436
1.48449
1.47216
1.45642
1.43812
1.41855
1.39813
1.37777
1.35977
1.34599
1.3377
1.33732
1.34725
1.36617
1.3877
1.40355
1.40761
1.39779
1.37584
1.34628
1.31532
1.2895
1.27398
1.27133
1.28184
1.30414
1.33511
1.36959
1.40149
1.42617
1.44233
1.45204
1.45906
1.46579
1.47101
1.47017
1.45856
1.43492
1.40349
1.37312
1.35364
1.35105
1.36502
1.39016
1.41966
1.44868
1.47521
1.49797
1.51392
1.51832
1.50782
1.48316
1.44968
1.41474
1.38378
1.35874
1.34031
1.32977
1.32876
1.33822
1.3572
1.38281
1.41124
1.43925
1.46471
1.48572
1.50019
1.50635
1.50414
1.49602
1.48614
1.4782
1.47316
1.46887
1.4616
1.44841
1.42918
1.40691
1.38628
1.37187
1.36645
1.36994
1.37905
1.38868
1.39464
1.39545
1.39267
1.3893
1.3879
1.38911
1.39228
1.39684
1.40236
1.40737
1.40893
1.40445
1.39356
1.37893
1.36476
1.3547
1.34991
1.34928
1.35125
1.35569
1.36381
1.37643
1.39193
1.40599
1.41316
1.40964
1.39561
1.37564
1.35706
1.34663
1.3473
1.35686
1.36992
1.38154
1.38911
1.39214
1.39082
1.38521
1.37521
1.36088
1.3427
1.32172
1.29974
1.2798
1.26611
1.26309
1.27346
1.29622
1.32668
1.35836
1.38529
1.40338
1.41115
1.41024
1.40546
1.40321
1.40826
1.42101
1.4376
1.45246
1.46103
1.46118
1.4535
1.44099
1.42839
1.42096
1.42303
1.4365
1.46
1.48887
1.51662
1.53711
1.54637
1.54339
1.52969
1.50844
1.48312
1.45678
1.43141
1.40761
1.38517
1.36372
1.34285
1.32197
1.30012
1.27653
1.25181
1.22898
1.21346
1.2117
1.22887
1.26606
1.3179
1.37349
1.42124
1.45363
1.46913
1.47123
1.46532
1.45545
1.44434
1.43777
1.44531
1.46945
1.50046
1.52939
1.55664
1.58434
1.60878
1.62294
1.62221
1.60595
1.57618
1.53592
1.488
1.4353
1.3821
1.33499
1.30191
1.28832
1.29307
1.30833
1.32417
1.33377
1.33561
1.33248
1.32886
1.32831
1.33172
1.33756
1.34394
1.35065
1.35919
1.37131
1.38734
1.40565
1.42333
1.43692
1.44382
1.44356
1.4384
1.43263
1.43046
1.43397
1.44251
1.45364
1.46399
1.46992
1.468
1.45606
1.43417
1.40492
1.3728
1.34214
1.31509
1.29188
1.27335
1.26241
1.26308
1.27809
1.30689
1.34517
1.38635
1.42428
1.4546
1.47469
1.48295
1.47904
1.46458
1.4436
1.42165
1.40359
1.39116
1.38204
1.37206
1.35897
1.3446
1.33345
1.32947
1.33382
1.3447
1.35888
1.3735
1.38759
1.40255
1.42094
1.44435
1.47182
1.50012
1.52537
1.54464
1.55692
1.56213
1.55997
1.5494
1.52928
1.49957
1.46255
1.42283
1.38628
1.3587
1.34551
1.34999
1.37007
1.3988
1.42868
1.4544
1.47323
1.4843
1.48765
1.48341
1.47175
1.45334
1.42976
1.40365
1.37852
1.3585
1.3479
1.34987
1.36436
1.38663
1.4081
1.41931
1.41335
1.38804
1.34649
1.29609
1.24659
1.20748
1.18575
1.18456
1.20291
1.23646
1.27898
1.32427
1.36753
1.40549
1.43565
1.4558
1.46471
1.46291
1.45342
1.44266
1.43967
1.45095
1.47519
1.50412
1.52866
1.54321
1.54624
1.5391
1.52395
1.50372
1.48315
1.46823
1.46287
1.46655
1.47535
1.48406
1.4875
1.48182
1.46634
1.44415
1.42027
1.39839
1.37962
1.36373
1.35067
1.34109
1.33638
1.33804
1.34582
1.35648
1.36605
1.37387
1.38274
1.39428
1.40621
1.41503
1.41931
1.42072
1.42239
1.42607
1.43096
1.43474
1.43522
1.43174
1.42548
1.41902
1.4153
1.41632
1.42237
1.43151
1.43966
1.44174
1.43331
1.41233
1.38023
1.34238
1.30714
1.28259
1.27326
1.27857
1.29401
1.3132
1.32985
1.33921
1.33857
1.32736
1.30767
1.28463
1.26584
1.25888
1.26794
1.2914
1.32257
1.35343
1.37828
1.39506
1.40518
1.41221
1.41979
1.42957
1.44088
1.45185
1.46036
1.4641
1.46066
1.44865
1.42915
1.40673
1.38833
1.37968
1.38181
1.39137
1.40378
1.41523
1.42246
1.42279
1.41529
1.40115
1.38238
1.36171
1.34371
1.33447
1.33911
1.35862
1.38891
1.42224
1.4506
1.46921
1.47761
1.47839
1.4746
1.46838
1.46041
1.45001
1.43534
1.41396
1.38437
1.34755
1.30873
1.2781
1.2672
1.28062
1.31166
1.34775
1.37903
1.40155
1.41595
1.42434
1.42772
1.42615
1.42081
1.41529
1.41331
1.41619
1.42271
1.43012
1.43506
1.43471
1.42786
1.41544
1.3997
1.38294
1.367
1.35345
1.34367
1.33836
1.33704
1.33863
1.3424
1.34849
1.35762
1.37025
1.3857
1.40156
1.41422
1.42087
1.42086
1.41543
1.40639
1.39477
1.38026
1.36187
1.33949
1.31547
1.29488
1.28378
1.28622
1.30148
1.32407
1.34664
1.36344
1.37253
1.37532
1.37508
1.37534
1.37864
1.38538
1.39375
1.40066
1.40321
1.4
1.39209
1.38264
1.375
1.37091
1.37027
1.37183
1.37406
1.37596
1.37835
1.38363
1.39368
1.40778
1.42236
1.43257
1.43481
1.42891
1.41919
1.41315
1.41741
1.43395
1.45937
1.48727
1.51076
1.52514
1.52965
1.52719
1.52105
1.51191
1.49808
1.47738
1.44828
1.41042
1.36534
1.31743
1.27414
1.24457
1.23638
1.25202
1.28626
1.3289
1.37011
1.40355
1.42611
1.43669
1.43559
1.4245
1.40679
1.38702
1.36946
1.35713
1.35197
1.35503
1.36565
1.38032
1.39318
1.39839
1.39339
1.38156
1.37088
1.36882
1.37728
1.39311
1.41235
1.43307
1.45483
1.47671
1.49585
1.50837
1.51174
1.50624
1.49406
1.47732
1.45684
1.43252
1.40431
1.3731
1.34117
1.31219
1.29049
1.28014
1.28377
1.30166
1.33132
1.36768
1.4039
1.43337
1.45183
1.45913
1.45872
1.45541
1.45273
1.45187
1.4524
1.45433
1.45989
1.47217
1.48935
1.50389
1.50953
1.50634
1.49848
1.48933
1.47819
1.46159
1.43752
1.40792
1.37638
1.34555
1.31818
1.29755
1.28548
1.28223
1.28777
1.30143
1.32111
1.34383
1.36705
1.38907
1.40826
1.42222
1.42822
1.42446
1.41156
1.3933
1.37588
1.36492
1.36232
1.36595
1.37297
1.38246
1.39524
1.41146
1.42852
1.44172
1.44681
1.44244
1.43083
1.41699
1.40683
1.405
1.41294
1.42824
1.44596
1.4609
1.46925
1.46915
1.46081
1.4462
1.42846
1.41137
1.39814
1.38979
1.38512
1.38227
1.37901
1.37189
1.35872
1.34261
1.33064
1.32823
1.33639
1.35467
1.38404
1.42521
1.47553
1.52878
1.5774
1.61504
1.6372
1.64131
1.62648
1.5937
1.54641
1.49028
1.43182
1.37688
1.33083
1.29913
1.28527
1.28757
1.29889
1.31005
1.31443
1.30945
1.29477
1.27077
1.2386
1.20191
1.16905
1.15343
1.16688
1.20921
1.26761
1.3259
1.37196
1.3999
1.40926
1.40356
1.38864
1.37107
1.35696
1.35098
1.35587
1.37195
1.39654
1.42463
1.4508
1.47111
1.48366
1.48839
1.48636
1.47911
1.46796
1.45399
1.4384
1.42313
1.41112
1.40532
1.40591
1.40904
1.40865
1.4006
1.38497
1.36546
1.34679
1.33308
1.32801
1.33463
1.35316
1.37859
1.40217
1.41647
1.41918
1.41314
1.40361
1.39504
1.38997
1.38969
1.39493
1.40564
1.41973
1.43292
1.44012
1.43769
1.42507
1.40518
1.38322
1.36466
1.35361
1.35184
1.35896
1.3725
1.38808
1.39986
1.4021
1.39116
1.36702
1.33335
1.29649
1.26364
1.24176
1.23673
1.25226
1.28822
1.33948
1.39664
1.4483
1.48446
1.49928
1.4928
1.47035
1.44003
1.4096
1.3858
1.37531
1.38295
1.40757
1.44189
1.4768
1.50497
1.5216
1.5241
1.51184
1.48641
1.45302
1.42138
1.40282
1.40319
1.41825
1.43764
1.45238
1.45841
1.4557
1.44591
1.4304
1.40947
1.38332
1.3537
1.32517
1.3046
1.29843
1.30948
1.33656
1.37734
1.42974
1.48899
1.54524
1.58712
1.60689
1.60207
1.57538
1.53389
1.4869
1.44228
1.40359
1.37025
1.34036
1.31314
1.28918
1.26962
1.25609
1.25086
1.25594
1.27169
1.29598
1.32457
1.35201
1.37336
1.38631
1.39244
1.39671
1.40524
1.42244
1.44883
1.48068
1.5116
1.53503
1.5463
1.54329
1.52605
1.49602
1.45572
1.40891
1.36119
1.31974
1.29149
1.28034
1.2856
1.30386
1.33176
1.36731
1.40921
1.45548
1.50243
1.54447
1.57541
1.59049
1.58762
1.56723
1.53195
1.48591
1.43418
1.38223
1.33514
1.2965
1.26861
1.2533
1.25287
1.26966
1.30348
1.34879
1.39624
1.43785
1.47015
1.49314
1.50776
1.51426
1.51254
1.50383
1.49111
1.47808
1.46752
1.46024
1.4556
1.45195
1.44654
1.43568
1.41708
1.39242
1.36741
1.34938
1.34435
1.35505
1.38027
1.41481
1.45024
1.47726
1.48883
1.48286
1.46255
1.43446
1.40509
1.37801
1.3538
1.332
1.31339
1.30054
1.29655
1.30274
1.3171
1.33522
1.35245
1.36536
1.37157
1.36944
1.35942
1.34531
1.33308
1.32829
1.3342
1.35069
1.3748
1.40231
1.42944
1.45398
1.47552
1.49367
1.50637
1.51005
1.50166
1.48072
1.45043
1.41721
1.38885
1.37141
1.3667
1.37203
1.38294
1.39548
1.40661
1.41362
1.41408
1.40685
1.39312
1.37686
1.36393
1.36032
1.36993
1.39211
1.42157
1.4509
1.47378
1.48649
1.488
1.48003
1.46674
1.45288
1.44091
1.43026
1.41887
1.40496
1.38733
1.36459
1.33617
1.30661
1.28693
1.28679
1.30468
1.33045
1.35513
1.37467
1.38894
1.39974
1.40906
1.41738
1.42387
1.4285
1.43306
1.43884
1.44448
1.44724
1.44659
1.44513
1.44645
1.45184
1.45865
1.46185
1.45731
1.44411
1.42478
1.40405
1.38656
1.37465
1.36855
1.36848
1.37537
1.38887
1.40634
1.42393
1.43822
1.44666
1.44805
1.44283
1.43252
1.4189
1.4036
1.38803
1.3725
1.35545
1.33427
1.30761
1.27681
1.24567
1.21849
1.19905
1.19172
1.20234
1.2351
1.28811
1.35349
1.42179
1.48555
1.5398
1.58119
1.60749
1.61788
1.61342
1.59705
1.57268
1.54372
1.51232
1.47934
1.44497
1.40943
1.37406
1.34172
1.31616
1.30154
1.30338
1.32629
1.36581
1.40708
1.43593
1.44657
1.44007
1.42123
1.39769
1.37821
1.36899
1.37033
1.37765
1.38537
1.39044
1.39301
1.39484
1.39775
1.40294
1.41122
1.42345
1.43945
1.45695
1.47189
1.48107
1.48416
1.48272
1.4783
1.47143
1.46139
1.44588
1.42189
1.38798
1.34687
1.30589
1.27517
1.26436
1.27905
1.31806
1.37263
1.42944
1.47587
1.50443
1.51382
1.50729
1.49072
1.47121
1.45502
1.44491
1.43912
1.43347
1.42483
1.41385
1.40415
1.39833
1.39615
1.39619
1.39716
1.39778
1.39638
1.39125
1.38195
1.37145
1.36694
1.37614
1.40025
1.43188
1.46012
1.47678
1.47861
1.4666
1.44432
1.41697
1.39032
1.36938
1.35649
1.35032
1.3472
1.34441
1.34259
1.34368
1.34663
1.34783
1.3459
1.34304
1.34191
1.34356
1.34825
1.35677
1.37039
1.3888
1.40853
1.42489
1.43586
1.44388
1.45297
1.46317
1.46975
1.46832
1.45904
1.44622
1.43578
1.43205
1.43608
1.44643
1.46083
1.47651
1.49031
1.49896
1.50008
1.49317
1.47962
1.46288
1.4488
1.44512
1.45708
1.48175
1.50834
1.5254
1.52705
1.51439
1.49303
1.46936
1.44757
1.42794
1.40779
1.38525
1.36218
1.3426
1.32823
1.31658
1.30377
1.28768
1.26889
1.24936
1.23108
1.21629
1.2086
1.21307
1.23408
1.27147
1.31864
1.36522
1.40189
1.42357
1.4299
1.424
1.41083
1.39528
1.3812
1.37149
1.36884
1.37519
1.38918
1.40463
1.41316
1.40907
1.39234
1.36825
1.34419
1.32596
1.31668
1.3183
1.33282
1.36096
1.39997
1.4433
1.48306
1.51268
1.52802
1.52766
1.51281
1.48683
1.45433
1.41999
1.38796
1.36246
1.34832
1.34953
1.36604
1.39281
1.42314
1.45176
1.47532
1.49118
1.49659
1.48916
1.46805
1.43499
1.39464
1.35397
1.32075
1.30099
1.29622
1.3026
1.31348
1.32312
1.32896
1.33105
1.33055
1.32896
1.32837
1.33143
1.34057
1.35727
1.3818
1.41364
1.45126
1.49102
1.5267
1.55113
1.559
1.54913
1.52469
1.49163
1.45651
1.42462
1.3992
1.38103
1.36885
1.36016
1.35259
1.34516
1.33893
1.33609
1.3381
1.34388
1.3499
1.3527
1.35179
1.35028
1.35293
1.36304
1.38046
1.40178
1.42152
1.43421
1.43611
1.42648
1.40766
1.38401
1.36037
1.34039
1.32566
1.31589
1.31045
1.30964
1.31483
1.32721
1.34654
1.37017
1.39343
1.41139
1.42108
1.42257
1.41799
1.40943
1.39819
1.38584
1.37508
1.36957
1.37302
1.38744
1.41157
1.44147
1.47225
1.49953
1.51906
1.52663
1.51888
1.49554
1.46114
1.42508
1.39768
1.38461
1.38433
1.39025
1.39496
1.39382
1.38644
1.37581
1.36594
1.35985
1.35855
1.36052
1.36181
1.3584
1.34896
1.33636
1.32615
1.32327
1.32978
1.34482
1.36591
1.39014
1.41463
1.43645
1.45267
1.4607
1.45892
1.44722
1.42725
1.40243
1.37732
1.35642
1.34295
1.33807
1.34073
1.34811
1.35666
1.36339
1.36681
1.3671
1.36574
1.36491
1.36691
1.37355
1.38559
1.4029
1.42445
1.44837
1.4715
1.48967
1.49873
1.49601
1.4813
1.45707
1.42772
1.39823
1.3729
1.35433
1.34327
1.33917
1.34088
1.34722
1.357
1.36826
1.37806
1.3834
1.3821
1.37327
1.35762
1.3381
1.31942
1.30618
1.30072
1.30282
1.31099
1.32401
1.3418
1.36463
1.3916
1.41956
1.44433
1.46311
1.47609
1.4849
1.49075
1.49373
1.49355
1.4899
1.48268
1.47178
1.457
1.43805
1.41476
1.38782
1.35973
1.33566
1.32314
1.32891
1.35392
1.39181
1.43336
1.47119
1.50103
1.52071
1.52941
1.52754
1.51666
1.49923
1.47796
1.45513
1.43225
1.40976
1.38672
1.36123
1.3315
1.29739
1.26192
1.23219
1.21795
1.22557
1.25202
1.28637
1.31818
1.34325
1.36303
1.38029
1.39493
1.40394
1.40464
1.39731
1.38467
1.37035
1.35779
1.34996
1.34865
1.35365
1.36273
1.37229
1.37845
1.37844
1.37242
1.36392
1.35825
1.35949
1.3692
1.38647
1.40823
1.42996
1.44741
1.4582
1.46214
1.46016
1.45318
1.44168
1.42595
1.40678
1.38564
1.36447
1.3454
1.33043
1.32176
1.32185
1.33296
1.35559
1.38715
1.42281
1.45768
1.4885
1.51375
1.5328
1.54438
1.54622
1.53651
1.51555
1.48635
1.45353
1.42184
1.39467
1.37316
1.3567
1.34523
1.3408
1.34593
1.35892
1.3727
1.38033
1.37939
1.37203
1.36261
1.35512
1.35097
1.3489
1.34718
1.34591
1.34697
1.35201
1.36043
1.36968
1.37756
1.38429
1.39253
1.40546
1.42439
1.44763
1.47163
1.49272
1.50829
1.51674
1.51679
1.50708
1.48692
1.45765
1.42334
1.39013
1.36436
1.35064
1.3499
1.35902
1.37254
1.38529
1.39388
1.39668
1.39358
1.38575
1.37498
1.36228
1.347
1.32802
1.30595
1.28448
1.26997
1.26936
1.2869
1.32212
1.36984
1.42253
1.47287
1.51573
1.54887
1.5722
1.58623
1.59108
1.58627
1.5713
1.54647
1.51288
1.47216
1.42671
1.38028
1.33839
1.30723
1.29091
1.28968
1.30071
1.31972
1.34162
1.36071
1.37166
1.37089
1.35823
1.3381
1.3193
1.31167
1.32073
1.34381
1.37173
1.39385
1.4029
1.39747
1.38266
1.36858
1.36607
1.38052
1.40912
1.44312
1.47278
1.4915
1.49688
1.48941
1.4716
1.44834
1.42599
1.40982
1.40231
1.40293
1.4094
1.41947
1.43136
1.44348
1.45396
1.46097
1.46295
1.45892
1.44871
1.43322
1.41484
1.39727
1.38478
1.38041
1.38405
1.39244
1.40094
1.40609
1.40732
1.40709
1.40909
1.41564
1.42634
1.4385
1.44864
1.45408
1.45416
1.44993
1.44238
1.43108
1.4145
1.39172
1.36376
1.33326
1.30338
1.27719
1.25769
1.24721
1.24642
1.25421
1.26842
1.28685
1.30737
1.32826
1.34781
1.36392
1.37415
1.37652
1.37052
1.35779
1.34209
1.32841
1.32105
1.32194
1.32955
1.33944
1.34581
1.3445
1.33646
1.32836
1.32795
1.33765
1.3534
1.36907
1.38117
1.39013
1.39882
1.40996
1.42385
1.43809
1.44877
1.45234
1.44706
1.43393
1.41696
1.40261
1.39828
1.40979
1.43856
1.48025
1.52602
1.56603
1.59295
1.60362
1.59907
1.58317
1.56073
1.53585
1.51086
1.48587
1.4586
1.42562
1.38591
1.34374
1.3072
1.28274
1.27177
1.27247
1.28232
1.29855
1.31809
1.3383
1.35807
1.3777
1.398
1.41934
1.44122
1.46206
1.47957
1.49149
1.49705
1.49755
1.49562
1.49356
1.49255
1.493
1.49467
1.49591
1.49304
1.48121
1.45698
1.42033
1.37539
1.32954
1.29155
1.26937
1.26791
1.28708
1.32163
1.36304
1.40238
1.43283
1.45058
1.45391
1.44183
1.41402
1.3719
1.32048
1.26878
1.22811
1.20775
1.21046
1.23136
1.26099
1.29039
1.31523
1.33615
1.356
1.37656
1.39734
1.41665
1.43272
1.44457
1.45229
1.45697
1.46018
1.46294
1.46461
1.46317
1.45698
1.44645
1.43434
1.42449
1.41982
1.42153
1.42955
1.4433
1.46157
1.48209
1.50179
1.51775
1.52823
1.5328
1.53163
1.52448
1.51012
1.48704
1.45511
1.41717
1.3793
1.349
1.33216
1.33067
1.34214
1.36135
1.38203
1.39787
1.40328
1.39461
1.37137
1.33704
1.29836
1.26313
1.23732
1.22312
1.21936
1.22361
1.23447
1.25212
1.27719
1.30883
1.34364
1.37657
1.40283
1.41894
1.42361
1.41876
1.40915
1.39996
1.39386
1.39078
1.3896
1.38953
1.39079
1.39463
1.40255
1.415
1.43011
1.44419
1.45347
1.45588
1.45145
1.44169
1.42839
1.41325
1.39823
1.38586
1.37904
1.38026
1.39071
1.40991
1.43491
1.46005
1.47815
1.48349
1.47422
1.45336
1.428
1.40644
1.39501
1.39653
1.41062
1.43359
1.45834
1.47589
1.47852
1.46241
1.42909
1.38534
1.34153
1.30838
1.29298
1.29618
1.31326
1.33652
1.35825
1.37279
1.37744
1.37268
1.36189
1.35057
1.34517
1.3504
1.36636
1.38794
1.40733
1.41816
1.41851
1.41134
1.4025
1.39687
1.39508
1.39389
1.38961
1.3811
1.37049
1.36193
1.35979
1.36808
1.38854
1.41845
1.45084
1.4782
1.49582
1.50294
1.50222
1.49828
1.49604
1.49881
1.50666
1.51614
1.52172
1.51819
1.50312
1.47818
1.44861
1.42083
1.39955
1.3859
1.37787
1.37187
1.36454
1.35436
1.34229
1.33116
1.32404
1.32293
1.32829
1.33928
1.35402
1.3698
1.38344
1.39247
1.39633
1.39666
1.39604
1.39622
1.39733
1.39775
1.39482
1.38617
1.37091
1.34995
1.32611
1.30426
1.29011
1.28778
1.29828
1.31962
1.34746
1.37625
1.40102
1.41843
1.42694
1.42632
1.41707
1.40057
1.37936
1.3575
1.34024
1.33251
1.33674
1.35193
1.37544
1.40441
1.43521
1.46294
1.48286
1.49238
1.49157
1.48264
1.46945
1.45628
1.44592
1.43927
1.43677
1.43919
1.44589
1.45378
1.45869
1.45805
1.45222
1.44459
1.44017
1.44286
1.45299
1.46666
1.4772
1.47768
1.46346
1.43418
1.39427
1.35117
1.31205
1.28127
1.26012
1.24832
1.24506
1.24908
1.25868
1.27243
1.2901
1.31206
1.33736
1.36313
1.38557
1.40111
1.40711
1.40214
1.38648
1.36301
1.33775
1.31765
1.306
1.30086
1.29921
1.30119
1.31002
1.32908
1.35857
1.3932
1.42421
1.44399
1.44918
1.4411
1.42479
1.40736
1.39578
1.39409
1.40179
1.4144
1.42603
1.432
1.43002
1.4205
1.40642
1.39233
1.38257
1.37979
1.38433
1.39443
1.40664
1.41685
1.42204
1.42164
1.41756
1.41275
1.40929
1.40758
1.40662
1.40475
1.40012
1.39084
1.37519
1.35284
1.32691
1.30528
1.29828
1.31213
1.34358
1.3818
1.41527
1.43692
1.44482
1.44123
1.4318
1.42573
1.43295
1.45607
1.48745
1.51706
1.53831
1.54664
1.53972
1.5209
1.49976
1.48626
1.48299
1.4841
1.48239
1.4752
1.46454
1.4538
1.44478
1.43651
1.42691
1.41521
1.40346
1.39605
1.39696
1.40712
1.42476
1.44712
1.47022
1.4878
1.49225
1.47793
1.44468
1.39951
1.35437
1.32022
1.30222
1.3006
1.31446
1.3427
1.3824
1.42767
1.47046
1.50306
1.52049
1.52132
1.50707
1.48098
1.44734
1.41102
1.37733
1.35102
1.33486
1.32864
1.32968
1.33436
1.3399
1.34515
1.34987
1.35335
1.35433
1.35184
1.34659
1.34126
1.33888
1.34021
1.34263
1.34188
1.33531
1.32387
1.31146
1.30205
1.29725
1.29643
1.29831
1.3019
1.30672
1.31369
1.32549
1.34438
1.36885
1.39369
1.41345
1.42424
1.42364
1.41021
1.38399
1.34763
1.30717
1.27129
1.24865
1.2449
1.26114
1.29446
1.33954
1.39036
1.44102
1.48596
1.5203
1.54019
1.54385
1.53259
1.51063
1.48385
1.45767
1.43552
1.41895
1.40918
1.40786
1.41552
1.4287
1.44046
1.44347
1.43351
1.41146
1.38314
1.35772
1.34419
1.34639
1.36083
1.3797
1.39624
1.40813
1.41723
1.42656
1.43705
1.44756
1.45768
1.46853
1.47976
1.48741
1.4855
1.46895
1.43581
1.38868
1.33503
1.28583
1.25263
1.24393
1.26205
1.30222
1.35426
1.40634
1.44899
1.47769
1.49292
1.49825
1.49771
1.49406
1.48834
1.48061
1.4709
1.45965
1.44741
1.43394
1.41794
1.39795
1.3736
1.3469
1.32181
1.30228
1.29054
1.28685
1.28973
1.29682
1.30624
1.31712
1.32891
1.34021
1.34896
1.35347
1.35337
1.34961
1.34377
1.33714
1.3305
1.32453
1.32057
1.32085
1.32768
1.34184
1.3621
1.38624
1.41178
1.43596
1.45564
1.4679
1.4706
1.46314
1.44728
1.42701
1.40755
1.39375
1.38891
1.39371
1.40618
1.42284
1.44037
1.45676
1.47124
1.48337
1.49199
1.49459
1.48879
1.47359
1.44941
1.41737
1.37922
1.33809
1.29995
1.27299
1.26315
1.26994
1.28834
1.3133
1.34175
1.37156
1.40056
1.42616
1.44565
1.458
1.46545
1.4721
1.48059
1.49055
1.50107
1.51342
1.52995
1.54942
1.56575
1.57214
1.56569
1.54775
1.52196
1.49216
1.46155
1.43255
1.40685
1.38528
1.36765
1.35327
1.34202
1.33491
1.33294
1.33531
1.33882
1.33964
1.33511
1.32447
1.3085
1.28937
1.27077
1.25741
1.25328
1.26007
1.27679
1.30067
1.32774
1.35344
1.37423
1.38905
1.39916
1.40626
1.41047
1.4097
1.401
1.38292
1.35724
1.32876
1.30363
1.28811
1.288
1.30726
1.34582
1.39814
1.45438
1.50375
1.53807
1.55392
1.55225
1.53657
1.51126
1.48086
1.44981
1.42192
1.40015
1.38678
1.38353
1.39038
1.40453
1.42086
1.43393
1.44007
1.4382
1.4295
1.41655
1.40284
1.39158
1.38442
1.38129
1.38205
1.38708
1.39587
1.40505
1.40939
1.40519
1.39229
1.37343
1.35266
1.33449
1.32301
1.32062
1.32749
1.34228
1.36242
1.38429
1.40409
1.41928
1.42955
1.43622
1.44083
1.44393
1.44541
1.44555
1.44477
1.4426
1.43783
1.42953
1.41776
1.40417
1.39244
1.38707
1.39085
1.40295
1.41925
1.43484
1.44596
1.45091
1.44984
1.44384
1.43379
1.41995
1.40205
1.37975
1.35312
1.32358
1.29468
1.27188
1.26083
1.26565
1.28761
1.32477
1.37178
1.42079
1.46302
1.49087
1.50012
1.49167
1.47153
1.44812
1.42818
1.4149
1.40943
1.41282
1.42578
1.44683
1.47073
1.48967
1.49607
1.48537
1.45788
1.41875
1.37627
1.33878
1.31185
1.29709
1.29358
1.30025
1.31649
1.34027
1.36651
1.38838
1.40069
1.40213
1.39502
1.3831
1.3699
1.35857
1.35295
1.35835
1.37935
1.41549
1.4596
1.50115
1.53136
1.54593
1.54492
1.53146
1.51
1.48547
1.4628
1.4458
1.43508
1.42809
1.42211
1.4164
1.4113
1.40588
1.39794
1.38638
1.37298
1.36217
1.35881
1.36593
1.38338
1.40801
1.43531
1.46091
1.48122
1.49312
1.49347
1.47984
1.45158
1.41114
1.36507
1.32303
1.29423
1.28283
1.28605
1.29669
1.30766
1.31472
1.31678
1.31499
1.31133
1.30765
1.30492
1.30345
1.30368
1.30658
1.31322
1.32388
1.33777
1.35357
1.37033
1.38782
1.40641
1.42651
1.44699
1.46443
1.47465
1.47586
1.47115
1.46774
1.47206
1.4855
1.50507
1.52609
1.5436
1.55319
1.55213
1.54026
1.52026
1.49714
1.47623
1.46015
1.44769
1.43537
1.41963
1.39832
1.37186
1.34365
1.31907
1.30324
1.29871
1.3042
1.31513
1.32575
1.33195
1.33289
1.33108
1.33075
1.33546
1.34571
1.35864
1.37056
1.37943
1.38528
1.38905
1.39193
1.39515
1.39976
1.40609
1.41306
1.41818
1.41838
1.41142
1.39781
1.38162
1.36887
1.36389
1.36657
1.37345
1.3813
1.38917
1.39755
1.40661
1.41659
1.42909
1.44581
1.46565
1.48408
1.49578
1.49627
1.48244
1.45354
1.41243
1.36575
1.32251
1.29149
1.27896
1.28652
1.31022
1.34251
1.37593
1.40528
1.42793
1.44336
1.45254
1.45767
1.46111
1.46408
1.46563
1.46334
1.45527
1.44141
1.42361
1.40461
1.38704
1.3727
1.36215
1.35447
1.34737
1.33831
1.32573
1.30969
1.29183
1.27519
1.26418
1.26357
1.27649
1.30249
1.33757
1.37555
1.40925
1.43152
1.43684
1.42285
1.39151
1.34939
1.30659
1.27449
1.26191
1.27233
1.30298
1.34589
1.3907
1.42804
1.45201
1.46101
1.45683
1.44314
1.42375
1.4019
1.38006
1.36036
1.34478
1.33475
1.33047
1.3311
1.33586
1.34509
1.36018
1.38197
1.40935
1.43949
1.46901
1.49447
1.51226
1.51854
1.51048
1.48799
1.4545
1.41651
1.3823
1.35958
1.35254
1.36022
1.37755
1.39814
1.41659
1.4287
1.4313
1.4227
1.40442
1.38127
1.35948
1.34349
1.33477
1.33354
1.3406
1.35676
1.38092
1.40892
1.43412
1.44981
1.45207
1.44158
1.42355
1.40494
1.39
1.37808
1.36569
1.35048
1.33346
1.31872
1.31119
1.31402
1.32652
1.34375
1.35826
1.36308
1.35486
1.33542
1.31129
1.29108
1.28167
1.28525
1.29964
1.32094
1.34521
1.36818
1.38516
1.39299
1.39241
1.38841
1.38758
1.3943
1.40852
1.42582
1.43931
1.44252
1.43351
1.41853
1.41033
1.41866
1.44156
1.46783
1.48601
1.4901
1.48042
1.46145
1.439
1.41889
1.406
1.40289
1.40844
1.41767
1.42368
1.42026
1.4043
1.3769
1.34288
1.3086
1.27992
1.26138
1.25632
1.26653
1.29097
1.32532
1.36327
1.39874
1.42709
1.44564
1.45424
1.45609
1.45698
1.46269
1.47555
1.49284
1.50872
1.51782
1.51803
1.51112
1.50127
1.49284
1.48803
1.48577
1.48236
1.47313
1.45409
1.42338
1.38246
1.33619
1.29119
1.25293
1.22439
1.20664
1.20023
1.20539
1.22133
1.24576
1.27536
1.30676
1.33721
1.36433
1.38558
1.39842
1.40136
1.39559
1.38612
1.38109
1.38758
1.40667
1.4323
1.45547
1.46919
1.47068
1.46062
1.44111
1.41469
1.38465
1.3566
1.33858
1.33819
1.358
1.39305
1.43325
1.46836
1.49161
1.50015
1.49378
1.47348
1.44086
1.39861
1.35153
1.30715
1.27416
1.25858
1.26055
1.27526
1.29653
1.31953
1.34144
1.36133
1.37923
1.39522
1.4082
1.4157
1.41508
1.40557
1.38956
1.37159
1.35628
1.34771
1.34972
1.36395
1.38715
1.41255
1.43419
1.44925
1.45835
1.46454
1.47151
1.48155
1.49462
1.50848
1.51963
1.52383
1.51745
1.49967
1.47295
1.44121
1.40758
1.37496
1.34885
1.33572
1.33538
1.33891
1.33712
1.32815
1.31662
1.30884
1.30901
1.31847
1.3369
1.36311
1.39448
1.42631
1.4527
1.46849
1.47115
1.46145
1.44305
1.42092
1.40013
1.38499
1.37806
1.37917
1.38487
1.38966
1.38847
1.37896
1.36321
1.34743
1.33861
1.33882
1.34446
1.35213
1.36272
1.37853
1.39934
1.42124
1.43894
1.44824
1.44711
1.43558
1.41601
1.39436
1.37908
1.37683
1.38869
1.41016
1.43411
1.45324
1.46155
1.45507
1.43221
1.39402
1.34467
1.29217
1.2479
1.22369
1.22652
1.25453
1.29807
1.34519
1.38674
1.41865
1.44185
1.46071
1.48033
1.50321
1.5275
1.54894
1.56394
1.57116
1.57044
1.5612
1.54209
1.51178
1.47046
1.42054
1.36694
1.31679
1.27858
1.26057
1.26731
1.29506
1.33173
1.36478
1.38825
1.40322
1.41372
1.42229
1.42851
1.43092
1.42928
1.42493
1.42032
1.41884
1.42298
1.43199
1.4427
1.45214
1.45857
1.46122
1.45979
1.45474
1.44771
1.44137
1.43785
1.43705
1.43641
1.43293
1.42526
1.41374
1.3994
1.3832
1.36599
1.3488
1.33349
1.32276
1.31925
1.32449
1.33737
1.35392
1.36881
1.37776
1.37873
1.37192
1.35946
1.34521
1.33407
1.33056
1.33711
1.35253
1.37284
1.39398
1.41401
1.43267
1.44946
1.46323
1.47276
1.47773
1.47857
1.47558
1.46872
1.45813
1.44477
1.43025
1.41586
1.40207
1.38872
1.37511
1.36028
1.34422
1.32936
1.32078
1.32348
1.33801
1.35939
1.38018
1.39471
1.40124
1.40142
1.39837
1.3945
1.39049
1.38637
1.38283
1.38124
1.3819
1.38292
1.38085
1.37287
1.3585
1.34034
1.32386
1.31538
1.31836
1.33147
1.35017
1.36911
1.38317
1.38741
1.37855
1.35669
1.32614
1.29348
1.26449
1.24314
1.2332
1.23837
1.26054
1.29802
1.34547
1.39595
1.44343
1.48383
1.51449
1.53344
1.53992
1.53536
1.52369
1.50966
1.49627
1.48421
1.47338
1.46441
1.45889
1.45861
1.4643
1.47517
1.48939
1.50469
1.51804
1.52497
1.51973
1.49772
1.45825
1.40575
1.34845
1.29597
1.25668
1.23579
1.23416
1.24764
1.26768
1.28416
1.28938
1.28081
1.26135
1.23796
1.2197
1.21583
1.23236
1.2675
1.31181
1.35388
1.38569
1.40394
1.40891
1.40283
1.38863
1.36956
1.34903
1.33027
1.31585
1.30817
1.30988
1.32309
1.34753
1.37958
1.41387
1.44603
1.47381
1.49651
1.51382
1.52532
1.53073
1.52984
1.52252
1.50877
1.48947
1.46692
1.44436
1.42539
1.41272
1.40737
1.40892
1.41599
1.42667
1.43815
1.44663
1.44819
1.44016
1.42217
1.39652
1.36803
1.34387
1.33261
1.34137
1.37177
1.41781
1.46834
1.51145
1.538
1.54297
1.52559
1.48926
1.44128
1.39052
1.34387
1.30461
1.27316
1.2484
1.22925
1.21606
1.21182
1.22139
1.24672
1.28223
1.3185
1.34966
1.37476
1.3942
1.40683
1.41054
1.40511
1.39385
1.38178
1.37151
1.36228
1.35363
1.34811
1.35119
1.3686
1.40315
1.45311
1.51223
1.5715
1.62155
1.65507
1.66841
1.66145
1.63663
1.5983
1.55257
1.50736
1.47057
1.4467
1.43463
1.42876
1.42284
1.41322
1.39992
1.3854
1.372
1.3596
1.34478
1.32251
1.28968
1.24849
1.20749
1.17949
1.17588
1.19904
1.23938
1.28281
1.32028
1.35016
1.37468
1.39622
1.41532
1.43081
1.44126
1.44643
1.44832
1.45078
1.45766
1.47084
1.48997
1.5129
1.53657
1.55746
1.57239
1.57902
1.57623
1.56393
1.54295
1.51516
1.48363
1.45167
1.42116
1.39209
1.364
1.33725
1.31303
1.29316
1.27913
1.27184
1.27187
1.27972
1.29541
1.31743
1.34221
1.36483
1.38085
1.38775
1.38525
1.37528
1.36216
1.35216
1.35123
1.36192
1.38204
1.40656
1.43053
1.45116
1.46767
1.47984
1.487
1.48813
1.48255
1.46989
1.45021
1.42587
1.40391
1.394
1.39977
1.41412
1.42633
1.43085
1.4285
1.42355
1.42005
1.41951
1.4201
1.41783
1.40888
1.39228
1.37088
1.35013
1.33562
1.33016
1.3322
1.33698
1.33955
1.33715
1.32968
1.31947
1.31059
1.30746
1.31279
1.32648
1.34685
1.37236
1.40146
1.43147
1.45812
1.47614
1.48061
1.46874
1.44143
1.40372
1.36356
1.32933
1.30728
1.29984
1.30545
1.31994
1.33814
1.35549
1.36935
1.37953
1.38728
1.39319
1.3957
1.39158
1.37833
1.35601
1.32833
1.30168
1.28331
1.27879
1.29022
1.31561
1.34976
1.38564
1.4158
1.43369
1.43561
1.42209
1.39789
1.37063
1.34866
1.33932
1.34689
1.36992
1.40104
1.43143
1.45547
1.47119
1.47795
1.47503
1.46244
1.44255
1.42065
1.40326
1.39535
1.3981
1.40882
1.42247
1.43418
1.44113
1.44303
1.44127
1.4372
1.43086
1.4212
1.40687
1.38741
