-5.46561
-5.46302
-5.46431
-5.46464
-5.46496
-5.46335
-5.46561
-5.46237
-5.46334
-5.46399
-5.46367
-5.46399
-5.46399
-5.46399
-5.46302
-5.4627
-5.46302
-5.46432
-5.46334
-5.46464
-5.46431
-5.46561
-5.46432
-5.46529
-5.46593
-5.46528
-5.46787
-5.46658
-5.46399
-5.46431
-5.46464
-5.46302
-5.4627
-5.46399
-5.46367
-5.464
-5.46367
-5.46335
-5.46303
-5.46011
-5.45849
-5.46011
-5.46043
-5.46173
-5.46237
-5.46432
-5.46496
-5.46496
-5.46464
-5.46561
-5.46334
-5.46302
-5.46464
-5.46561
-5.46626
-5.46399
-5.46367
-5.46302
-5.4614
-5.46107
-5.46042
-5.4588
-5.45686
-5.45686
-5.45751
-5.45945
-5.4601
-5.46043
-5.4614
-5.4627
-5.46335
-5.4614
-5.46432
-5.46366
-5.46399
-5.46496
-5.46334
-5.46237
-5.46399
-5.46042
-5.46042
-5.46172
-5.4614
-5.4601
-5.46139
-5.46172
-5.46075
-5.46431
-5.4669
-5.46852
-5.46949
-5.46949
-5.46917
-5.46723
-5.46885
-5.46723
-5.46788
-5.46594
-5.46561
-5.46723
-5.46723
-5.4669
-5.46755
-5.46949
-5.46755
-5.46658
-5.46529
-5.46464
-5.4627
-5.4627
-5.46367
-5.46302
-5.46205
-5.46043
-5.46011
-5.46043
-5.4627
-5.46075
-5.46075
-5.4601
-5.45881
-5.45751
-5.45816
-5.46043
-5.46205
-5.46302
-5.4627
-5.46529
-5.4669
-5.46723
-5.46399
-5.46399
-5.46302
-5.46334
-5.46204
-5.4601
-5.4601
-5.45719
-5.45913
-5.45881
-5.46075
-5.4614
-5.46238
-5.46464
-5.46691
-5.46691
-5.46593
-5.46464
-5.46269
-5.46237
-5.46043
-5.45978
-5.46205
-5.4627
-5.4614
-5.4627
-5.4627
-5.46108
-5.46011
-5.46108
-5.4614
-5.46075
-5.46269
-5.46367
-5.46529
-5.46432
-5.46593
-5.46658
-5.46593
-5.46722
-5.46722
-5.46787
-5.4682
-5.46691
-5.46561
-5.46529
-5.46562
-5.46659
-5.46626
-5.46626
-5.46626
-5.46723
-5.46723
-5.46787
-5.46658
-5.46464
-5.4627
-5.46076
-5.46302
-5.46335
-5.46367
-5.46334
-5.46399
-5.46302
-5.46496
-5.46464
-5.46496
-5.46302
-5.46011
-5.4614
-5.46141
-5.46303
-5.46205
-5.46302
-5.4614
-5.46302
-5.46237
-5.46237
-5.46269
-5.46399
-5.46497
-5.46626
-5.46627
-5.46594
-5.46562
-5.46497
-5.46367
-5.46367
-5.46431
-5.46334
-5.4614
-5.46334
-5.46205
-5.46432
-5.46496
-5.46497
-5.46335
-5.46464
-5.4627
-5.464
-5.46464
-5.46529
-5.46561
-5.46496
-5.46496
-5.46367
-5.46399
-5.46302
-5.46043
-5.46173
-5.46141
-5.46238
-5.46206
-5.464
-5.46271
-5.46368
-5.464
-5.46367
-5.46303
-5.46464
-5.46432
-5.46432
-5.46497
-5.46497
-5.46529
-5.46238
-5.46109
-5.46012
-5.45882
-5.46141
-5.46174
-5.46239
-5.46142
-5.46239
-5.46206
-5.46174
-5.46141
-5.46368
-5.464
-5.46465
-5.46659
-5.46595
-5.46789
-5.46789
-5.46821
-5.46951
-5.46692
-5.46627
-5.46498
-5.46563
-5.46433
-5.46465
-5.46368
-5.46336
-5.46562
-5.46433
-5.46271
-5.46206
-5.46238
-5.46303
-5.46271
-5.46207
-5.46498
-5.46563
-5.46467
-5.46402
-5.46337
-5.46402
-5.46175
-5.4611
-5.46207
-5.46207
-5.4611
-5.45916
-5.45883
-5.4598
-5.45883
-5.46142
-5.45851
-5.45851
-5.46013
-5.46045
-5.45916
-5.45948
-5.45787
-5.45948
-5.46078
-5.46207
-5.46175
-5.46304
-5.46143
-5.46143
-5.46175
-5.4624
-5.46175
-5.46305
-5.46208
-5.46273
-5.46337
-5.46111
-5.4624
-5.46111
-5.46143
-5.46111
-5.46143
-5.45982
-5.4595
-5.45788
-5.46047
-5.46209
-5.46306
-5.46435
-5.4637
-5.4637
-5.46435
-5.46337
-5.46435
-5.46402
-5.46467
-5.46565
-5.46629
-5.46694
-5.46694
-5.46532
-5.46468
-5.46241
-5.46241
-5.46241
-5.46046
-5.46111
-5.45982
-5.45852
-5.46079
-5.45982
-5.46079
-5.46078
-5.4624
-5.46176
-5.46176
-5.46209
-5.46338
-5.46241
-5.46176
-5.4637
-5.46144
-5.46241
-5.46435
-5.4637
-5.46208
-5.46176
-5.4624
-5.46208
-5.46272
-5.46208
-5.46143
-5.46112
-5.46015
-5.4608
-5.46242
-5.46144
-5.46306
-5.46436
-5.46338
-5.46273
-5.46435
-5.46467
-5.4637
-5.4637
-5.46532
-5.4663
-5.46824
-5.46921
-5.46921
-5.46759
-5.46565
-5.46629
-5.465
-5.46435
-5.46402
-5.465
-5.46597
-5.46467
-5.46208
-5.46402
-5.46467
-5.46273
-5.46273
-5.46209
-5.45982
-5.4608
-5.46112
-5.46306
-5.4637
-5.46273
-5.4624
-5.46338
-5.46499
-5.46435
-5.46338
-5.46467
-5.46532
-5.46532
-5.46273
-5.4637
-5.46241
-5.46111
-5.46144
-5.46176
-5.46047
-5.46079
-5.46014
-5.46014
-5.46047
-5.45949
-5.45917
-5.46014
-5.45982
-5.45982
-5.46208
-5.46079
-5.46047
-5.4595
-5.46047
-5.4595
-5.46209
-5.46241
-5.46371
-5.46241
-5.46403
-5.465
-5.4637
-5.46305
-5.46467
-5.46305
-5.46143
-5.46013
-5.45884
-5.45755
-5.45787
-5.45885
-5.46014
-5.46047
-5.4582
-5.4569
-5.45755
-5.45884
-5.45981
-5.46014
-5.46143
-5.46143
-5.46208
-5.46273
-5.46241
-5.46305
-5.46306
-5.46597
-5.46564
-5.46791
-5.46855
-5.46758
-5.46693
-5.46791
-5.46791
-5.46759
-5.46597
-5.46565
-5.46468
-5.46468
-5.46403
-5.46305
-5.46143
-5.46046
-5.46272
-5.46175
-5.46435
-5.4637
-5.46305
-5.46306
-5.46274
-5.46306
-5.46338
-5.46338
-5.46112
-5.46015
-5.4608
-5.46112
-5.4595
-5.4595
-5.45853
-5.45982
-5.45917
-5.45982
-5.46111
-5.46176
-5.46144
-5.46241
-5.46241
-5.46144
-5.46209
-5.46112
-5.46242
-5.46144
-5.46177
-5.46242
-5.46144
-5.46533
-5.46533
-5.46307
-5.46404
-5.46598
-5.46566
-5.46533
-5.46371
-5.46339
-5.46014
-5.46014
-5.45885
-5.45917
-5.45788
-5.45658
-5.45755
-5.46014
-5.46014
-5.46047
-5.46241
-5.46404
-5.46501
-5.46695
-5.46954
-5.46921
-5.46824
-5.46856
-5.46597
-5.46532
-5.465
-5.46532
-5.46661
-5.46661
-5.46564
-5.46499
-5.46596
-5.46402
-5.46435
-5.46435
-5.46467
-5.46402
-5.4637
-5.46143
-5.46079
-5.46176
-5.46046
-5.46144
-5.46144
-5.46273
-5.46435
-5.465
-5.4637
-5.46597
-5.46532
-5.46791
-5.46629
-5.46791
-5.46791
-5.46402
-5.46564
-5.46338
-5.46144
-5.46565
-5.46727
-5.46856
-5.46921
-5.46953
-5.46791
-5.46564
-5.46564
-5.46467
-5.46337
-5.46337
-5.4624
-5.46305
-5.46014
-5.46014
-5.46046
-5.46078
-5.46111
-5.46111
-5.46208
-5.46369
-5.46337
-5.4624
-5.46143
-5.4611
-5.4611
-5.46272
-5.46207
-5.46142
-5.46078
-5.46078
-5.4611
-5.46175
-5.46337
-5.46175
-5.4624
-5.46304
-5.4624
-5.46304
-5.46369
-5.46563
-5.46596
-5.4666
-5.46401
-5.46563
-5.46466
-5.46369
-5.46304
-5.4611
-5.45883
-5.45754
-5.45948
-5.45916
-5.45883
-5.45851
-5.45916
-5.45981
-5.46078
-5.46045
-5.46207
-5.46045
-5.46336
-5.46077
-5.46077
-5.46239
-5.46272
-5.46401
-5.46434
-5.46466
-5.46402
-5.46467
-5.46305
-5.4637
-5.46662
-5.46629
-5.46953
-5.46953
-5.46856
-5.4705
-5.46888
-5.46694
-5.46563
-5.46304
-5.46336
-5.46207
-5.46369
-5.46304
-5.46305
-5.46208
-5.46111
-5.46143
-5.46143
-5.46176
-5.46435
-5.46531
-5.46531
-5.46467
-5.46402
-5.46402
-5.46499
-5.46337
-5.4624
-5.46337
-5.46499
-5.46207
-5.46207
-5.4624
-5.4624
-5.46272
-5.46078
-5.45948
-5.4611
-5.46337
-5.46369
-5.46142
-5.46239
-5.46337
-5.46434
-5.46499
-5.46531
-5.46596
-5.46499
-5.46434
-5.46466
-5.46304
-5.46563
-5.46465
-5.46627
-5.46725
-5.4666
-5.46498
-5.46595
-5.46336
-5.46239
-5.46498
-5.46433
-5.46466
-5.4666
-5.46628
-5.46401
-5.46336
-5.46692
-5.46563
-5.46595
-5.46466
-5.46239
-5.46142
-5.46206
-5.46239
-5.46368
-5.46368
-5.464
-5.46077
-5.46174
-5.46336
-5.46433
-5.46497
-5.46335
-5.46465
-5.46303
-5.46109
-5.46303
-5.46465
-5.46562
-5.46595
-5.46627
-5.46659
-5.46757
-5.46757
-5.46854
-5.46886
-5.46822
-5.4666
-5.46919
-5.46724
-5.46562
-5.46303
-5.46336
-5.46498
-5.4666
-5.46659
-5.46465
-5.46529
-5.46465
-5.46497
-5.46141
-5.46271
-5.46368
-5.46433
-5.46465
-5.46498
-5.46498
-5.46595
-5.46498
-5.46368
-5.46303
-5.46433
-5.46627
-5.46691
-5.46529
-5.46432
-5.4627
-5.4627
-5.46076
-5.46205
-5.46206
-5.46109
-5.464
-5.46336
-5.46498
-5.4653
-5.46724
-5.46692
-5.46595
-5.46433
-5.46433
-5.4653
-5.46562
-5.4666
-5.46595
-5.46433
-5.464
-5.4653
-5.46497
-5.46562
-5.46335
-5.46141
-5.46303
-5.46044
-5.45979
-5.46044
-5.46011
-5.45979
-5.46012
-5.46141
-5.46206
-5.46173
-5.46206
-5.46205
-5.46238
-5.46141
-5.46141
-5.46173
-5.46271
-5.46206
-5.46077
-5.46336
-5.464
-5.46562
-5.46627
-5.46465
-5.464
-5.464
-5.46433
-5.46498
-5.46401
-5.46271
-5.46336
-5.46142
-5.46142
-5.45947
-5.46012
-5.45947
-5.46206
-5.46497
-5.46497
-5.46595
-5.46401
-5.46465
-5.46498
-5.46336
-5.46368
-5.46239
-5.46368
-5.46627
-5.4653
-5.46432
-5.4653
-5.46595
-5.46757
-5.46627
-5.46466
-5.46401
-5.46271
-5.46077
-5.46077
-5.46012
-5.46012
-5.46076
-5.46303
-5.46173
-5.46076
-5.45979
-5.46108
-5.46173
-5.46109
-5.46206
-5.46206
-5.46303
-5.46141
-5.46271
-5.4653
-5.464
-5.46368
-5.46141
-5.46205
-5.46432
-5.46335
-5.46465
-5.46335
-5.46433
-5.46465
-5.46659
-5.46562
-5.4653
-5.46433
-5.46206
-5.46206
-5.46174
-5.46238
-5.46076
-5.45882
-5.46076
-5.46076
-5.46011
-5.45785
-5.45623
-5.45655
-5.45655
-5.45753
-5.45785
-5.45687
-5.45882
-5.45979
-5.45849
-5.46205
-5.46173
-5.46044
-5.4627
-5.46206
-5.46303
-5.46141
-5.46303
-5.46043
-5.45946
-5.45881
-5.45849
-5.46044
-5.46141
-5.46205
-5.46302
-5.46367
-5.46399
-5.46367
-5.46561
-5.46302
-5.46367
-5.46497
-5.46562
-5.46691
-5.46432
-5.46335
-5.46173
-5.46238
-5.4627
-5.46431
-5.46399
-5.46269
-5.46658
-5.46593
-5.46496
-5.46432
-5.46432
-5.46432
-5.46302
-5.46302
-5.46108
-5.46172
-5.46302
-5.46464
-5.46399
-5.46237
-5.46593
-5.46367
-5.4627
-5.46302
-5.4627
-5.46367
-5.46431
-5.46367
-5.46107
-5.4614
-5.4601
-5.46043
-5.46043
-5.46205
-5.46044
-5.46238
-5.46303
-5.46497
-5.46529
-5.46366
-5.46107
-5.46108
-5.46302
-5.4627
-5.46011
-5.46238
-5.46141
-5.46205
-5.46367
-5.46335
-5.46238
-5.4627
-5.46497
-5.46432
-5.46562
-5.4627
-5.46303
-5.46303
-5.46335
-5.46399
-5.46529
-5.46431
-5.46334
-5.46172
-5.46075
-5.46075
-5.4601
-5.46075
-5.46075
-5.46075
-5.46205
-5.46334
-5.46464
-5.46561
-5.46723
-5.46723
-5.46755
-5.46788
-5.46723
-5.46626
-5.46432
-5.46303
-5.46206
-5.46238
-5.46205
-5.4614
-5.45849
-5.45751
-5.45751
-5.45913
-5.45978
-5.46043
-5.45946
-5.46108
-5.46076
-5.46303
-5.464
-5.464
-5.46529
-5.46464
-5.46464
-5.46464
-5.46075
-5.46237
-5.46108
-5.46334
-5.46302
-5.46205
-5.46205
-5.46237
-5.4614
-5.46107
-5.45881
-5.45718
-5.45621
-5.45751
-5.4588
-5.45848
-5.45881
-5.45881
-5.45881
-5.46011
-5.46108
-5.45946
-5.45849
-5.45752
-5.45751
-5.45783
-5.45945
-5.46172
-5.46172
-5.46171
-5.46334
-5.46301
-5.46366
-5.46366
-5.46593
-5.46431
-5.46269
-5.46301
-5.46139
-5.46204
-5.46236
-5.46268
-5.46203
-5.46365
-5.46236
-5.46204
-5.46366
-5.46334
-5.46366
-5.46204
-5.46074
-5.46009
-5.45912
-5.46041
-5.46365
-5.4643
-5.46591
-5.46592
-5.46398
-5.46301
-5.46269
-5.46301
-5.46301
-5.46107
-5.46042
-5.46138
-5.46074
-5.46138
-5.46203
-5.46138
-5.46041
-5.45911
-5.46041
-5.45977
-5.45912
-5.46074
-5.46236
-5.46365
-5.4643
-5.4643
-5.46495
-5.4656
-5.46366
-5.46301
-5.46171
-5.46333
-5.46398
-5.46592
-5.4643
-5.46268
-5.46365
-5.46397
-5.46527
-5.46591
-5.46526
-5.46591
-5.46462
-5.46462
-5.46527
-5.46592
-5.46689
-5.46754
-5.46592
-5.46689
-5.46495
-5.46366
-5.46689
-5.46754
-5.46819
-5.46754
-5.46559
-5.46527
-5.46657
-5.46819
-5.46786
-5.46722
-5.46625
-5.46463
-5.46624
-5.46365
-5.46106
-5.463
-5.46397
-5.46235
-5.46235
-5.463
-5.46171
-5.45944
-5.46074
-5.45815
-5.45847
-5.4588
-5.46074
-5.45847
-5.46074
-5.46204
-5.46236
-5.46301
-5.46139
-5.46042
-5.46139
-5.45977
-5.4588
-5.46107
-5.46302
-5.46464
-5.46593
-5.46464
-5.46302
-5.46075
-5.46042
-5.46042
-5.46042
-5.45977
-5.46009
-5.46009
-5.45945
-5.46042
-5.46236
-5.46334
-5.46269
-5.46302
-5.46302
-5.46367
-5.46334
-5.46237
-5.46302
-5.46367
-5.46496
-5.46658
-5.46658
-5.4669
-5.46755
-5.46949
-5.46949
-5.46755
-5.46625
-5.46723
-5.46755
-5.46658
-5.46658
-5.46366
-5.46204
-5.46269
-5.46009
-5.46268
-5.46333
-5.46236
-5.46075
-5.46107
-5.46334
-5.46496
-5.46399
-5.46496
-5.4656
-5.46431
-5.46334
-5.46399
-5.4656
-5.46658
-5.46722
-5.46657
-5.4656
-5.46528
-5.4643
-5.46527
-5.46592
-5.46366
-5.46366
-5.46204
-5.46075
-5.46399
-5.46464
-5.46561
-5.46496
-5.46561
-5.4656
-5.46625
-5.46819
-5.46625
-5.46592
-5.4656
-5.46593
-5.46658
-5.46431
-5.46561
-5.46658
-5.46464
-5.46431
-5.46431
-5.46496
-5.46302
-5.46529
-5.46723
-5.46593
-5.46625
-5.46334
-5.46431
-5.46593
-5.46463
-5.46399
-5.46269
-5.46367
-5.46302
-5.46399
-5.46302
-5.46496
-5.46529
-5.46334
-5.46334
-5.46335
-5.46464
-5.46529
-5.46626
-5.46755
-5.46949
-5.46917
-5.46626
-5.46593
-5.46658
-5.46561
-5.46496
-5.46237
-5.46367
-5.46399
-5.46399
-5.46269
-5.46366
-5.46463
-5.4669
-5.46301
-5.46302
-5.46237
-5.46237
-5.46335
-5.46335
-5.46335
-5.46561
-5.46399
-5.46399
-5.46269
-5.45978
-5.46043
-5.4614
-5.46237
-5.46302
-5.46205
-5.46366
-5.46334
-5.46302
-5.46237
-5.4627
-5.46205
-5.46173
-5.46173
-5.46108
-5.4614
-5.46075
-5.46269
-5.46399
-5.46269
-5.46172
-5.46107
-5.46075
-5.45978
-5.4614
-5.45978
-5.45881
-5.46205
-5.46075
-5.46075
-5.46075
-5.46107
-5.46367
-5.46658
-5.46496
-5.46659
-5.46432
-5.46334
-5.46172
-5.46075
-5.4614
-5.46172
-5.45945
-5.46204
-5.46075
-5.46108
-5.46237
-5.4627
-5.46497
-5.46529
-5.464
-5.46594
-5.46658
-5.46755
-5.46593
-5.4682
-5.46723
-5.46626
-5.46594
-5.46432
-5.46529
-5.46431
-5.46302
-5.46204
-5.46593
-5.46561
-5.46464
-5.46334
-5.46302
-5.46075
-5.45978
-5.45945
-5.46042
-5.46139
-5.46236
-5.46334
-5.46464
-5.46464
-5.46367
-5.4627
-5.46237
-5.46108
-5.45978
-5.45849
-5.46076
-5.46076
-5.45979
-5.45817
-5.45915
-5.46044
-5.46206
-5.45947
-5.4585
-5.45914
-5.46108
-5.46141
-5.46238
-5.46205
-5.46432
-5.46303
-5.46497
-5.46465
-5.46401
-5.46433
-5.46433
-5.46077
-5.45915
-5.46011
-5.45849
-5.45817
-5.45785
-5.45817
-5.4585
-5.45915
-5.4598
-5.46109
-5.46239
-5.46272
-5.46207
-5.4611
-5.46045
-5.46077
-5.45947
-5.46012
-5.45883
-5.46142
-5.46109
-5.46077
-5.4598
-5.45915
-5.46206
-5.46336
-5.46109
-5.46109
-5.45947
-5.46012
-5.46142
-5.46142
-5.46304
-5.46239
-5.46077
-5.46045
-5.46077
-5.4585
-5.46174
-5.464
-5.46498
-5.46336
-5.464
-5.46336
-5.4653
-5.46336
-5.46303
-5.46142
-5.46077
-5.46207
-5.46142
-5.4611
-5.46336
-5.46271
-5.46401
-5.46465
-5.4627
-5.464
-5.46562
-5.46594
-5.46594
-5.46691
-5.46464
-5.4627
-5.46173
-5.46173
-5.46206
-5.46271
-5.46109
-5.46335
-5.46594
-5.46497
-5.46691
-5.46723
-5.46821
-5.46821
-5.46788
-5.4695
-5.46917
-5.46917
-5.46658
-5.46496
-5.46432
-5.4627
-5.46075
-5.46334
-5.46464
-5.46496
-5.46528
-5.46334
-5.46205
-5.46269
-5.4627
-5.46205
-5.46302
-5.46173
-5.46205
-5.46172
-5.46172
-5.46107
-5.4601
-5.4601
-5.4614
-5.46205
-5.46302
-5.46432
-5.46399
-5.46464
-5.46464
-5.46335
-5.46237
-5.46367
-5.46561
-5.46432
-5.46529
-5.46302
-5.46399
-5.46269
-5.46431
-5.46237
-5.46269
-5.46172
-5.46011
-5.4614
-5.46108
-5.46237
-5.46238
-5.46076
-5.46043
-5.45978
-5.45946
-5.46043
-5.4601
-5.46172
-5.45881
-5.45848
-5.4601
-5.45978
-5.45849
-5.45946
-5.45849
-5.45978
-5.45881
-5.45946
-5.46043
-5.45979
-5.46141
-5.46303
-5.46464
-5.464
-5.464
-5.46496
-5.46496
-5.46302
-5.46173
-5.46238
-5.46335
-5.46367
-5.46432
-5.464
-5.46432
-5.46335
-5.46399
-5.46238
-5.46367
-5.46076
-5.46173
-5.46303
-5.46432
-5.464
-5.46206
-5.46141
-5.46368
-5.46141
-5.46335
-5.46335
-5.46368
-5.464
-5.46368
-5.46142
-5.46077
-5.45818
-5.45915
-5.46077
-5.46044
-5.46012
-5.46238
-5.46271
-5.46174
-5.46109
-5.46401
-5.46142
-5.46206
-5.46174
-5.46303
-5.46594
-5.46626
-5.46562
-5.46723
-5.46659
-5.46691
-5.46626
-5.46367
-5.46432
-5.46367
-5.46432
-5.46205
-5.46076
-5.45979
-5.46011
-5.45914
-5.46043
-5.46205
-5.46173
-5.46302
-5.46173
-5.46205
-5.45979
-5.46011
-5.45881
-5.45946
-5.45978
-5.46108
-5.4601
-5.46075
-5.46334
-5.46334
-5.46367
-5.46302
-5.46367
-5.46626
-5.46594
-5.46626
-5.46659
-5.46562
-5.46561
-5.46464
-5.46529
-5.46464
-5.46561
-5.46399
-5.46594
-5.46659
-5.46659
-5.46561
-5.4627
-5.46173
-5.46043
-5.45817
-5.4572
-5.4572
-5.45881
-5.45979
-5.46173
-5.46303
-5.46206
-5.4627
-5.46011
-5.45784
-5.4572
-5.45849
-5.45947
-5.46044
-5.46174
-5.46206
-5.46109
-5.46238
-5.46302
-5.46399
-5.46464
-5.46464
-5.46432
-5.46432
-5.46529
-5.46497
-5.46853
-5.46982
-5.46918
-5.46723
-5.46853
-5.46983
-5.46951
-5.46951
-5.46951
-5.46821
-5.46756
-5.46724
-5.46659
-5.46724
-5.46594
-5.46464
-5.46367
-5.46496
-5.46464
-5.46269
-5.46107
-5.46334
-5.46399
-5.46334
-5.46496
-5.46334
-5.46593
-5.46593
-5.46755
-5.46691
-5.46691
-5.46529
-5.46465
-5.46626
-5.46334
-5.46302
-5.46334
-5.46625
-5.4682
-5.46917
-5.46852
-5.46852
-5.46787
-5.46788
-5.4669
-5.46593
-5.46626
-5.4669
-5.46593
-5.46431
-5.46463
-5.46463
-5.46269
-5.46042
-5.46366
-5.4656
-5.46657
-5.46689
-5.46722
-5.46722
-5.46657
-5.46528
-5.46399
-5.46172
-5.46334
-5.46269
-5.46107
-5.45913
-5.45945
-5.45848
-5.46074
-5.46463
-5.46301
-5.46172
-5.4614
-5.46269
-5.46075
-5.46302
-5.46334
-5.46269
-5.46334
-5.46269
-5.46366
-5.46205
-5.4614
-5.4614
-5.4614
-5.46237
-5.46172
-5.46172
-5.46237
-5.46172
-5.46172
-5.46172
-5.46237
-5.46237
-5.46237
-5.46075
-5.46074
-5.46074
-5.46204
-5.4601
-5.46074
-5.46204
-5.46107
-5.4614
-5.46237
-5.46205
-5.4627
-5.46367
-5.46302
-5.46204
-5.45913
-5.45977
-5.45815
-5.45945
-5.45977
-5.45977
-5.4601
-5.45978
-5.46075
-5.46075
-5.4601
-5.46107
-5.46172
-5.46172
-5.46302
-5.46139
-5.46334
-5.46269
-5.46042
-5.4588
-5.46042
-5.45945
-5.45913
-5.46398
-5.46528
-5.46787
-5.46787
-5.46755
-5.46593
-5.46592
-5.46787
-5.46722
-5.46819
-5.46722
-5.46625
-5.46495
-5.46365
-5.46301
-5.46301
-5.46268
-5.46203
-5.46171
-5.46074
-5.46365
-5.46624
-5.46333
-5.46398
-5.46236
-5.46301
-5.46592
-5.46463
-5.46398
-5.46398
-5.46204
-5.4588
-5.45912
-5.46009
-5.46074
-5.45944
-5.45783
-5.4575
-5.45912
-5.46009
-5.46268
-5.4643
-5.46463
-5.46495
-5.4656
-5.46495
-5.46074
-5.46041
-5.46009
-5.46074
-5.46074
-5.45977
-5.46009
-5.46171
-5.46074
-5.45977
-5.46139
-5.46237
-5.46204
-5.46269
-5.46204
-5.46333
-5.46592
-5.46527
-5.46365
-5.46333
-5.46301
-5.46237
-5.46593
-5.46593
-5.46431
-5.46367
-5.46464
-5.46334
-5.46334
-5.46463
-5.46431
-5.46399
-5.46399
-5.46431
-5.46528
-5.46528
-5.46658
-5.46593
-5.46723
-5.46593
-5.46237
-5.46108
-5.46173
-5.46108
-5.45914
-5.46302
-5.46431
-5.46431
-5.46496
-5.46464
-5.46334
-5.4627
-5.4627
-5.46334
-5.4614
-5.46172
-5.4614
-5.4601
-5.46042
-5.4601
-5.46075
-5.46172
-5.4627
-5.46205
-5.46173
-5.46076
-5.46011
-5.46108
-5.46334
-5.46334
-5.46269
-5.46269
-5.46204
-5.46171
-5.46301
-5.46366
-5.46205
-5.46269
-5.46432
-5.46626
-5.46691
-5.46723
-5.46723
-5.46723
-5.46885
-5.46885
-5.47111
-5.46819
-5.46722
-5.46625
-5.46528
-5.46464
-5.46205
-5.46237
-5.46173
-5.46173
-5.45946
-5.46237
-5.4601
-5.46075
-5.4614
-5.46139
-5.46301
-5.46431
-5.46463
-5.46464
-5.46464
-5.46594
-5.46594
-5.46691
-5.46755
-5.4682
-5.46852
-5.47079
-5.46949
-5.46852
-5.46884
-5.46658
-5.46658
-5.46658
-5.46691
-5.46399
-5.46335
-5.46238
-5.46173
-5.46108
-5.46011
-5.46075
-5.46107
-5.46075
-5.46139
-5.46075
-5.46075
-5.4614
-5.46075
-5.46043
-5.46011
-5.46043
-5.46043
-5.46108
-5.46108
-5.46238
-5.46205
-5.46011
-5.46172
-5.46464
-5.46334
-5.46464
-5.4695
-5.47177
-5.46983
-5.46982
-5.46885
-5.46724
-5.46432
-5.4627
-5.46303
-5.46465
-5.46562
-5.46691
-5.46724
-5.46821
-5.46724
-5.46497
-5.46594
-5.46529
-5.46367
-5.4627
-5.46238
-5.46302
-5.46367
-5.46302
-5.4627
-5.4627
-5.46205
-5.46205
-5.45882
-5.45882
-5.45817
-5.45785
-5.45688
-5.45688
-5.45979
-5.46044
-5.46011
-5.45979
-5.45946
-5.45882
-5.45752
-5.4572
-5.45914
-5.46076
-5.46141
-5.46239
-5.46045
-5.46077
-5.46271
-5.46239
-5.46239
-5.46369
-5.46336
-5.4653
-5.4666
-5.46692
-5.46692
-5.46627
-5.4653
-5.4653
-5.46336
-5.46336
-5.46239
-5.46336
-5.46304
-5.4598
-5.46077
-5.46174
-5.46239
-5.46368
-5.46304
-5.46304
-5.46207
-5.45948
-5.46012
-5.46012
-5.46239
-5.46239
-5.46207
-5.46272
-5.46433
-5.46239
-5.46336
-5.46336
-5.46271
-5.46368
-5.46174
-5.46141
-5.46335
-5.464
-5.46304
-5.46401
-5.46401
-5.46272
-5.46434
-5.46466
-5.46467
-5.46402
-5.46337
-5.46272
-5.46207
-5.4611
-5.4598
-5.4611
-5.4598
-5.4611
-5.46207
-5.46401
-5.46563
-5.46531
-5.46596
-5.46563
-5.46628
-5.46369
-5.46272
-5.46046
-5.46143
-5.46272
-5.46304
-5.46272
-5.46304
-5.46466
-5.46402
-5.46337
-5.46628
-5.46596
-5.46563
-5.46433
-5.46401
-5.46304
-5.46369
-5.46304
-5.45981
-5.46305
-5.46208
-5.46208
-5.46111
-5.4637
-5.46402
-5.46337
-5.46207
-5.46175
-5.46175
-5.46273
-5.4637
-5.46273
-5.46402
-5.46305
-5.46693
-5.46596
-5.46596
-5.46563
-5.46369
-5.46271
-5.46142
-5.46142
-5.45916
-5.4624
-5.46078
-5.46143
-5.45948
-5.46045
-5.45916
-5.46239
-5.46272
-5.46466
-5.46369
-5.46531
-5.46531
-5.46401
-5.46336
-5.46434
-5.46563
-5.4653
-5.4653
-5.46401
-5.46304
-5.46368
-5.46174
-5.4611
-5.46207
-5.46207
-5.46272
-5.46467
-5.46337
-5.46208
-5.46046
-5.46078
-5.46045
-5.46045
-5.46013
-5.46207
-5.46239
-5.46401
-5.46531
-5.46466
-5.46272
-5.46337
-5.46564
-5.46499
-5.4637
-5.46434
-5.46305
-5.46175
-5.4624
-5.4624
-5.46305
-5.46143
-5.46369
-5.46305
-5.4611
-5.46175
-5.46013
-5.46045
-5.46304
-5.46369
-5.46628
-5.46887
-5.46661
-5.46725
-5.46628
-5.46629
-5.46434
-5.46596
-5.46725
-5.46628
-5.46531
-5.46596
-5.46498
-5.46433
-5.4653
-5.46595
-5.46466
-5.4666
-5.46531
-5.46369
-5.46369
-5.46337
-5.46272
-5.46077
-5.46174
-5.46271
-5.46206
-5.46368
-5.46206
-5.464
-5.46401
-5.46433
-5.46336
-5.46239
-5.46207
-5.46272
-5.46531
-5.46531
-5.46595
-5.46498
-5.46401
-5.46369
-5.46531
-5.4666
-5.46563
-5.46628
-5.4666
-5.46628
-5.46789
-5.46692
-5.46821
-5.46563
-5.46563
-5.46627
-5.46466
-5.46336
-5.46142
-5.46271
-5.46142
-5.46239
-5.46239
-5.46466
-5.46401
-5.46369
-5.46174
-5.46303
-5.46077
-5.46141
-5.45915
-5.45914
-5.46238
-5.46498
-5.46498
-5.4666
-5.46628
-5.46531
-5.46304
-5.46337
-5.46401
-5.46369
-5.46142
-5.46239
-5.46336
-5.46433
-5.46465
-5.4653
-5.46628
-5.46692
-5.46563
-5.46628
-5.46887
-5.46692
-5.4666
-5.46595
-5.4666
-5.46627
-5.46433
-5.46303
-5.46401
-5.46401
-5.46563
-5.46336
-5.46304
-5.46466
-5.46271
-5.46239
-5.46239
-5.46239
-5.46304
-5.46239
-5.46336
-5.46142
-5.46369
-5.46271
-5.46433
-5.46271
-5.46141
-5.46141
-5.45753
-5.4585
-5.45623
-5.46012
-5.46109
-5.46077
-5.45753
-5.45785
-5.45915
-5.45979
-5.4585
-5.45882
-5.46076
-5.46044
-5.46076
-5.46206
-5.46303
-5.46433
-5.46401
-5.46531
-5.46369
-5.46207
-5.46239
-5.46206
-5.46109
-5.45947
-5.45947
-5.46011
-5.46044
-5.46044
-5.46077
-5.46174
-5.46336
-5.46562
-5.46562
-5.46465
-5.46206
-5.46012
-5.46011
-5.46173
-5.46238
-5.4627
-5.46271
-5.46174
-5.46109
-5.46077
-5.46077
-5.46077
-5.45947
-5.45785
-5.45786
-5.45721
-5.45818
-5.46044
-5.4598
-5.46238
-5.46562
-5.46562
-5.46659
-5.46627
-5.46594
-5.46562
-5.46562
-5.46562
-5.46498
-5.46433
-5.464
-5.46174
-5.46076
-5.45979
-5.46044
-5.45914
-5.45881
-5.46011
-5.46076
-5.46173
-5.464
-5.46465
-5.46595
-5.4666
-5.46595
-5.46627
-5.46757
-5.46692
-5.46691
-5.46724
-5.46497
-5.4627
-5.46335
-5.46432
-5.46497
-5.46562
-5.4666
-5.46789
-5.46919
-5.46757
-5.46628
-5.4666
-5.46303
-5.4614
-5.45978
-5.45946
-5.45881
-5.45914
-5.46044
-5.46271
-5.46141
-5.46077
-5.46077
-5.46336
-5.46272
-5.46368
-5.464
-5.46303
-5.46367
-5.46335
-5.464
-5.46432
-5.46206
-5.46336
-5.46465
-5.46465
-5.46336
-5.46336
-5.46465
-5.464
-5.464
-5.464
-5.46594
-5.46529
-5.46562
-5.46465
-5.46239
-5.46368
-5.46401
-5.46466
-5.46498
-5.46466
-5.4653
-5.46498
-5.46304
-5.46174
-5.46239
-5.46174
-5.46368
-5.46206
-5.46141
-5.46141
-5.46335
-5.46206
-5.46206
-5.46174
-5.46271
-5.46401
-5.46498
-5.46466
-5.46433
-5.46272
-5.46109
-5.46012
-5.45915
-5.46012
-5.45979
-5.45882
-5.46012
-5.46206
-5.46271
-5.46465
-5.46498
-5.4653
-5.46304
-5.46401
-5.46434
-5.46499
-5.46725
-5.46498
-5.46531
-5.46595
-5.46919
-5.47048
-5.47016
-5.46757
-5.46757
-5.46724
-5.46725
-5.46595
-5.4666
-5.46498
-5.46789
-5.46822
-5.46627
-5.4653
-5.46498
-5.46433
-5.46465
-5.46595
-5.46336
-5.46465
-5.46368
-5.464
-5.464
-5.46594
-5.46659
-5.46594
-5.46497
-5.46465
-5.464
-5.46433
-5.46368
-5.46401
-5.46206
-5.46206
-5.46109
-5.46011
-5.45978
-5.46043
-5.4614
-5.4601
-5.46043
-5.46108
-5.46205
-5.46205
-5.46367
-5.46367
-5.46529
-5.46497
-5.46497
-5.46496
-5.46334
-5.4627
-5.46108
-5.46335
-5.46367
-5.46367
-5.46237
-5.46238
-5.46432
-5.46367
-5.46335
-5.4627
-5.46108
-5.45882
-5.46044
-5.46368
-5.464
-5.46367
-5.46399
-5.46334
-5.46399
-5.46561
-5.46464
-5.46529
-5.46303
-5.4627
-5.46206
-5.46206
-5.46109
-5.46076
-5.45979
-5.45979
-5.45979
-5.46108
-5.45978
-5.4601
-5.45913
-5.46043
-5.46043
-5.46108
-5.46238
-5.46141
-5.46141
-5.46109
-5.46238
-5.46174
-5.46141
-5.46044
-5.46076
-5.46206
-5.46141
-5.46076
-5.46173
-5.46237
-5.46108
-5.46302
-5.46464
-5.46497
-5.46303
-5.464
-5.46432
-5.46562
-5.46465
-5.46659
-5.4653
-5.4653
-5.46756
-5.46821
-5.46626
-5.46497
-5.46464
-5.46432
-5.46335
-5.46432
-5.46303
-5.46432
-5.464
-5.46562
-5.46756
-5.46756
-5.46691
-5.46691
-5.4653
-5.46368
-5.46271
-5.46239
-5.46174
-5.46141
-5.45947
-5.46141
-5.46303
-5.46109
-5.46141
-5.46238
-5.46109
-5.46206
-5.46335
-5.46238
-5.46335
-5.46303
-5.464
-5.464
-5.46432
-5.46497
-5.46497
-5.464
-5.46271
-5.464
-5.46433
-5.46368
-5.46336
-5.46109
-5.46141
-5.46367
-5.46238
-5.46205
-5.46076
-5.46141
-5.46173
-5.464
-5.4627
-5.46335
-5.46076
-5.46206
-5.46238
-5.46238
-5.46173
-5.46303
-5.46303
-5.46432
-5.46302
-5.4627
-5.46205
-5.46367
-5.46626
-5.46691
-5.46529
-5.46562
-5.46432
-5.46238
-5.46108
-5.46108
-5.46173
-5.46529
-5.46723
-5.46626
-5.46594
-5.46464
-5.46334
-5.46302
-5.4627
-5.46399
-5.464
-5.46368
-5.464
-5.46465
-5.46562
-5.46432
-5.46432
-5.46529
-5.46043
-5.4614
-5.46238
-5.46141
-5.46303
-5.46239
-5.46109
-5.46271
-5.46271
-5.46368
-5.46464
-5.46399
-5.46432
-5.46497
-5.46562
-5.46692
-5.46529
-5.46659
-5.46529
-5.46399
-5.46237
-5.46205
-5.46497
-5.46271
-5.46206
-5.46303
-5.464
-5.46465
-5.46335
-5.45947
-5.4627
-5.46141
-5.46173
-5.46174
-5.46433
-5.46141
-5.46012
-5.45979
-5.46173
-5.46238
-5.46173
-5.46076
-5.45947
-5.45817
-5.45785
-5.45623
-5.4585
-5.45979
-5.45979
-5.45979
-5.46076
-5.46205
-5.46464
-5.46432
-5.46367
-5.46432
-5.46335
-5.46141
-5.46076
-5.46206
-5.46141
-5.46173
-5.46141
-5.46173
-5.46108
-5.46108
-5.46238
-5.46335
-5.46173
-5.45946
-5.45914
-5.46205
-5.46237
-5.4627
-5.46237
-5.46075
-5.46043
-5.4601
-5.45849
-5.46076
-5.46108
-5.46141
-5.4627
-5.46271
-5.46271
-5.46173
-5.46238
-5.46044
-5.46238
-5.46205
-5.46205
-5.46302
-5.46108
-5.46043
-5.46075
-5.46011
-5.45881
-5.45849
-5.46011
-5.46044
-5.46141
-5.46367
-5.4627
-5.46044
-5.45946
-5.45947
-5.45914
-5.46011
-5.46109
-5.46238
-5.464
-5.46303
-5.46303
-5.464
-5.46529
-5.46464
-5.46561
-5.46464
-5.46335
-5.46335
-5.46497
-5.46336
-5.46594
-5.46465
-5.46497
-5.46465
-5.464
-5.46336
-5.46271
-5.46239
-5.46142
-5.46368
-5.46433
-5.46691
-5.46659
-5.46723
-5.46723
-5.46691
-5.46367
-5.46335
-5.46141
-5.46335
-5.46336
-5.46206
-5.46174
-5.46304
-5.46368
-5.46304
-5.46433
-5.46368
-5.464
-5.46335
-5.46368
-5.46238
-5.46271
-5.46141
-5.46044
-5.46109
-5.46011
-5.45849
-5.45946
-5.46011
-5.4585
-5.45882
-5.46012
-5.4598
-5.46109
-5.45818
-5.45818
-5.45688
-5.4572
-5.45785
-5.45688
-5.45752
-5.45947
-5.45947
-5.46044
-5.46012
-5.45882
-5.45817
-5.4585
-5.45914
-5.45785
-5.45914
-5.45947
-5.46141
-5.46076
-5.45849
-5.45785
-5.45655
-5.4559
-5.4572
-5.45947
-5.46109
-5.46141
-5.46011
-5.46173
-5.4627
-5.4627
-5.4614
-5.4614
-5.46173
-5.46368
-5.464
-5.46433
-5.46336
-5.46174
-5.46044
-5.46044
-5.45882
-5.46076
-5.46108
-5.46108
-5.46108
-5.46205
-5.4614
-5.46043
-5.46335
-5.46173
-5.46302
-5.46334
-5.46496
-5.46432
-5.46529
-5.46431
-5.46302
-5.46529
-5.46399
-5.4627
-5.46173
-5.46108
-5.46076
-5.4614
-5.46043
-5.46043
-5.4614
-5.46043
-5.4614
-5.46108
-5.4614
-5.4614
-5.46432
-5.46335
-5.4627
-5.46173
-5.46205
-5.46173
-5.46432
-5.464
-5.46141
-5.45946
-5.46043
-5.46238
-5.46043
-5.46108
-5.46238
-5.46011
-5.46141
-5.46012
-5.46141
-5.46205
-5.4614
-5.46205
-5.45978
-5.46399
-5.46269
-5.46237
-5.46205
-5.46043
-5.46205
-5.46334
-5.46172
-5.46302
-5.46302
-5.46237
-5.46367
-5.4627
-5.46109
-5.46238
-5.46173
-5.46141
-5.464
-5.46626
-5.46691
-5.46431
-5.46496
-5.46366
-5.46495
-5.46561
-5.46626
-5.46399
-5.46465
-5.46205
-5.4627
-5.46075
-5.45881
-5.45978
-5.4601
-5.46107
-5.45946
-5.45913
-5.45848
-5.45848
-5.4601
-5.45945
-5.4601
-5.46172
-5.46107
-5.46139
-5.46172
-5.4614
-5.4601
-5.46075
-5.46205
-5.46107
-5.46237
-5.46334
-5.4614
-5.4614
-5.46107
-5.46108
-5.46043
-5.4614
-5.46431
-5.46495
-5.4656
-5.4656
-5.46527
-5.46656
-5.46689
-5.4669
-5.46754
-5.46657
-5.46625
-5.46625
-5.46463
-5.46495
-5.46398
-5.46236
-5.46398
-5.46268
-5.46203
-5.46235
-5.46203
-5.4617
-5.46138
-5.46203
-5.46138
-5.46041
-5.46073
-5.46008
-5.46268
-5.46171
-5.46171
-5.45977
-5.46106
-5.46204
-5.46236
-5.46074
-5.46235
-5.46138
-5.46235
-5.46041
-5.46041
-5.46106
-5.46074
-5.46171
-5.46139
-5.4601
-5.46171
-5.46171
-5.46171
-5.46268
-5.46462
-5.46624
-5.46527
-5.46559
-5.46398
-5.46398
-5.46365
-5.46366
-5.4643
-5.46431
-5.46722
-5.46851
-5.46754
-5.46851
-5.46689
-5.46689
-5.46624
-5.46592
-5.46592
-5.46851
-5.46787
-5.46657
-5.46301
-5.46366
-5.46269
-5.46333
-5.46204
-5.46107
-5.46171
-5.46204
-5.46075
-5.46172
-5.46334
-5.46366
-5.46236
-5.46268
-5.463
-5.46236
-5.46236
-5.46042
-5.46139
-5.46269
-5.46463
-5.46722
-5.46722
-5.46365
-5.46204
-5.46301
-5.46398
-5.46237
-5.46075
-5.46075
-5.46043
-5.46205
-5.46269
-5.46334
-5.46269
-5.46463
-5.46494
-5.463
-5.46203
-5.46107
-5.46237
-5.46204
-5.46334
-5.46626
-5.46723
-5.46561
-5.46431
-5.4614
-5.46237
-5.46172
-5.46366
-5.46496
-5.46561
-5.46432
-5.46562
-5.46432
-5.46238
-5.46238
-5.46238
-5.46205
-5.4627
-5.46269
-5.46529
-5.46561
-5.46658
-5.46464
-5.46497
-5.46594
-5.46464
-5.46335
-5.46043
-5.46108
-5.4614
-5.46204
-5.46399
-5.46301
-5.46399
-5.46561
-5.46658
-5.46561
-5.46593
-5.46237
-5.46205
-5.46173
-5.46173
-5.46043
-5.46043
-5.4601
-5.45946
-5.46011
-5.4614
-5.46043
-5.46108
-5.46238
-5.46303
-5.46238
-5.4627
-5.46043
-5.45946
-5.46335
-5.46238
-5.46205
-5.464
-5.46399
-5.46302
-5.4614
-5.46205
-5.4627
-5.46237
-5.46334
-5.46367
-5.46302
-5.46237
-5.46172
-5.46205
-5.46205
-5.46334
-5.46205
-5.46205
-5.46172
-5.4627
-5.46269
-5.46108
-5.46302
-5.46399
-5.46561
-5.46561
-5.46528
-5.46431
-5.46496
-5.46367
-5.46269
-5.46399
-5.46334
-5.46432
-5.46496
-5.4627
-5.46399
-5.46464
-5.46431
-5.46334
-5.46399
-5.46205
-5.46172
-5.46172
-5.4614
-5.46043
-5.45978
-5.45784
-5.46011
-5.46237
-5.46237
-5.46561
-5.46334
-5.46237
-5.46334
-5.46204
-5.46171
-5.46398
-5.46561
-5.46593
-5.46658
-5.46658
-5.46529
-5.46496
-5.46431
-5.46367
-5.4601
-5.45881
-5.46075
-5.45945
-5.46043
-5.46107
-5.46075
-5.46237
-5.46269
-5.46075
-5.46107
-5.46107
-5.46237
-5.46075
-5.46172
-5.45914
-5.45719
-5.46076
-5.46367
-5.46529
-5.46335
-5.46205
-5.46269
-5.46269
-5.46399
-5.46625
-5.46787
-5.46852
-5.4682
-5.46885
-5.4695
-5.46658
-5.4627
-5.46302
-5.4627
-5.46172
-5.4601
-5.45978
-5.45946
-5.45849
-5.45719
-5.45849
-5.45687
-5.45881
-5.46075
-5.4614
-5.46108
-5.46108
-5.46141
-5.46303
-5.4627
-5.46368
-5.46335
-5.4627
-5.46367
-5.46399
-5.46431
-5.46496
-5.46464
-5.46335
-5.46335
-5.46237
-5.46173
-5.46011
-5.45946
-5.46108
-5.45947
-5.45882
-5.46109
-5.46044
-5.45882
-5.45882
-5.45849
-5.46043
-5.4627
-5.46108
-5.45947
-5.4572
-5.45623
-5.45656
-5.4572
-5.4585
-5.4572
-5.45979
-5.45914
-5.46303
-5.4627
-5.4627
-5.46335
-5.46238
-5.46141
-5.46077
-5.46077
-5.46207
-5.46239
-5.46271
-5.46239
-5.46272
-5.46207
-5.4598
-5.46077
-5.46175
-5.46272
-5.46207
-5.46336
-5.46304
-5.46239
-5.46272
-5.46239
-5.46337
-5.46434
-5.46401
-5.46401
-5.46433
-5.4666
-5.46725
-5.46628
-5.46596
-5.46693
-5.46725
-5.46758
-5.4666
-5.46563
-5.46596
-5.46531
-5.46628
-5.46758
-5.46985
-5.46952
-5.46628
-5.46466
-5.46402
-5.46337
-5.46207
-5.46078
-5.46175
-5.46304
-5.4624
-5.46045
-5.45948
-5.46013
-5.46142
-5.46142
-5.46207
-5.46272
-5.46143
-5.46078
-5.46207
-5.45948
-5.4624
-5.46369
-5.46305
-5.46401
-5.46207
-5.46109
-5.46076
-5.46173
-5.46109
-5.46174
-5.46271
-5.46304
-5.46304
-5.46272
-5.46175
-5.4611
-5.46175
-5.46239
-5.46207
-5.46174
-5.46175
-5.46077
-5.45948
-5.46045
-5.46045
-5.45981
-5.46143
-5.4624
-5.4624
-5.46272
-5.46271
-5.46142
-5.46271
-5.46304
-5.46206
-5.46109
-5.45915
-5.45915
-5.46239
-5.46239
-5.46142
-5.46336
-5.46595
-5.46498
-5.46563
-5.46596
-5.46531
-5.46401
-5.46207
-5.46336
-5.46401
-5.46401
-5.46369
-5.46304
-5.46175
-5.46175
-5.46174
-5.4598
-5.45948
-5.46012
-5.4611
-5.46077
-5.46045
-5.45948
-5.45883
-5.45851
-5.46012
-5.46304
-5.46498
-5.46401
-5.46466
-5.46466
-5.46563
-5.46498
-5.46693
-5.46596
-5.46563
-5.46401
-5.46336
-5.46563
-5.46595
-5.46692
-5.46789
-5.46886
-5.46724
-5.46659
-5.46497
-5.46497
-5.46433
-5.46239
-5.46045
-5.46077
-5.46174
-5.46336
-5.46336
-5.46335
-5.46076
-5.46173
-5.46109
-5.46465
-5.4653
-5.46563
-5.46562
-5.464
-5.46562
-5.46659
-5.46659
-5.46757
-5.46919
-5.46627
-5.46562
-5.46724
-5.46756
-5.46497
-5.46529
-5.46529
-5.46335
-5.46238
-5.46367
-5.46627
-5.46562
-5.46368
-5.4611
-5.46304
-5.46401
-5.46239
-5.46044
-5.46206
-5.46173
-5.46076
-5.46108
-5.46108
-5.46238
-5.46109
-5.46044
-5.46303
-5.46044
-5.45915
-5.45818
-5.45883
-5.45786
-5.45915
-5.46012
-5.45979
-5.46076
-5.4627
-5.4627
-5.46205
-5.46271
-5.46238
-5.46336
-5.46368
-5.46433
-5.46433
-5.46465
-5.46368
-5.46335
-5.46465
-5.46238
-5.46174
-5.46304
-5.46303
-5.46206
-5.46336
-5.46497
-5.46562
-5.46335
-5.46335
-5.46303
-5.46368
-5.46498
-5.4666
-5.46725
-5.4679
-5.46725
-5.46563
-5.46919
-5.4666
-5.46628
-5.46498
-5.46595
-5.46563
-5.46595
-5.46466
-5.46336
-5.46595
-5.46401
-5.46434
-5.46725
-5.46628
-5.46369
-5.46369
-5.46531
-5.46401
-5.46077
-5.46142
-5.46304
-5.46077
-5.46304
-5.46401
-5.46498
-5.46401
-5.46369
-5.46337
-5.46337
-5.46563
-5.46466
-5.46402
-5.46467
-5.46596
-5.46531
-5.46402
-5.46272
-5.46304
-5.46272
-5.46207
-5.46174
-5.46077
-5.46368
-5.46401
-5.46433
-5.46336
-5.46304
-5.46596
-5.46628
-5.46725
-5.4679
-5.46887
-5.46887
-5.46725
-5.4679
-5.46628
-5.46401
-5.46337
-5.46466
-5.4611
-5.46337
-5.46304
-5.46304
-5.46207
-5.46304
-5.46434
-5.46434
-5.46369
-5.46434
-5.46305
-5.46337
-5.4624
-5.46175
-5.46078
-5.46046
-5.4611
-5.46046
-5.4624
-5.4624
-5.46175
-5.46337
-5.46467
-5.46499
-5.46434
-5.46434
-5.46467
-5.46499
-5.46402
-5.46272
-5.4637
-5.46532
-5.46759
-5.46888
-5.47017
-5.46888
-5.46888
-5.46661
-5.46629
-5.46661
-5.46597
-5.46564
-5.46435
-5.46596
-5.46726
-5.46369
-5.46531
-5.46434
-5.46466
-5.46434
-5.46402
-5.46207
-5.4611
-5.4611
-5.46013
-5.4624
-5.46466
-5.46466
-5.46467
-5.46499
-5.46498
-5.46336
-5.46239
-5.46369
-5.46207
-5.46143
-5.46402
-5.46176
-5.4624
-5.4624
-5.4611
-5.4611
-5.46013
-5.4611
-5.46077
-5.46013
-5.4611
-5.46045
-5.4624
-5.46208
-5.46306
-5.46176
-5.46241
-5.46306
-5.46435
-5.465
-5.46532
-5.465
-5.46532
-5.46434
-5.46207
-5.46207
-5.46175
-5.46111
-5.46078
-5.45981
-5.46143
-5.46208
-5.46111
-5.46144
-5.46338
-5.46144
-5.46014
-5.46143
-5.46338
-5.46467
-5.46305
-5.46208
-5.46305
-5.46273
-5.46402
-5.46241
-5.46208
-5.46176
-5.46047
-5.46014
-5.4595
-5.46144
-5.46112
-5.46176
-5.46208
-5.46306
-5.46111
-5.46176
-5.46338
-5.46273
-5.46273
-5.46111
-5.46273
-5.46176
-5.46467
-5.46467
-5.46402
-5.4637
-5.46306
-5.46468
-5.46662
-5.46759
-5.46759
-5.46597
-5.46759
-5.46468
-5.465
-5.46403
-5.46597
-5.46532
-5.46597
-5.46435
-5.465
-5.465
-5.46435
-5.46402
-5.46402
-5.46176
-5.46241
-5.46176
-5.46177
-5.46144
-5.46177
-5.46015
-5.46241
-5.46338
-5.46402
-5.46337
-5.4624
-5.46176
-5.46046
-5.46338
-5.46436
-5.46306
-5.46436
-5.46338
-5.46338
-5.46403
-5.4637
-5.46305
-5.46467
-5.46499
-5.46628
-5.46434
-5.46532
-5.46208
-5.46176
-5.46241
-5.46338
-5.4637
-5.46111
-5.46273
-5.46079
-5.46112
-5.46111
-5.45885
-5.45852
-5.45917
-5.45884
-5.45722
-5.4569
-5.4569
-5.45917
-5.46046
-5.45982
-5.4595
-5.46014
-5.46177
-5.46403
-5.46468
-5.46565
-5.46662
-5.46598
-5.4663
-5.46727
-5.4663
-5.46468
-5.46241
-5.46176
-5.46112
-5.46144
-5.46176
-5.46111
-5.45852
-5.45981
-5.46014
-5.46144
-5.46306
-5.46306
-5.46338
-5.46209
-5.46274
-5.46144
-5.45724
-5.45756
-5.45756
-5.45659
-5.4582
-5.45755
-5.46014
-5.45852
-5.45852
-5.45917
-5.45949
-5.46079
-5.46274
-5.46501
-5.46663
-5.46663
-5.46663
-5.46631
-5.46793
-5.46695
-5.4663
-5.46598
-5.465
-5.46759
-5.46727
-5.46663
-5.4676
-5.46922
-5.46987
-5.46922
-5.46598
-5.46566
-5.46436
-5.46339
-5.46339
-5.46275
-5.4621
-5.4634
-5.46178
-5.46307
-5.46242
-5.46339
-5.46047
-5.46112
-5.46144
-5.46306
-5.46533
-5.46404
-5.46404
-5.46146
-5.46016
-5.46016
-5.46016
-5.4621
-5.46437
-5.46275
-5.46469
-5.46534
-5.46631
-5.46598
-5.46371
-5.46339
-5.46598
-5.46501
-5.46663
-5.46728
-5.46858
-5.46793
-5.46534
-5.46567
-5.46534
-5.46502
-5.46404
-5.46275
-5.46112
-5.4608
-5.46144
-5.45982
-5.46112
-5.4608
-5.46177
-5.46048
-5.45918
-5.45951
-5.4595
-5.45918
-5.45918
-5.45885
-5.45918
-5.46047
-5.46177
-5.46274
-5.46209
-5.46436
-5.46306
-5.46306
-5.46339
-5.46112
-5.4595
-5.45853
-5.45854
-5.46048
-5.46048
-5.46112
-5.46371
-5.46533
-5.46662
-5.46663
-5.46663
-5.4663
-5.46533
-5.46598
-5.46565
-5.46339
-5.46338
-5.46306
-5.46241
-5.46209
-5.46241
-5.46143
-5.46208
-5.4624
-5.46435
-5.46371
-5.46404
-5.46436
-5.46436
-5.46501
-5.46371
-5.46435
-5.46144
-5.46111
-5.46078
-5.46111
-5.46143
-5.45916
-5.46078
-5.46143
-5.45981
-5.45981
-5.45787
-5.45916
-5.46014
-5.46305
-5.46338
-5.46338
-5.46435
-5.46435
-5.46337
-5.46467
-5.46273
-5.46111
-5.46079
-5.45982
-5.46014
-5.4624
-5.46208
-5.46111
-5.45851
-5.45981
-5.46207
-5.46239
-5.46337
-5.46175
-5.46142
-5.4624
-5.46013
-5.46046
-5.46143
-5.46176
-5.46499
-5.46434
-5.46305
-5.46272
-5.46402
-5.46401
-5.46369
-5.46142
-5.45819
-5.46013
-5.45819
-5.45851
-5.46013
-5.45916
-5.45851
-5.45981
-5.45884
-5.45819
-5.45755
-5.45819
-5.45884
-5.45819
-5.45916
-5.45916
-5.4611
-5.46175
-5.46175
-5.45916
-5.4569
-5.45463
-5.45819
-5.45884
-5.45916
-5.45948
-5.45981
-5.46046
-5.46013
-5.46046
-5.4624
-5.46143
-5.4624
-5.46143
-5.46078
-5.46143
-5.4624
-5.46207
-5.46142
-5.46174
-5.46045
-5.45883
-5.45916
-5.45916
-5.45852
-5.46046
-5.4624
-5.46175
-5.45884
-5.45819
-5.4611
-5.46175
-5.46142
-5.46175
-5.46142
-5.4611
-5.46207
-5.46078
-5.46045
-5.46078
-5.45948
-5.45851
-5.46143
-5.46208
-5.46208
-5.46111
-5.46176
-5.45852
-5.45917
-5.46014
-5.46435
-5.46403
-5.46564
-5.46532
-5.46338
-5.46435
-5.46111
-5.46208
-5.4624
-5.4637
-5.46046
-5.46143
-5.46111
-5.46208
-5.46208
-5.46338
-5.46273
-5.46338
-5.46565
-5.46435
-5.46435
-5.46306
-5.46403
-5.46079
-5.46047
-5.46241
-5.46241
-5.46273
-5.46111
-5.46047
-5.45885
-5.45982
-5.46079
-5.46306
-5.46338
-5.46371
-5.46112
-5.46112
-5.46241
-5.46208
-5.46435
-5.46467
-5.46435
-5.4637
-5.46435
-5.46468
-5.46403
-5.46565
-5.46662
-5.46565
-5.465
-5.46565
-5.46597
-5.46468
-5.46338
-5.46371
-5.4608
-5.46209
-5.46339
-5.46533
-5.46695
-5.46565
-5.46727
-5.46824
-5.46759
-5.46598
-5.46533
-5.46598
-5.46436
-5.46274
-5.46242
-5.46209
-5.46274
-5.46241
-5.46112
-5.46079
-5.46112
-5.46177
-5.46177
-5.46404
-5.46404
-5.46339
-5.46306
-5.46468
-5.46468
-5.46695
-5.4663
-5.465
-5.46436
-5.46533
-5.46436
-5.4663
-5.46468
-5.46533
-5.465
-5.46662
-5.46694
-5.46695
-5.4663
-5.46469
-5.46598
-5.46372
-5.46274
-5.46339
-5.46112
-5.4582
-5.45755
-5.4595
-5.46015
-5.4608
-5.46015
-5.46048
-5.45983
-5.46242
-5.4608
-5.46371
-5.46404
-5.46663
-5.46695
-5.46663
-5.46825
-5.46663
-5.46404
-5.4621
-5.46177
-5.46501
-5.46469
-5.46404
-5.46275
-5.46177
-5.4621
-5.46275
-5.46242
-5.46339
-5.4621
-5.46242
-5.4621
-5.46404
-5.46598
-5.46501
-5.46274
-5.46177
-5.46242
-5.46177
-5.46177
-5.46274
-5.46145
-5.46274
-5.46275
-5.46242
-5.46145
-5.46145
-5.4608
-5.45983
-5.46274
-5.46339
-5.46339
-5.46015
-5.4595
-5.4608
-5.46339
-5.46404
-5.46339
-5.46177
-5.46307
-5.46209
-5.46177
-5.46177
-5.45886
-5.46177
-5.46307
-5.46437
-5.46469
-5.46533
-5.46468
-5.46436
-5.46338
-5.46436
-5.46274
-5.46436
-5.46566
-5.46501
-5.4621
-5.46081
-5.46016
-5.46113
-5.46275
-5.46275
-5.46307
-5.46372
-5.46534
-5.46696
-5.46502
-5.46437
-5.46469
-5.46437
-5.4621
-5.46016
-5.45983
-5.46081
-5.4621
-5.46275
-5.4621
-5.4608
-5.46145
-5.46404
-5.46372
-5.46534
-5.46566
-5.46534
-5.46599
-5.46405
-5.46307
-5.46307
-5.46178
-5.46113
-5.45983
-5.46048
-5.45724
-5.45594
-5.45626
-5.45626
-5.45562
-5.45724
-5.45821
-5.45886
-5.45821
-5.45918
-5.45789
-5.45756
-5.45886
-5.45886
-5.45886
-5.45724
-5.45756
-5.45983
-5.45983
-5.46112
-5.46209
-5.46307
-5.46177
-5.46145
-5.46339
-5.46274
-5.46404
-5.46112
-5.45918
-5.45983
-5.46209
-5.46047
-5.46112
-5.46047
-5.46144
-5.46241
-5.46176
-5.46144
-5.46144
-5.46209
-5.46371
-5.46598
-5.46727
-5.47051
-5.46922
-5.46922
-5.4676
-5.46922
-5.46825
-5.46533
-5.46436
-5.465
-5.46371
-5.46273
-5.46273
-5.46241
-5.4637
-5.46338
-5.46306
-5.46338
-5.46306
-5.46111
-5.46078
-5.46273
-5.4624
-5.46176
-5.46435
-5.4637
-5.46532
-5.46629
-5.46467
-5.46629
-5.465
-5.46629
-5.46467
-5.46565
-5.46597
-5.46565
-5.46435
-5.46662
-5.46597
-5.46532
-5.46532
-5.4637
-5.46306
-5.46144
-5.46176
-5.46273
-5.46435
-5.46467
-5.46532
-5.46338
-5.46176
-5.4595
-5.45917
-5.46015
-5.46177
-5.46274
-5.46274
-5.46403
-5.46273
-5.46241
-5.46046
-5.45982
-5.45982
-5.45982
-5.45885
-5.45983
-5.46145
-5.46242
-5.46209
-5.46144
-5.46144
-5.46079
-5.46176
-5.46533
-5.46598
-5.46468
-5.46339
-5.46403
-5.46533
-5.46566
-5.46663
-5.46469
-5.46372
-5.46534
-5.46663
-5.4663
-5.46598
-5.46436
-5.46338
-5.46209
-5.46014
-5.46111
-5.46144
-5.45852
-5.46047
-5.45949
-5.45982
-5.4595
-5.45885
-5.46047
-5.46047
-5.45756
-5.4608
-5.46144
-5.46176
-5.46241
-5.46111
-5.46338
-5.46371
-5.465
-5.46565
-5.46468
-5.46177
-5.46339
-5.4621
-5.46339
-5.46307
-5.46307
-5.46404
-5.46695
-5.46695
-5.46566
-5.46662
-5.46501
-5.465
-5.46501
-5.46436
-5.46501
-5.46533
-5.46469
-5.46436
-5.46242
-5.46177
-5.46209
-5.46176
-5.46112
-5.46242
-5.46209
-5.46307
-5.46404
-5.46209
-5.46176
-5.46273
-5.46532
-5.46598
-5.46565
-5.46436
-5.46404
-5.46403
-5.46533
-5.465
-5.465
-5.46598
-5.46533
-5.46631
-5.46825
-5.46663
-5.46501
-5.46534
-5.46307
-5.4608
-5.46112
-5.46177
-5.46144
-5.46209
-5.46306
-5.46533
-5.46403
-5.4663
-5.46177
-5.46274
-5.46501
-5.46468
-5.46306
-5.46177
-5.46209
-5.46177
-5.46274
-5.46306
-5.46274
-5.46306
-5.46274
-5.46468
-5.46436
-5.46404
-5.46404
-5.46339
-5.46145
-5.46372
-5.46533
-5.46533
-5.46274
-5.46274
-5.46177
-5.46145
-5.46372
-5.46113
-5.46242
-5.46177
-5.46209
-5.46242
-5.465
-5.46727
-5.46824
-5.46825
-5.46889
-5.46793
-5.46469
-5.46469
-5.46339
-5.46404
-5.46436
-5.46307
-5.46274
-5.46112
-5.4595
-5.45853
-5.46015
-5.46112
-5.46113
-5.46145
-5.46243
-5.46307
-5.46307
-5.46242
-5.46274
-5.46274
-5.46307
-5.46371
-5.46468
-5.46339
-5.46533
-5.46404
-5.46436
-5.46275
-5.46048
-5.46113
-5.46339
-5.46436
-5.46339
-5.46565
-5.46695
-5.46792
-5.46728
-5.46436
-5.46307
-5.46275
-5.46243
-5.46405
-5.4634
-5.46437
-5.46599
-5.46566
-5.46501
-5.46436
-5.46274
-5.46469
-5.46339
-5.46598
-5.46663
-5.46857
-5.4676
-5.46598
-5.46631
-5.46501
-5.46177
-5.4608
-5.46275
-5.46501
-5.46534
-5.46404
-5.4621
-5.46146
-5.4634
-5.46502
-5.46534
-5.46437
-5.46501
-5.46339
-5.46307
-5.46405
-5.46275
-5.46404
-5.46339
-5.46436
-5.46339
-5.46307
-5.46404
-5.46437
-5.46437
-5.46405
-5.46599
-5.46599
-5.46663
-5.46695
-5.46792
-5.46727
-5.46727
-5.46597
-5.4663
-5.46598
-5.46598
-5.46598
-5.46728
-5.46728
-5.46761
-5.46502
-5.46307
-5.46016
-5.45951
-5.45951
-5.46015
-5.45821
-5.46015
-5.46144
-5.46306
-5.46371
-5.46631
-5.46631
-5.46857
-5.46404
-5.46275
-5.46372
-5.46469
-5.46566
-5.46598
-5.46371
-5.46404
-5.46436
-5.46631
-5.46339
-5.46177
-5.46372
-5.46307
-5.46307
-5.46372
-5.46242
-5.46145
-5.46145
-5.46274
-5.46209
-5.45917
-5.45917
-5.4595
-5.45917
-5.46015
-5.45918
-5.45886
-5.45951
-5.45822
-5.45757
-5.45821
-5.45951
-5.46113
-5.46209
-5.46274
-5.46338
-5.46468
-5.46468
-5.46403
-5.46306
-5.46469
-5.46502
-5.46308
-5.46437
-5.46275
-5.4621
-5.46307
-5.46177
-5.4621
-5.46404
-5.46307
-5.4621
-5.46274
-5.46242
-5.46145
-5.46145
-5.46372
-5.46275
-5.46307
-5.46437
-5.46501
-5.46372
-5.46113
-5.4621
-5.46146
-5.46307
-5.46146
-5.45951
-5.45886
-5.45789
-5.45886
-5.45789
-5.45984
-5.45951
-5.46048
-5.46081
-5.4634
-5.46275
-5.46275
-5.46211
-5.45984
-5.46178
-5.46146
-5.46146
-5.46341
-5.46308
-5.46211
-5.46178
-5.46275
-5.46307
-5.4621
-5.4621
-5.46048
-5.45951
-5.46081
-5.46373
-5.46665
-5.46891
-5.466
-5.46567
-5.46502
-5.46469
-5.46663
-5.46696
-5.46663
-5.46178
-5.46437
-5.46146
-5.46114
-5.46178
-5.46243
-5.46308
-5.46243
-5.46145
-5.46016
-5.46145
-5.4621
-5.46178
-5.46178
-5.46372
-5.4621
-5.4634
-5.46081
-5.46016
-5.46048
-5.45984
-5.45951
-5.4621
-5.46308
-5.46437
-5.46567
-5.46567
-5.46535
-5.46373
-5.46502
-5.46211
-5.46081
-5.46016
-5.46015
-5.46177
-5.46177
-5.46177
-5.4621
-5.46177
-5.4621
-5.46145
-5.4621
-5.46016
-5.46048
-5.46016
-5.46113
-5.46048
-5.45951
-5.45951
-5.4608
-5.46274
-5.46242
-5.46177
-5.46145
-5.45983
-5.46145
-5.46372
-5.46437
-5.46405
-5.46307
-5.46469
-5.46404
-5.46501
-5.46404
-5.46275
-5.46274
-5.46436
-5.46274
-5.46177
-5.46113
-5.46372
-5.46178
-5.46308
-5.46405
-5.46567
-5.46275
-5.4634
-5.46372
-5.46469
-5.46404
-5.46307
-5.46275
-5.46308
-5.46308
-5.46275
-5.4647
-5.46534
-5.46696
-5.46761
-5.46502
-5.4647
-5.46308
-5.46276
-5.46243
-5.46211
-5.46276
-5.4634
-5.46179
-5.46243
-5.46405
-5.46373
-5.46244
-5.46341
-5.46438
-5.46437
-5.46373
-5.46308
-5.46308
-5.46405
-5.46502
-5.4647
-5.4647
-5.46438
-5.46244
-5.46179
-5.46308
-5.46244
-5.46179
-5.46081
-5.46276
-5.46438
-5.46405
-5.46437
-5.46502
-5.46373
-5.46437
-5.46599
-5.46567
-5.46599
-5.46437
-5.46276
-5.46179
-5.46017
-5.45887
-5.45822
-5.46081
-5.46081
-5.46081
-5.46146
-5.46276
-5.46243
-5.46114
-5.46243
-5.46373
-5.46405
-5.46535
-5.46632
-5.46534
-5.46567
-5.46631
-5.46664
-5.46534
-5.46275
-5.46275
-5.4634
-5.46405
-5.4634
-5.46438
-5.46535
-5.46405
-5.46502
-5.46696
-5.46664
-5.46599
-5.46535
-5.46567
-5.46503
-5.46373
-5.46244
-5.46276
-5.46211
-5.45984
-5.45886
-5.45886
-5.45854
-5.45919
-5.46016
-5.4579
-5.45952
-5.4592
-5.46017
-5.45985
-5.45952
-5.46211
-5.46243
-5.46243
-5.46307
-5.46339
-5.46307
-5.46275
-5.46307
-5.46729
-5.46599
-5.46599
-5.46664
-5.46697
-5.46599
-5.4647
-5.4634
-5.46405
-5.4634
-5.46372
-5.4634
-5.46437
-5.46437
-5.46469
-5.46534
-5.4647
-5.46534
-5.4647
-5.46502
-5.46437
-5.46275
-5.46307
-5.46405
-5.46502
-5.46697
-5.46438
-5.46405
-5.46372
-5.46534
-5.46339
-5.46533
-5.46501
-5.46728
-5.46631
-5.46729
-5.46858
-5.46632
-5.46567
-5.46567
-5.46599
-5.46728
-5.46631
-5.46599
-5.46534
-5.46534
-5.46307
-5.46048
-5.46178
-5.45918
-5.45724
-5.45627
-5.45789
-5.45951
-5.4579
-5.45854
-5.45725
-5.45789
-5.45757
-5.45919
-5.45854
-5.45951
-5.46113
-5.46275
-5.46242
-5.46275
-5.46178
-5.46275
-5.4621
-5.46178
-5.4621
-5.46243
-5.46308
-5.46211
-5.46146
-5.45919
-5.46016
-5.4621
-5.46242
-5.46404
-5.46501
-5.46663
-5.46728
-5.46469
-5.46664
-5.46858
-5.46664
-5.4647
-5.46178
-5.46178
-5.46243
-5.46276
-5.46534
-5.46729
-5.46599
-5.46243
-5.46178
-5.46113
-5.46243
-5.46016
-5.45984
-5.46016
-5.46113
-5.46275
-5.46437
-5.46696
-5.46729
-5.46697
-5.46535
-5.466
-5.46535
-5.46502
-5.46308
-5.4621
-5.46016
-5.46049
-5.46146
-5.46471
-5.46568
-5.466
-5.46503
-5.46697
-5.46697
-5.46438
-5.46567
-5.46534
-5.46534
-5.4647
-5.46437
-5.46178
-5.4634
-5.46373
-5.4634
-5.46405
-5.46405
-5.46405
-5.46276
-5.46179
-5.46211
-5.45952
-5.46082
-5.46049
-5.46081
-5.45887
-5.45984
-5.46113
-5.46081
-5.46146
-5.46178
-5.46276
-5.46438
-5.46341
-5.46212
-5.46406
-5.46535
-5.466
-5.4647
-5.46599
-5.46502
-5.4647
-5.46503
-5.46535
-5.46697
-5.4673
-5.4673
-5.46406
-5.46147
-5.46212
-5.46438
-5.46405
-5.46437
-5.4647
-5.46535
-5.4647
-5.46568
-5.46341
-5.46244
-5.46471
-5.46438
-5.46309
-5.46309
-5.46374
-5.46147
-5.46276
-5.46115
-5.45985
-5.45953
-5.4605
-5.46082
-5.46082
-5.46082
-5.46309
-5.46341
-5.46244
-5.46147
-5.46276
-5.46341
-5.46373
-5.46276
-5.46244
-5.46276
-5.46179
-5.46114
-5.46081
-5.46179
-5.46179
-5.4647
-5.46341
-5.46406
-5.46438
-5.46633
-5.46633
-5.46471
-5.46827
-5.46633
-5.46536
-5.46762
-5.46697
-5.46826
-5.46729
-5.46503
-5.46308
-5.46276
-5.46212
-5.46147
-5.46115
-5.46147
-5.46244
-5.46276
-5.46276
-5.46373
-5.46244
-5.46373
-5.46503
-5.46406
-5.46341
-5.46212
-5.46277
-5.46374
-5.46471
-5.46309
-5.4618
-5.4618
-5.46277
-5.46277
-5.46083
-5.46083
-5.46051
-5.46148
-5.4618
-5.4618
-5.45889
-5.46115
-5.4618
-5.4605
-5.46018
-5.46017
-5.46179
-5.46114
-5.46276
-5.46179
-5.46244
-5.46309
-5.46374
-5.46406
-5.46374
-5.46536
-5.46601
-5.46569
-5.46666
-5.46665
-5.4673
-5.46503
-5.46503
-5.46503
-5.46664
-5.46761
-5.46697
-5.46471
-5.46568
-5.46568
-5.466
-5.46373
-5.46147
-5.46341
-5.46373
-5.46308
-5.46308
-5.46179
-5.46503
-5.46697
-5.4673
-5.46891
-5.46892
-5.47054
-5.46892
-5.46859
-5.46794
-5.46794
-5.46632
-5.46438
-5.46405
-5.46502
-5.46405
-5.4647
-5.46502
-5.46535
-5.46405
-5.46373
-5.46405
-5.46437
-5.46405
-5.46438
-5.46211
-5.46114
-5.46276
-5.46341
-5.46081
-5.46308
-5.46437
-5.46437
-5.46502
-5.46632
-5.46794
-5.46761
-5.46697
-5.466
-5.466
-5.46471
-5.46568
-5.46924
-5.46697
-5.4647
-5.46373
-5.46405
-5.46437
-5.4634
-5.46242
-5.46048
-5.4621
-5.46178
-5.46049
-5.46243
-5.46373
-5.46373
-5.46114
-5.46016
-5.46114
-5.46178
-5.46211
-5.46308
-5.46178
-5.45984
-5.45725
-5.4579
-5.45757
-5.4566
-5.45789
-5.46145
-5.46177
-5.46113
-5.4621
-5.4608
-5.46307
-5.46404
-5.46405
-5.46567
-5.46599
-5.46632
-5.46793
-5.46825
-5.46825
-5.46793
-5.46728
-5.46534
-5.46501
-5.46469
-5.4621
-5.46275
-5.46178
-5.45886
-5.45886
-5.45918
-5.45918
-5.46048
-5.4608
-5.46112
-5.46145
-5.46177
-5.4608
-5.46113
-5.4621
-5.46339
-5.46307
-5.46145
-5.46275
-5.46275
-5.46275
-5.46372
-5.46436
-5.46533
-5.46565
-5.46662
-5.46468
-5.4663
-5.4663
-5.46825
-5.46728
-5.46696
-5.46502
-5.46599
-5.46534
-5.46502
-5.46437
-5.46404
-5.46371
-5.46404
-5.46468
-5.46403
-5.46274
-5.4608
-5.46015
-5.4608
-5.46145
-5.46242
-5.46275
-5.46242
-5.46145
-5.46048
-5.46048
-5.45918
-5.4608
-5.46048
-5.45983
-5.46048
-5.46015
-5.4595
-5.46112
-5.46274
-5.46275
-5.46275
-5.46275
-5.46469
-5.46372
-5.46404
-5.46534
-5.46728
-5.46599
-5.46469
-5.46372
-5.46372
-5.46437
-5.46339
-5.46177
-5.46436
-5.46307
-5.46307
-5.46242
-5.46307
-5.46145
-5.46145
-5.45854
-5.45789
-5.46113
-5.46275
-5.46372
-5.46663
-5.46631
-5.46469
-5.46695
-5.46371
-5.46274
-5.46177
-5.4608
-5.45983
-5.46339
-5.46306
-5.46371
-5.46274
-5.46177
-5.46307
-5.46209
-5.46242
-5.46177
-5.46403
-5.46338
-5.46112
-5.46209
-5.46144
-5.46177
-5.46209
-5.46306
-5.46177
-5.46112
-5.46145
-5.4621
-5.46339
-5.4621
-5.46274
-5.46112
-5.46112
-5.46307
-5.46209
-5.4608
-5.4595
-5.45853
-5.45885
-5.46047
-5.46048
-5.46113
-5.45983
-5.45886
-5.45983
-5.45789
-5.45886
-5.45853
-5.45918
-5.45951
-5.45951
-5.46113
-5.46274
-5.46112
-5.46048
-5.46177
-5.46177
-5.46404
-5.46242
-5.46274
-5.46339
-5.46403
-5.46339
-5.46306
-5.46274
-5.46339
-5.4608
-5.45821
-5.45951
-5.4621
-5.46242
-5.46275
-5.46307
-5.46436
-5.46274
-5.46112
-5.46338
-5.46079
-5.46079
-5.46079
-5.45982
-5.45982
-5.46144
-5.46014
-5.46079
-5.46273
-5.46338
-5.46468
-5.465
-5.46598
-5.46598
-5.46695
-5.46468
-5.46306
-5.46047
-5.45982
-5.46144
-5.46079
-5.46014
-5.46143
-5.46143
-5.4624
-5.46208
-5.46403
-5.46241
-5.46306
-5.46079
-5.46079
-5.46209
-5.46176
-5.46338
-5.46402
-5.46628
-5.46595
-5.46725
-5.46499
-5.46499
-5.46564
-5.46305
-5.46402
-5.4637
-5.46046
-5.46208
-5.46403
-5.46403
-5.46403
-5.46435
-5.46564
-5.46661
-5.46823
-5.46467
-5.46596
-5.46499
-5.4624
-5.4624
-5.46175
-5.46273
-5.4637
-5.46273
-5.46273
-5.46435
-5.46467
-5.46694
-5.46694
-5.46662
-5.46662
-5.46662
-5.46532
-5.46532
-5.4637
-5.465
-5.46305
-5.46467
-5.46532
-5.46564
-5.46338
-5.46176
-5.46371
-5.46339
-5.46403
-5.46371
-5.46209
-5.46209
-5.46111
-5.46371
-5.46338
-5.46144
-5.46144
-5.46273
-5.46371
-5.465
-5.465
-5.46371
-5.46403
-5.46435
-5.46532
-5.46273
-5.46305
-5.4637
-5.46499
-5.46662
-5.465
-5.46209
-5.46209
-5.46403
-5.46241
-5.46079
-5.46047
-5.45852
-5.4595
-5.45756
-5.45885
-5.46015
-5.4608
-5.46079
-5.46209
-5.46047
-5.46111
-5.46273
-5.46305
-5.4637
-5.46176
-5.46209
-5.46403
-5.46467
-5.46467
-5.46402
-5.46434
-5.46402
-5.46531
-5.46369
-5.46208
-5.46208
-5.46143
-5.46014
-5.46014
-5.46208
-5.46241
-5.46143
-5.46143
-5.46014
-5.46078
-5.46175
-5.46013
-5.46208
-5.46273
-5.46176
-5.46079
-5.46306
-5.46144
-5.46209
-5.46241
-5.46371
-5.46468
-5.46208
-5.46338
-5.46435
-5.46467
-5.46434
-5.46337
-5.46467
-5.46435
-5.46306
-5.46274
-5.46468
-5.46468
-5.46306
-5.46177
-5.46209
-5.46273
-5.46176
-5.4637
-5.4624
-5.46435
-5.46467
-5.46533
-5.46663
-5.46987
-5.47084
-5.46825
-5.4676
-5.4676
-5.46759
-5.46727
-5.46759
-5.46726
-5.46694
-5.46629
-5.46499
-5.465
-5.465
-5.46662
-5.46694
-5.46824
-5.46759
-5.46921
-5.46986
-5.46889
-5.46759
-5.465
-5.46727
-5.46857
-5.46759
-5.46856
-5.46889
-5.46694
-5.46467
-5.46467
-5.465
-5.46565
-5.46565
-5.46403
-5.46274
-5.46274
-5.46048
-5.45918
-5.45756
-5.45691
-5.45529
-5.45497
-5.45626
-5.45593
-5.45917
-5.45981
-5.46176
-5.46208
-5.46306
-5.46338
-5.46338
-5.46273
-5.46273
-5.46241
-5.46273
-5.46274
-5.46403
-5.46274
-5.46501
-5.46306
-5.46371
-5.46435
-5.46176
-5.46014
-5.45852
-5.45981
-5.45981
-5.46208
-5.46079
-5.46176
-5.46371
-5.46209
-5.46403
-5.4663
-5.46727
-5.46759
-5.46856
-5.46824
-5.46727
-5.4663
-5.46532
-5.46402
-5.4624
-5.4624
-5.46208
-5.46143
-5.46079
-5.46305
-5.46532
-5.4637
-5.46338
-5.4637
-5.4637
-5.46499
-5.46337
-5.46143
-5.4624
-5.46337
-5.46369
-5.46272
-5.4637
-5.46564
-5.46402
-5.4624
-5.46305
-5.46337
-5.4637
-5.46402
-5.4624
-5.46207
-5.4624
-5.46467
-5.46175
-5.45916
-5.45883
-5.45851
-5.45948
-5.46143
-5.46111
-5.46046
-5.46337
-5.46305
-5.46273
-5.46305
-5.46338
-5.46402
-5.46629
-5.46661
-5.46564
-5.4637
-5.46306
-5.46403
-5.46435
-5.46403
-5.46338
-5.4637
-5.46078
-5.46078
-5.46143
-5.46208
-5.46111
-5.46144
-5.46014
-5.4595
-5.45982
-5.46111
-5.46046
-5.45981
-5.46014
-5.45949
-5.45852
-5.45949
-5.46111
-5.46176
-5.46209
-5.46273
-5.46565
-5.465
-5.46661
-5.46758
-5.46759
-5.46888
-5.46791
-5.46597
-5.46532
-5.46338
-5.46467
-5.46467
-5.46662
-5.46791
-5.46791
-5.46758
-5.46499
-5.46305
-5.46209
-5.46273
-5.46435
-5.46403
-5.46403
-5.46435
-5.46435
-5.46403
-5.46208
-5.46273
-5.46273
-5.46306
-5.46209
-5.46176
-5.45982
-5.45917
-5.46111
-5.46208
-5.46176
-5.45982
-5.46111
-5.46014
-5.45982
-5.45852
-5.45982
-5.46014
-5.46209
-5.46306
-5.46273
-5.46273
-5.46111
-5.46241
-5.46111
-5.46176
-5.45982
-5.46046
-5.46014
-5.46046
-5.46111
-5.45949
-5.45723
-5.45949
-5.46111
-5.46338
-5.46338
-5.46338
-5.46241
-5.46273
-5.46403
-5.46273
-5.46468
-5.46176
-5.46241
-5.46079
-5.46403
-5.465
-5.46436
-5.46274
-5.46306
-5.46339
-5.46468
-5.46533
-5.46339
-5.465
-5.465
-5.46468
-5.465
-5.46565
-5.46662
-5.46694
-5.46856
-5.46824
-5.46662
-5.4663
-5.46728
-5.46598
-5.46598
-5.46501
-5.46436
-5.46371
-5.46339
-5.46242
-5.46404
-5.46436
-5.46436
-5.46209
-5.46209
-5.46371
-5.46403
-5.46468
-5.46306
-5.4608
-5.46274
-5.46307
-5.46339
-5.46275
-5.4634
-5.46631
-5.46598
-5.46307
-5.46242
-5.46145
-5.4608
-5.45886
-5.46145
-5.46177
-5.46209
-5.46241
-5.46079
-5.46047
-5.46079
-5.46047
-5.46015
-5.46112
-5.4608
-5.46177
-5.46048
-5.46145
-5.46112
-5.46274
-5.46371
-5.46144
-5.46209
-5.46014
-5.46079
-5.46079
-5.45982
-5.46111
-5.46176
-5.465
-5.46727
-5.46662
-5.46727
-5.46598
-5.46566
-5.46404
-5.46533
-5.46469
-5.46404
-5.46371
-5.46242
-5.46501
-5.46501
-5.46339
-5.46275
-5.46145
-5.46146
-5.46113
-5.46081
-5.46275
-5.4647
-5.46534
-5.46437
-5.46275
-5.46275
-5.46275
-5.46437
-5.46275
-5.4634
-5.46275
-5.46307
-5.46437
-5.46307
-5.4608
-5.46048
-5.4608
-5.4621
-5.46113
-5.46275
-5.46307
-5.4621
-5.4608
-5.46048
-5.46081
-5.46145
-5.4621
-5.46048
-5.46178
-5.46178
-5.46404
-5.46469
-5.46371
-5.46436
-5.46242
-5.4621
-5.46242
-5.46243
-5.46114
-5.46081
-5.46179
-5.46017
-5.46016
-5.46113
-5.46275
-5.46534
-5.46566
-5.46631
-5.46761
-5.46567
-5.46534
-5.46534
-5.46405
-5.46437
-5.46372
-5.46599
-5.46437
-5.46437
-5.46437
-5.46437
-5.46567
-5.4647
-5.46243
-5.46438
-5.46502
-5.46405
-5.46535
-5.46696
-5.46567
-5.46502
-5.46437
-5.4634
-5.4634
-5.46372
-5.46275
-5.46146
-5.46146
-5.46114
-5.46017
-5.46081
-5.46049
-5.46049
-5.45984
-5.46017
-5.46276
-5.46373
-5.46535
-5.46438
-5.46373
-5.46211
-5.46276
-5.46276
-5.46437
-5.46308
-5.46243
-5.4621
-5.46275
-5.46049
-5.46114
-5.46146
-5.46146
-5.45984
-5.46146
-5.46179
-5.46179
-5.46146
-5.46017
-5.46049
-5.46178
-5.46178
-5.46405
-5.4634
-5.46178
-5.46048
-5.46113
-5.4634
-5.4647
-5.4647
-5.46437
-5.46308
-5.46243
-5.46502
-5.46599
-5.46502
-5.46437
-5.4647
-5.46599
-5.46535
-5.46114
-5.45887
-5.45854
-5.45854
-5.45692
-5.45854
-5.45984
-5.46048
-5.46146
-5.46081
-5.45854
-5.4579
-5.45952
-5.46049
-5.46081
-5.46146
-5.46113
-5.46534
-5.46599
-5.46437
-5.46405
-5.46534
-5.46275
-5.46308
-5.46146
-5.46243
-5.4634
-5.46372
-5.46307
-5.46404
-5.46372
-5.46598
-5.46534
-5.46566
-5.46631
-5.46599
-5.46696
-5.46664
-5.46534
-5.46404
-5.4621
-5.46242
-5.46145
-5.46016
-5.45919
-5.45854
-5.45887
-5.45854
-5.45984
-5.45984
-5.45951
-5.45951
-5.46113
-5.46049
-5.46178
-5.46373
-5.46405
-5.46211
-5.46308
-5.46373
-5.46405
-5.46664
-5.46761
-5.46696
-5.46663
-5.46437
-5.46177
-5.46145
-5.46177
-5.46275
-5.46177
-5.46275
-5.46275
-5.46145
-5.46242
-5.46145
-5.4621
-5.4634
-5.46437
-5.4676
-5.46663
-5.46534
-5.46534
-5.46501
-5.46242
-5.46404
-5.46631
-5.46599
-5.46405
-5.46405
-5.46308
-5.4621
-5.46178
-5.46404
-5.46404
-5.46016
-5.45951
-5.45951
-5.45757
-5.45854
-5.45822
-5.45886
-5.45886
-5.45789
-5.45886
-5.46016
-5.45725
-5.45692
-5.45789
-5.45919
-5.4621
-5.4621
-5.46307
-5.4621
-5.46178
-5.46243
-5.46405
-5.46567
-5.46632
-5.46599
-5.46599
-5.46372
-5.46178
-5.46178
-5.46243
-5.46081
-5.46015
-5.45789
-5.4595
-5.46047
-5.46015
-5.45983
-5.45886
-5.45724
-5.46016
-5.45918
-5.46275
-5.46437
-5.46502
-5.46275
-5.46243
-5.46308
-5.46469
-5.46437
-5.46243
-5.46242
-5.46242
-5.46275
-5.46275
-5.46177
-5.46339
-5.46015
-5.45983
-5.4608
-5.46145
-5.4621
-5.46469
-5.46502
-5.46308
-5.4634
-5.46567
-5.46793
-5.46695
-5.4676
-5.46566
-5.46631
-5.46404
-5.46371
-5.46663
-5.46436
-5.46565
-5.46662
-5.46533
-5.46533
-5.46469
-5.46307
-5.46145
-5.46113
-5.46081
-5.46178
-5.4634
-5.4634
-5.46275
-5.46372
-5.4621
-5.46339
-5.46307
-5.4621
-5.46372
-5.46307
-5.46177
-5.46437
-5.46275
-5.46048
-5.46048
-5.45983
-5.45918
-5.45951
-5.4621
-5.46437
-5.46469
-5.46307
-5.46372
-5.4621
-5.46015
-5.45918
-5.4608
-5.46048
-5.45822
-5.45951
-5.45951
-5.46049
-5.4621
-5.46372
-5.46307
-5.46372
-5.46469
-5.46533
-5.46695
-5.46728
-5.46663
-5.4676
-5.46857
-5.46728
-5.46598
-5.46533
-5.46469
-5.46468
-5.46533
-5.46501
-5.46598
-5.46597
-5.46565
-5.46598
-5.46565
-5.46598
-5.46533
-5.46501
-5.46469
-5.46178
-5.4608
-5.46145
-5.46145
-5.46436
-5.46242
-5.46371
-5.46242
-5.46307
-5.46242
-5.46243
-5.46275
-5.46178
-5.46146
-5.46146
-5.46113
-5.46113
-5.46372
-5.46372
-5.46437
-5.46469
-5.4621
-5.46275
-5.46373
-5.4647
-5.46437
-5.46534
-5.46469
-5.46469
-5.46502
-5.46663
-5.46696
-5.46502
-5.46599
-5.46502
-5.46372
-5.46372
-5.46178
-5.46373
-5.46534
-5.46437
-5.4634
-5.46113
-5.46048
-5.45918
-5.45724
-5.45886
-5.45951
-5.45821
-5.45919
-5.45822
-5.45757
-5.45984
-5.45854
-5.45951
-5.45919
-5.46016
-5.46178
-5.46016
-5.45983
-5.46048
-5.46015
-5.4608
-5.46048
-5.46113
-5.46372
-5.46275
-5.46178
-5.45952
-5.46178
-5.46146
-5.46372
-5.46437
-5.46372
-5.46469
-5.46728
-5.4689
-5.4689
-5.46793
-5.46696
-5.46631
-5.46502
-5.46631
-5.46631
-5.46696
-5.46632
-5.46567
-5.46599
-5.46599
-5.46469
-5.46696
-5.46534
-5.46599
-5.4647
-5.46405
-5.46276
-5.46211
-5.46373
-5.46243
-5.46179
-5.46049
-5.46114
-5.46146
-5.4621
-5.46243
-5.46243
-5.46243
-5.46211
-5.46308
-5.46599
-5.46567
-5.46405
-5.46308
-5.46276
-5.46114
-5.46114
-5.46276
-5.46308
-5.46211
-5.46114
-5.46243
-5.46276
-5.4634
-5.46405
-5.4647
-5.46567
-5.46437
-5.4634
-5.46276
-5.46114
-5.46049
-5.45985
-5.4592
-5.46373
-5.46503
-5.46276
-5.46341
-5.46568
-5.466
-5.46665
-5.46859
-5.46794
-5.46794
-5.46762
-5.46664
-5.46503
-5.46471
-5.46632
-5.46535
-5.46795
-5.4673
-5.46763
-5.46569
-5.46536
-5.46342
-5.46147
-5.46245
-5.46374
-5.4618
-5.46017
-5.46049
-5.46114
-5.46146
-5.46211
-5.46244
-5.46277
-5.46439
-5.46504
-5.4631
-5.46277
-5.46148
-5.46212
-5.46115
-5.46439
-5.46342
-5.46212
-5.46148
-5.4618
-5.4618
-5.46342
-5.46439
-5.46439
-5.46472
-5.46407
-5.46731
-5.46635
-5.46376
-5.46181
-5.46246
-5.46213
-5.46245
-5.46051
-5.46018
-5.46148
-5.46147
-5.46212
-5.46245
-5.46148
-5.4631
-5.46343
-5.46473
-5.46472
-5.4631
-5.46375
-5.46504
-5.46698
-5.46633
-5.46374
-5.46277
-5.4618
-5.46406
-5.46406
-5.46536
-5.46536
-5.46634
-5.46375
-5.46408
-5.46829
-5.46796
-5.46699
-5.46667
-5.46537
-5.46407
-5.46342
-5.46278
-5.46116
-5.46051
-5.4618
-5.46245
-5.45986
-5.45921
-5.45856
-5.46083
-5.45985
-5.45824
-5.45759
-5.45727
-5.45727
-5.45954
-5.45825
-5.45889
-5.46051
-5.45921
-5.46018
-5.46148
-5.46083
-5.46116
-5.46148
-5.46278
-5.4644
-5.46407
-5.46537
-5.46635
-5.4657
-5.4644
-5.46602
-5.46602
-5.46666
-5.46407
-5.46213
-5.46213
-5.4618
-5.46472
-5.4631
-5.46245
-5.46181
-5.46084
-5.46019
-5.46083
-5.46051
-5.45986
-5.45954
-5.46018
-5.4618
-5.46018
-5.46245
-5.46278
-5.46472
-5.4644
-5.46246
-5.46214
-5.46246
-5.46278
-5.46375
-5.46343
-5.46407
-5.4631
-5.46343
-5.46343
-5.4644
-5.46408
-5.46375
-5.46084
-5.46084
-5.46278
-5.46407
-5.4631
-5.4631
-5.46407
-5.46439
-5.4631
-5.46602
-5.4644
-5.46699
-5.46861
-5.46764
-5.46569
-5.46504
-5.46407
-5.46245
-5.4631
-5.46504
-5.46472
-5.4631
-5.46342
-5.46342
-5.46147
-5.46277
-5.46245
-5.4631
-5.46342
-5.4631
-5.46342
-5.46439
-5.46439
-5.46213
-5.4618
-5.45954
-5.45824
-5.45922
-5.46019
-5.45986
-5.46018
-5.46018
-5.46147
-5.45985
-5.46115
-5.46083
-5.46148
-5.46018
-5.46116
-5.46116
-5.46083
-5.46245
-5.4618
-5.4631
-5.46407
-5.46342
-5.4631
-5.46277
-5.46213
-5.46277
-5.4618
-5.46504
-5.46406
-5.46147
-5.46147
-5.4605
-5.46051
-5.45986
-5.45953
-5.45986
-5.45888
-5.4605
-5.45986
-5.46115
-5.46147
-5.46115
-5.46309
-5.46374
-5.46439
-5.46471
-5.46536
-5.46504
-5.46439
-5.4631
-5.46115
-5.46148
-5.4618
-5.46083
-5.4618
-5.46212
-5.46374
-5.46309
-5.46439
-5.46406
-5.46342
-5.46147
-5.46277
-5.46471
-5.46762
-5.46698
-5.46471
-5.46374
-5.46341
-5.46471
-5.46601
-5.46568
-5.46341
-5.46341
-5.46374
-5.46568
-5.46535
-5.46276
-5.46115
-5.4618
-5.46147
-5.46341
-5.46374
-5.46406
-5.46374
-5.46439
-5.46439
-5.4631
-5.46472
-5.46504
-5.46406
-5.46212
-5.46212
-5.46179
-5.46179
-5.46308
-5.46406
-5.46535
-5.46633
-5.46601
-5.46471
-5.46341
-5.46374
-5.46438
-5.46405
-5.46276
-5.46276
-5.46276
-5.46146
-5.46178
-5.46016
-5.46016
-5.46308
-5.46308
-5.46243
-5.46211
-5.46179
-5.46276
-5.4634
-5.46373
-5.46502
-5.46502
-5.46664
-5.4647
-5.4621
-5.46113
-5.46145
-5.46242
-5.46081
-5.46178
-5.4634
-5.46178
-5.46146
-5.46308
-5.46276
-5.46405
-5.46049
-5.46178
-5.46146
-5.46081
-5.45984
-5.45984
-5.45887
-5.45854
-5.45822
-5.45854
-5.45919
-5.45887
-5.45887
-5.45887
-5.45855
-5.4579
-5.45693
-5.45952
-5.46308
-5.46567
-5.46729
-5.46858
-5.46826
-5.46891
-5.46826
-5.46664
-5.466
-5.46405
-5.46437
-5.46469
-5.46502
-5.46469
-5.46405
-5.46405
-5.46535
-5.46535
-5.4647
-5.46502
-5.4634
-5.46502
-5.46762
-5.46665
-5.46438
-5.46373
-5.46211
-5.46146
-5.46178
-5.46211
-5.46372
-5.46372
-5.4647
-5.46567
-5.46502
-5.46632
-5.46761
-5.46696
-5.46502
-5.46437
-5.46243
-5.46275
-5.4634
-5.46308
-5.46502
-5.46437
-5.46275
-5.46372
-5.46146
-5.45725
-5.46081
-5.4621
-5.46048
-5.46048
-5.45984
-5.46275
-5.46243
-5.46178
-5.4621
-5.46307
-5.46275
-5.4634
-5.46145
-5.45984
-5.45919
-5.46049
-5.46276
-5.46341
-5.46438
-5.46373
-5.46438
-5.46503
-5.46632
-5.46664
-5.4647
-5.46567
-5.46567
-5.466
-5.46405
-5.46341
-5.46373
-5.46341
-5.46276
-5.4634
-5.46502
-5.46502
-5.46308
-5.46147
-5.46114
-5.46115
-5.45985
-5.46018
-5.4605
-5.46179
-5.46244
-5.46179
-5.46114
-5.46276
-5.46114
-5.45952
-5.46082
-5.46277
-5.46147
-5.46147
-5.46212
-5.46244
-5.46147
-5.4618
-5.46309
-5.46245
-5.46309
-5.46342
-5.46536
-5.46374
-5.46471
-5.46471
-5.46697
-5.46632
-5.46697
-5.46633
-5.46536
-5.46406
-5.46245
-5.46277
-5.46374
-5.4605
-5.45888
-5.45694
-5.45856
-5.46082
-5.45985
-5.46082
-5.46147
-5.46276
-5.46277
-5.46244
-5.46309
-5.46601
-5.466
-5.46406
-5.46535
-5.46406
-5.46438
-5.46535
-5.4647
-5.46406
-5.46568
-5.4647
-5.46568
-5.46632
-5.46567
-5.46308
-5.46243
-5.4634
-5.46146
-5.46146
-5.46081
-5.46049
-5.45855
-5.45854
-5.45984
-5.46049
-5.45919
-5.45919
-5.4621
-5.4621
-5.45984
-5.46081
-5.46178
-5.46243
-5.4621
-5.46178
-5.46211
-5.46243
-5.46373
-5.46341
-5.46373
-5.46502
-5.46405
-5.46113
-5.46016
-5.46145
-5.4608
-5.46016
-5.46178
-5.4634
-5.46566
-5.46567
-5.4634
-5.4621
-5.46405
-5.46502
-5.46632
-5.46567
-5.46405
-5.4634
-5.46081
-5.46081
-5.46113
-5.45952
-5.46114
-5.46243
-5.46114
-5.46179
-5.46211
-5.46308
-5.46405
-5.46373
-5.46308
-5.46179
-5.46114
-5.46049
-5.45984
-5.46114
-5.46243
-5.46049
-5.46081
-5.46308
-5.46276
-5.46438
-5.46599
-5.46599
-5.46632
-5.46535
-5.4647
-5.4647
-5.46405
-5.46502
-5.46275
-5.46243
-5.46146
-5.4621
-5.4634
-5.46501
-5.4634
-5.4621
-5.45984
-5.46275
-5.4621
-5.4621
-5.46275
-5.46275
-5.46307
-5.46437
-5.46372
-5.46178
-5.4621
-5.46405
-5.46113
-5.45886
-5.46145
-5.46145
-5.46145
-5.46371
-5.46242
-5.46307
-5.46145
-5.45918
-5.46016
-5.46275
-5.46081
-5.46243
-5.46016
-5.46211
-5.4634
-5.46211
-5.46243
-5.46372
-5.46372
-5.46599
-5.46728
-5.46761
-5.46761
-5.46502
-5.46372
-5.46567
-5.4634
-5.46373
-5.4634
-5.46081
-5.45984
-5.45822
-5.45854
-5.45821
-5.45853
-5.45983
-5.46307
-5.46437
-5.46469
-5.4647
-5.46502
-5.46211
-5.46243
-5.46535
-5.46308
-5.4647
-5.46308
-5.46178
-5.46145
-5.46145
-5.45919
-5.46048
-5.46049
-5.46275
-5.46243
-5.46308
-5.45984
-5.46081
-5.46308
-5.46146
-5.46113
-5.46113
-5.46114
-5.45952
-5.46146
-5.4634
-5.46146
-5.46081
-5.46017
-5.46049
-5.46211
-5.45984
-5.45952
-5.45984
-5.46276
-5.46438
-5.46275
-5.46242
-5.4621
-5.46048
-5.45951
-5.45919
-5.45984
-5.45952
-5.45984
-5.46081
-5.46275
-5.4621
-5.46339
-5.46372
-5.46437
-5.46534
-5.46696
-5.46825
-5.46696
-5.46598
-5.46631
-5.46501
-5.46631
-5.46372
-5.46339
-5.46274
-5.46339
-5.46436
-5.46339
-5.46372
-5.46307
-5.4634
-5.46211
-5.46178
-5.46081
-5.45984
-5.46145
-5.4608
-5.4608
-5.45853
-5.46112
-5.46209
-5.46242
-5.46274
-5.46274
-5.46339
-5.46145
-5.46307
-5.46469
-5.46339
-5.46274
-5.46307
-5.46307
-5.46436
-5.46371
-5.46144
-5.46144
-5.46338
-5.46403
-5.46533
-5.46533
-5.46501
-5.46404
-5.46436
-5.46242
-5.46306
-5.46144
-5.46306
-5.46371
-5.46338
-5.46209
-5.46241
-5.46177
-5.46274
-5.46306
-5.46403
-5.46598
-5.46533
-5.46597
-5.46435
-5.46241
-5.46176
-5.46306
-5.46209
-5.46079
-5.46176
-5.46111
-5.46176
-5.4595
-5.45853
-5.46241
-5.46306
-5.46371
-5.46403
-5.46111
-5.46176
-5.46046
-5.45755
-5.45917
-5.46143
-5.46046
-5.45949
-5.46014
-5.46047
-5.46209
-5.46079
-5.46079
-5.46144
-5.46079
-5.46046
-5.46046
-5.46078
-5.46143
-5.46143
-5.45949
-5.45949
-5.45982
-5.46014
-5.45917
-5.46014
-5.46175
-5.46175
-5.46273
-5.46305
-5.46337
-5.4637
-5.46402
-5.46499
-5.46629
-5.46693
-5.46661
-5.46467
-5.46402
-5.46079
-5.46176
-5.46305
-5.46467
-5.46499
-5.4637
-5.46467
-5.46402
-5.46013
-5.45884
-5.45981
-5.46143
-5.46143
-5.46013
-5.45916
-5.45981
-5.45852
-5.46014
-5.4624
-5.46046
-5.46078
-5.46401
-5.46466
-5.46466
-5.4637
-5.46273
-5.4624
-5.46305
-5.46143
-5.46013
-5.46078
-5.45884
-5.45754
-5.45851
-5.45754
-5.45754
-5.45819
-5.45884
-5.45917
-5.45917
-5.46143
-5.46208
-5.46337
-5.46499
-5.46563
-5.46596
-5.46725
-5.46693
-5.46693
-5.46564
-5.46629
-5.46759
-5.46726
-5.46823
-5.46952
-5.46758
-5.4637
-5.46305
-5.46402
-5.4637
-5.4637
-5.46402
-5.46661
-5.46661
-5.46499
-5.46338
-5.46208
-5.46338
-5.46273
-5.46273
-5.46338
-5.46079
-5.46371
-5.46403
-5.46436
-5.46241
-5.46241
-5.46176
-5.46533
-5.46467
-5.46467
-5.4637
-5.46402
-5.46338
-5.46111
-5.46209
-5.46145
-5.4621
-5.4608
-5.46339
-5.46339
-5.46274
-5.46468
-5.46597
-5.4663
-5.46532
-5.465
-5.46499
-5.46532
-5.46629
-5.46597
-5.465
-5.46144
-5.46112
-5.46241
-5.46274
-5.46014
-5.46111
-5.46241
-5.46208
-5.45982
-5.45819
-5.45884
-5.45884
-5.45982
-5.46112
-5.46306
-5.46533
-5.46436
-5.46727
-5.4676
-5.46662
-5.46598
-5.46565
-5.46565
-5.46694
-5.465
-5.46629
-5.46532
-5.46629
-5.46694
-5.46694
-5.46823
-5.465
-5.46402
-5.46435
-5.46305
-5.4624
-5.46208
-5.46046
-5.46046
-5.46078
-5.46078
-5.4624
-5.46467
-5.46693
-5.46693
-5.4692
-5.4692
-5.46985
-5.47018
-5.46985
-5.46855
-5.46693
-5.46791
-5.46532
-5.46403
-5.46532
-5.46467
-5.46435
-5.46435
-5.46467
-5.465
-5.46726
-5.46597
-5.46597
-5.46532
-5.46532
-5.4637
-5.46176
-5.46305
-5.46467
-5.465
-5.46532
-5.46467
-5.46435
-5.46403
-5.46338
-5.46598
-5.46565
-5.46403
-5.46274
-5.46468
-5.46468
-5.465
-5.46403
-5.46176
-5.46144
-5.46014
-5.46047
-5.46014
-5.45787
-5.4569
-5.45755
-5.45658
-5.45852
-5.46015
-5.46015
-5.46403
-5.46371
-5.46501
-5.46598
-5.46662
-5.46403
-5.46242
-5.46242
-5.46209
-5.46242
-5.46242
-5.46177
-5.46274
-5.46145
-5.46048
-5.46112
-5.46209
-5.46274
-5.4634
-5.4634
-5.46308
-5.46405
-5.46437
-5.4634
-5.4634
-5.46405
-5.46437
-5.46308
-5.4634
-5.46178
-5.46275
-5.46113
-5.46242
-5.46436
-5.46404
-5.46209
-5.46371
-5.46307
-5.46307
-5.46242
-5.46307
-5.4634
-5.46275
-5.46437
-5.46372
-5.46437
-5.46307
-5.46502
-5.46275
-5.46307
-5.46274
-5.46339
-5.46436
-5.46371
-5.4663
-5.4663
-5.46533
-5.46566
-5.46631
-5.46631
-5.46404
-5.46663
-5.46663
-5.46566
-5.46566
-5.46469
-5.46404
-5.46307
-5.46242
-5.45983
-5.46177
-5.4621
-5.46307
-5.46275
-5.46372
-5.46275
-5.46048
-5.46048
-5.45983
-5.46015
-5.45983
-5.45821
-5.45822
-5.45725
-5.45854
-5.45887
-5.46145
-5.46081
-5.46081
-5.46372
-5.46372
-5.46534
-5.46501
-5.46566
-5.46372
-5.46501
-5.46501
-5.46274
-5.46436
-5.46307
-5.46307
-5.46048
-5.45951
-5.45951
-5.46177
-5.46112
-5.46112
-5.45983
-5.45918
-5.45853
-5.46048
-5.46307
-5.46469
-5.46501
-5.46404
-5.46372
-5.46307
-5.46242
-5.46209
-5.46047
-5.46079
-5.46047
-5.45982
-5.46047
-5.46177
-5.46371
-5.46339
-5.46307
-5.46502
-5.46502
-5.46502
-5.46599
-5.46372
-5.46372
-5.4634
-5.46307
-5.45983
-5.45757
-5.46081
-5.45886
-5.45951
-5.46016
-5.46113
-5.45983
-5.45983
-5.46113
-5.4621
-5.46243
-5.4621
-5.46113
-5.46178
-5.46373
-5.46308
-5.46405
-5.46469
-5.46501
-5.46663
-5.4676
-5.4676
-5.46696
-5.46728
-5.46567
-5.46502
-5.46275
-5.46307
-5.46243
-5.46307
-5.4634
-5.46534
-5.46437
-5.46372
-5.46275
-5.46243
-5.46178
-5.45886
-5.46145
-5.46145
-5.46275
-5.46404
-5.4621
-5.46178
-5.45886
-5.45854
-5.45757
-5.45919
-5.4579
-5.45855
-5.46017
-5.45919
-5.4579
-5.45855
-5.46017
-5.46308
-5.46535
-5.46437
-5.46308
-5.46437
-5.46502
-5.46405
-5.46696
-5.46696
-5.46373
-5.46502
-5.46535
-5.46599
-5.46437
-5.4634
-5.46372
-5.46437
-5.46437
-5.46178
-5.46307
-5.46437
-5.46469
-5.46404
-5.46081
-5.45983
-5.45821
-5.45886
-5.45951
-5.45822
-5.45886
-5.46016
-5.46113
-5.46275
-5.4634
-5.46404
-5.46469
-5.46371
-5.46307
-5.46404
-5.46469
-5.46502
-5.46599
-5.46437
-5.46243
-5.46016
-5.46178
-5.46275
-5.4634
-5.46502
-5.46372
-5.46307
-5.46372
-5.4634
-5.46178
-5.4634
-5.46307
-5.46404
-5.46275
-5.46436
-5.46468
-5.46468
-5.46566
-5.46242
-5.4621
-5.46081
-5.46146
-5.46275
-5.4634
-5.4634
-5.46339
-5.46242
-5.46242
-5.46404
-5.46404
-5.46371
-5.46209
-5.46242
-5.46372
-5.4676
-5.46825
-5.4676
-5.46598
-5.46631
-5.46825
-5.46987
-5.47149
-5.46922
-5.46728
-5.46501
-5.46436
-5.46501
-5.46178
-5.46113
-5.46178
-5.46113
-5.46113
-5.46081
-5.45983
-5.46178
-5.46372
-5.46404
-5.46502
-5.46437
-5.4634
-5.46048
-5.46048
-5.4621
-5.46404
-5.46404
-5.46469
-5.46631
-5.46437
-5.46566
-5.46469
-5.46145
-5.4621
-5.46274
-5.46113
-5.4621
-5.46275
-5.46339
-5.4621
-5.46178
-5.46178
-5.4621
-5.46145
-5.46178
-5.46307
-5.46436
-5.46339
-5.46404
-5.46437
-5.46405
-5.46275
-5.46243
-5.46243
-5.46178
-5.46275
-5.46113
-5.46113
-5.46048
-5.45789
-5.45853
-5.45886
-5.4608
-5.46275
-5.46081
-5.45919
-5.46081
-5.45952
-5.45951
-5.45919
-5.46016
-5.46178
-5.46275
-5.46177
-5.46177
-5.46275
-5.46243
-5.46178
-5.46211
-5.46307
-5.46566
-5.46566
-5.46695
-5.4676
-5.46728
-5.46404
-5.46437
-5.4634
-5.46081
-5.46113
-5.45887
-5.46081
-5.46113
-5.4608
-5.4608
-5.45983
-5.46048
-5.46113
-5.46211
-5.46178
-5.46016
-5.46146
-5.46275
-5.46307
-5.46372
-5.46501
-5.46404
-5.46372
-5.4634
-5.46534
-5.46534
-5.46599
-5.46729
-5.46696
-5.46631
-5.46469
-5.46469
-5.46534
-5.46469
-5.46599
-5.46372
-5.46599
-5.46826
-5.46469
-5.46437
-5.4634
-5.46275
-5.46243
-5.46081
-5.46146
-5.45984
-5.46049
-5.46049
-5.45887
-5.46017
-5.46146
-5.46017
-5.45952
-5.45855
-5.46081
-5.46178
-5.4621
-5.45983
-5.45951
-5.46178
-5.46146
-5.4634
-5.46243
-5.46211
-5.46275
-5.46178
-5.46146
-5.46307
-5.46275
-5.46469
-5.46566
-5.46405
-5.46308
-5.46437
-5.46631
-5.46663
-5.46696
-5.46696
-5.4689
-5.4689
-5.46761
-5.46664
-5.46567
-5.46405
-5.46372
-5.4634
-5.4608
-5.46145
-5.46307
-5.46307
-5.46469
-5.46566
-5.46501
-5.46469
-5.46502
-5.46534
-5.46534
-5.46534
-5.46696
-5.46535
-5.46599
-5.46308
-5.46211
-5.46243
-5.46243
-5.46113
-5.46275
-5.46146
-5.46178
-5.4621
-5.46016
-5.46016
-5.46016
-5.45854
-5.45919
-5.46113
-5.4621
-5.46081
-5.46146
-5.46016
-5.46243
-5.46178
-5.46211
-5.46276
-5.46146
-5.46373
-5.46179
-5.46373
-5.46373
-5.46535
-5.46729
-5.46762
-5.46568
-5.46503
-5.46568
-5.46503
-5.46146
-5.46405
-5.46502
-5.46599
-5.4647
-5.46502
-5.46567
-5.46502
-5.46405
-5.46178
-5.46211
-5.46016
-5.46049
-5.46178
-5.46049
-5.45984
-5.45823
-5.4579
-5.45791
-5.45888
-5.45726
-5.46082
-5.45985
-5.46017
-5.45985
-5.4592
-5.45952
-5.46114
-5.46146
-5.46211
-5.46146
-5.46244
-5.46341
-5.46309
-5.46309
-5.46373
-5.46276
-5.46438
-5.46438
-5.46276
-5.46438
-5.46308
-5.46405
-5.46665
-5.46956
-5.46924
-5.46827
-5.46891
-5.46535
-5.46309
-5.46017
-5.46017
-5.45791
-5.45823
-5.45855
-5.45952
-5.45985
-5.46049
-5.46082
-5.46308
-5.46146
-5.46146
-5.45984
-5.45984
-5.46146
-5.46178
-5.46049
-5.46049
-5.46146
-5.46211
-5.46276
-5.46438
-5.46599
-5.46599
-5.466
-5.46503
-5.46406
-5.46568
-5.46697
-5.46568
-5.46373
-5.46535
-5.46535
-5.46178
-5.46081
-5.46178
-5.46146
-5.46146
-5.46437
-5.46373
-5.46405
-5.466
-5.46535
-5.46601
-5.4673
-5.46698
-5.46762
-5.46697
-5.4647
-5.4634
-5.46437
-5.4621
-5.46114
-5.45952
-5.45953
-5.45953
-5.45888
-5.46114
-5.46244
-5.46308
-5.46373
-5.46405
-5.46146
-5.46178
-5.4634
-5.46438
-5.46697
-5.46502
-5.466
-5.46373
-5.46438
-5.46471
-5.46568
-5.46762
-5.46892
-5.46892
-5.46794
-5.46664
-5.466
-5.46373
-5.46373
-5.46568
-5.46373
-5.46406
-5.46438
-5.46471
-5.46308
-5.46276
-5.46308
-5.46211
-5.46309
-5.46406
-5.46406
-5.46471
-5.46568
-5.466
-5.46503
-5.4673
-5.466
-5.46664
-5.46535
-5.46308
-5.46244
-5.46276
-5.46406
-5.46471
-5.46535
-5.46179
-5.46277
-5.46341
-5.46277
-5.46309
-5.46406
-5.46374
-5.46438
-5.46276
-5.46179
-5.46017
-5.4579
-5.45822
-5.45887
-5.45984
-5.4621
-5.46049
-5.46082
-5.46147
-5.46082
-5.46147
-5.46115
-5.46147
-5.45953
-5.46276
-5.46276
-5.46373
-5.46534
-5.46631
-5.46534
-5.4634
-5.4634
-5.46503
-5.46535
-5.46406
-5.46341
-5.46503
-5.46308
-5.46244
-5.45984
-5.45855
-5.4579
-5.45661
-5.45629
-5.45693
-5.45855
-5.4579
-5.45693
-5.45758
-5.45985
-5.4618
-5.46245
-5.46342
-5.4618
-5.4605
-5.4605
-5.46179
-5.4605
-5.4605
-5.45985
-5.45823
-5.45888
-5.46147
-5.45985
-5.45887
-5.45952
-5.45952
-5.46017
-5.46147
-5.46244
-5.46309
-5.46147
-5.46114
-5.46406
-5.46244
-5.46211
-5.46114
-5.4592
-5.45855
-5.4592
-5.46114
-5.45984
-5.45855
-5.45725
-5.45887
-5.45855
-5.46146
-5.46373
-5.46535
-5.46535
-5.46341
-5.46308
-5.46308
-5.46438
-5.46438
-5.46406
-5.46341
-5.4634
-5.46405
-5.46405
-5.46794
-5.46632
-5.46794
-5.46859
-5.46956
-5.46665
-5.46762
-5.46826
-5.46891
-5.46826
-5.46729
-5.46567
-5.46275
-5.46243
-5.46275
-5.46243
-5.46276
-5.4634
-5.46243
-5.46082
-5.46114
-5.46179
-5.45984
-5.45984
-5.46146
-5.46244
-5.46438
-5.46309
-5.46244
-5.45953
-5.45888
-5.46017
-5.45952
-5.45984
-5.46145
-5.46404
-5.46307
-5.4634
-5.46502
-5.466
-5.46892
-5.46794
-5.46762
-5.46632
-5.46697
-5.46793
-5.46664
-5.46501
-5.46339
-5.46307
-5.46242
-5.45984
-5.46113
-5.46146
-5.46373
-5.46146
-5.46178
-5.46081
-5.46049
-5.46114
-5.46243
-5.46146
-5.46372
-5.46599
-5.46664
-5.46696
-5.46891
-5.47053
-5.46923
-5.46988
-5.47085
-5.46923
-5.46988
-5.46987
-5.46793
-5.46728
-5.46922
-5.46598
-5.46371
-5.46242
-5.46242
-5.46437
-5.46534
-5.46502
-5.46469
-5.46502
-5.46631
-5.46534
-5.46793
-5.46728
-5.46663
-5.46566
-5.46437
-5.4621
-5.46081
-5.46145
-5.45951
-5.46015
-5.45951
-5.45919
-5.46081
-5.46049
-5.46081
-5.46113
-5.46081
-5.46048
-5.46113
-5.46016
-5.46404
-5.46372
-5.46437
-5.4634
-5.4634
-5.46372
-5.46275
-5.46502
-5.46242
-5.46113
-5.46048
-5.45918
-5.4608
-5.46113
-5.46048
-5.45951
-5.45886
-5.46048
-5.46015
-5.45983
-5.46048
-5.45854
-5.46016
-5.46016
-5.46081
-5.46146
-5.46146
-5.46178
-5.4634
-5.46534
-5.46405
-5.46308
-5.46275
-5.46016
-5.46113
-5.46113
-5.46178
-5.46275
-5.46405
-5.46275
-5.46113
-5.46178
-5.46211
-5.46276
-5.46114
-5.46308
-5.46372
-5.46372
-5.46437
-5.46469
-5.46599
-5.46469
-5.46372
-5.46405
-5.46567
-5.46502
-5.46534
-5.46599
-5.46599
-5.4647
-5.46405
-5.46275
-5.46275
-5.46469
-5.46307
-5.46372
-5.4634
-5.4621
-5.46178
-5.46178
-5.46179
-5.45984
-5.46179
-5.46146
-5.46179
-5.46405
-5.46308
-5.46405
-5.4634
-5.46534
-5.46534
-5.46729
-5.46632
-5.46729
-5.466
-5.46276
-5.46179
-5.46017
-5.46017
-5.46146
-5.46081
-5.46049
-5.46017
-5.46114
-5.46372
-5.4621
-5.4634
-5.4621
-5.46178
-5.46276
-5.46373
-5.46243
-5.46502
-5.46535
-5.46276
-5.4647
-5.46599
-5.46502
-5.46211
-5.466
-5.46567
-5.46503
-5.46567
-5.46535
-5.46567
-5.46728
-5.46664
-5.46405
-5.46405
-5.4647
-5.46308
-5.46243
-5.46308
-5.46276
-5.46276
-5.46211
-5.46146
-5.46243
-5.46275
-5.46146
-5.46178
-5.46211
-5.46276
-5.4634
-5.46308
-5.46276
-5.46211
-5.46146
-5.4634
-5.46438
-5.4647
-5.46438
-5.46503
-5.46308
-5.46146
-5.45887
-5.45886
-5.45951
-5.4595
-5.45983
-5.45951
-5.45692
-5.45984
-5.46049
-5.46211
-5.46276
-5.4634
-5.46534
-5.46469
-5.46404
-5.46534
-5.46534
-5.46631
-5.46469
-5.46729
-5.46923
-5.4689
-5.46793
-5.46793
-5.46599
-5.46599
-5.46664
-5.4647
-5.46308
-5.46373
-5.4634
-5.46113
-5.45919
-5.45983
-5.45983
-5.4608
-5.46015
-5.45886
-5.45789
-5.46015
-5.46209
-5.46177
-5.46145
-5.46113
-5.45918
-5.45951
-5.45919
-5.46081
-5.46178
-5.45984
-5.46146
-5.46276
-5.46341
-5.46276
-5.46308
-5.46438
-5.46664
-5.46761
-5.46567
-5.4634
-5.46308
-5.46373
-5.46276
-5.46243
-5.46308
-5.46373
-5.46114
-5.46308
-5.46438
-5.46438
-5.46341
-5.46211
-5.46244
-5.4647
-5.46535
-5.46567
-5.46503
-5.46406
-5.46568
-5.46406
-5.4647
-5.46405
-5.46535
-5.46502
-5.46405
-5.46373
-5.4647
-5.46664
-5.46729
-5.46729
-5.4673
-5.4673
-5.46568
-5.46471
-5.4647
-5.46179
-5.46276
-5.46113
-5.46113
-5.46145
-5.46081
-5.4621
-5.45951
-5.46113
-5.46146
-5.46243
-5.46146
-5.46308
-5.46211
-5.45984
-5.46114
-5.46308
-5.46276
-5.46146
-5.46114
-5.46178
-5.4634
-5.4634
-5.46145
-5.46178
-5.46145
-5.46113
-5.46243
-5.46243
-5.46373
-5.46373
-5.46244
-5.46277
-5.46535
-5.46405
-5.46437
-5.46599
-5.46437
-5.46502
-5.46566
-5.46696
-5.46566
-5.46501
-5.46372
-5.4647
-5.4647
-5.46308
-5.46179
-5.46114
-5.45985
-5.46244
-5.46308
-5.46178
-5.46114
-5.46178
-5.46243
-5.4634
-5.46308
-5.46211
-5.46146
-5.46049
-5.45985
-5.4592
-5.45693
-5.45758
-5.45984
-5.45887
-5.45887
-5.46017
-5.46146
-5.46178
-5.46146
-5.46081
-5.46016
-5.46016
-5.46081
-5.46211
-5.46211
-5.46179
-5.46276
-5.46243
-5.46049
-5.46081
-5.46211
-5.46502
-5.4634
-5.4634
-5.46308
-5.46308
-5.4647
-5.46437
-5.46599
-5.46696
-5.46502
-5.4634
-5.46081
-5.46081
-5.46146
-5.46373
-5.46405
-5.46405
-5.4647
-5.46373
-5.4634
-5.46405
-5.46275
-5.46308
-5.46502
-5.46438
-5.4647
-5.46405
-5.46275
-5.46211
-5.4634
-5.46373
-5.46405
-5.46341
-5.4647
-5.46373
-5.4647
-5.46244
-5.46114
-5.46146
-5.46275
-5.46437
-5.4634
-5.46307
-5.46275
-5.46081
-5.46275
-5.46146
-5.46048
-5.46113
-5.46178
-5.46307
-5.4621
-5.46242
-5.46404
-5.46405
-5.46372
-5.46437
-5.46534
-5.46566
-5.46534
-5.46857
-5.46793
-5.4676
-5.46825
-5.46858
-5.46858
-5.46728
-5.46437
-5.46307
-5.46469
-5.46404
-5.46177
-5.46307
-5.46145
-5.46177
-5.45951
-5.45886
-5.45918
-5.46113
-5.46145
-5.4608
-5.46177
-5.46242
-5.46274
-5.46274
-5.46241
-5.46338
-5.465
-5.46533
-5.46468
-5.46404
-5.46599
-5.46534
-5.46178
-5.46211
-5.46372
-5.46307
-5.46307
-5.4608
-5.46176
-5.46273
-5.46208
-5.46273
-5.46208
-5.45917
-5.4608
-5.46177
-5.4608
-5.46015
-5.46145
-5.46145
-5.45918
-5.46177
-5.46371
-5.46306
-5.46242
-5.46274
-5.46113
-5.4608
-5.46145
-5.45918
-5.46015
-5.4595
-5.46047
-5.46047
-5.45983
-5.4608
-5.46113
-5.46243
-5.46243
-5.46372
-5.46469
-5.46404
-5.46339
-5.46371
-5.46306
-5.46306
-5.46274
-5.46857
-5.46858
-5.46955
-5.4702
-5.4702
-5.46955
-5.46858
-5.4676
-5.46696
-5.46663
-5.46598
-5.46501
-5.46566
-5.46533
-5.46468
-5.46469
-5.46339
-5.4621
-5.46178
-5.4608
-5.45983
-5.45918
-5.45918
-5.45821
-5.46081
-5.45983
-5.45692
-5.45789
-5.45886
-5.46177
-5.46339
-5.46306
-5.46436
-5.46274
-5.46468
-5.46339
-5.46436
-5.46275
-5.46469
-5.46469
-5.46469
-5.46307
-5.46566
-5.46533
-5.46403
-5.46273
-5.46273
-5.46014
-5.46047
-5.46144
-5.46079
-5.46079
-5.4582
-5.4595
-5.46047
-5.465
-5.46565
-5.46857
-5.46792
-5.46759
-5.46759
-5.4663
-5.46597
-5.465
-5.46532
-5.46565
-5.4663
-5.46727
-5.46727
-5.46662
-5.46436
-5.46403
-5.46306
-5.46273
-5.46273
-5.46371
-5.46403
-5.46177
-5.46565
-5.46468
-5.46371
-5.46533
-5.46371
-5.46241
-5.46306
-5.46144
-5.4637
-5.46338
-5.46209
-5.46371
-5.46273
-5.46306
-5.46403
-5.465
-5.46597
-5.46436
-5.46436
-5.46533
-5.46662
-5.46468
-5.46273
-5.46144
-5.46144
-5.46111
-5.45852
-5.45787
-5.45885
-5.45593
-5.45561
-5.45852
-5.45949
-5.45885
-5.4582
-5.45852
-5.45982
-5.45884
-5.45982
-5.45787
-5.45593
-5.4569
-5.45917
-5.45723
-5.4582
-5.45982
-5.45853
-5.4595
-5.46144
-5.46241
-5.46532
-5.46467
-5.465
-5.46532
-5.46564
-5.465
-5.46273
-5.46338
-5.46306
-5.46306
-5.46306
-5.465
-5.46403
-5.46306
-5.46468
-5.46533
-5.46727
-5.46663
-5.46533
-5.46501
-5.46565
-5.46403
-5.46241
-5.46112
-5.46273
-5.46176
-5.46176
-5.46177
-5.46112
-5.46177
-5.46177
-5.46338
-5.46403
-5.46533
-5.46533
-5.46501
-5.46436
-5.46436
-5.46339
-5.46306
-5.46241
-5.46274
-5.46274
-5.46176
-5.46241
-5.46273
-5.46176
-5.46014
-5.46047
-5.46144
-5.46273
-5.46273
-5.46208
-5.46144
-5.46079
-5.46144
-5.46144
-5.46241
-5.46112
-5.46209
-5.46339
-5.46177
-5.4608
-5.46404
-5.46436
-5.46306
-5.46338
-5.46403
-5.46435
-5.465
-5.46694
-5.46694
-5.46532
-5.46565
-5.46792
-5.4663
-5.46533
-5.46436
-5.46307
-5.46112
-5.46047
-5.46209
-5.46112
-5.46273
-5.46241
-5.46467
-5.46402
-5.46176
-5.46176
-5.46112
-5.46176
-5.46403
-5.46468
-5.46371
-5.46339
-5.46339
-5.46241
-5.46015
-5.45918
-5.45918
-5.45885
-5.46144
-5.45982
-5.4595
-5.45756
-5.45756
-5.45724
-5.45594
-5.45562
-5.45692
-5.45562
-5.45595
-5.45627
-5.45886
-5.45854
-5.46048
-5.4608
-5.45983
-5.46177
-5.46372
-5.46275
-5.46145
-5.46242
-5.46113
-5.46015
-5.45951
-5.46048
-5.4608
-5.46144
-5.45982
-5.45918
-5.46047
-5.46339
-5.46372
-5.46501
-5.46436
-5.46307
-5.46242
-5.46339
-5.4621
-5.46016
-5.46113
-5.46242
-5.46469
-5.46404
-5.46501
-5.46436
-5.465
-5.46403
-5.46436
-5.46274
-5.46274
-5.46339
-5.46274
-5.46047
-5.46144
-5.46209
-5.46144
-5.46209
-5.46144
-5.45949
-5.46079
-5.46079
-5.46079
-5.46241
-5.46403
-5.46339
-5.46339
-5.46274
-5.46371
-5.46403
-5.46467
-5.46403
-5.46208
-5.46047
-5.46144
-5.46209
-5.46306
-5.46371
-5.46274
-5.46209
-5.46371
-5.46306
-5.46339
-5.46241
-5.46371
-5.46436
-5.46371
-5.465
-5.4663
-5.46662
-5.46403
-5.46338
-5.46306
-5.46144
-5.46111
-5.46014
-5.45885
-5.45918
-5.46177
-5.46242
-5.46112
-5.46177
-5.46112
-5.46048
-5.46113
-5.46048
-5.45886
-5.46015
-5.45853
-5.4595
-5.46048
-5.46048
-5.46048
-5.4595
-5.45788
-5.45886
-5.45853
-5.46015
-5.45756
-5.45691
-5.45788
-5.45788
-5.45885
-5.46112
-5.46209
-5.46209
-5.46112
-5.46112
-5.46111
-5.46144
-5.46046
-5.45949
-5.45917
-5.45852
-5.45917
-5.4595
-5.46112
-5.4595
-5.46176
-5.46306
-5.46403
-5.46338
-5.46338
-5.4663
-5.46727
-5.46727
-5.46727
-5.46565
-5.4663
-5.46371
-5.46468
-5.46759
-5.46726
-5.465
-5.465
-5.46565
-5.46662
-5.46694
-5.465
-5.46598
-5.465
-5.46176
-5.46241
-5.46274
-5.46306
-5.46144
-5.46047
-5.46241
-5.46176
-5.46112
-5.46209
-5.46015
-5.46047
-5.46144
-5.46176
-5.46338
-5.46403
-5.46339
-5.46339
-5.46209
-5.46144
-5.46047
-5.46144
-5.45917
-5.46112
-5.46176
-5.45949
-5.45949
-5.46143
-5.46079
-5.46208
-5.46403
-5.46403
-5.46112
-5.46274
-5.46435
-5.46532
-5.46499
-5.46564
-5.46564
-5.46467
-5.46823
-5.46823
-5.46824
-5.46791
-5.46532
-5.46435
-5.46629
-5.46532
-5.46337
-5.4637
-5.46597
-5.46856
-5.46823
-5.46824
-5.46759
-5.465
-5.46467
-5.4624
-5.4624
-5.46305
-5.46078
-5.46078
-5.46046
-5.46143
-5.4624
-5.46532
-5.46337
-5.46402
-5.46693
-5.46693
-5.46531
-5.46564
-5.46661
-5.46564
-5.46499
-5.46532
-5.46662
-5.46824
-5.46629
-5.46468
-5.4637
-5.46403
-5.46273
-5.46306
-5.46403
-5.46273
-5.46079
-5.46014
-5.46111
-5.46144
-5.46112
-5.46015
-5.45982
-5.46047
-5.46241
-5.46436
-5.46565
-5.465
-5.46435
-5.46306
-5.46079
-5.46209
-5.46176
-5.46338
-5.46176
-5.46079
-5.46079
-5.46047
-5.46176
-5.46014
-5.46112
-5.46209
-5.46338
-5.46306
-5.46306
-5.46435
-5.46306
-5.4637
-5.46208
-5.46176
-5.46111
-5.45982
-5.46176
-5.46468
-5.4637
-5.46435
-5.46468
-5.46403
-5.46241
-5.46273
-5.46241
-5.46274
-5.46274
-5.46144
-5.46079
-5.46112
-5.46079
-5.4595
-5.46144
-5.46176
-5.46273
-5.46436
-5.46662
-5.46501
-5.46598
-5.46468
-5.46436
-5.46662
-5.46241
-5.46435
-5.46662
-5.465
-5.46403
-5.46274
-5.46501
-5.46339
-5.46468
-5.46274
-5.46468
-5.46274
-5.46306
-5.46144
-5.46079
-5.46176
-5.46014
-5.45885
-5.45885
-5.45852
-5.4582
-5.45917
-5.45853
-5.46047
-5.46371
-5.46306
-5.46404
-5.46371
-5.46501
-5.46566
-5.46695
-5.46695
-5.46792
-5.46986
-5.47051
-5.46921
-5.46856
-5.46889
-5.46792
-5.4676
-5.46533
-5.46274
-5.46209
-5.46404
-5.46241
-5.46112
-5.46079
-5.46047
-5.46176
-5.46047
-5.46144
-5.46112
-5.46079
-5.46241
-5.46177
-5.46274
-5.46306
-5.46274
-5.46435
-5.46468
-5.46435
-5.465
-5.46403
-5.46565
-5.46565
-5.46727
-5.46533
-5.4663
-5.46695
-5.4663
-5.46663
-5.46565
-5.46501
-5.46306
-5.46047
-5.4595
-5.45982
-5.46015
-5.46112
-5.4621
-5.46113
-5.46307
-5.46307
-5.46081
-5.46015
-5.4608
-5.46047
-5.46015
-5.46015
-5.46112
-5.4608
-5.46015
-5.46178
-5.46275
-5.46372
-5.46242
-5.46307
-5.46307
-5.46533
-5.46533
-5.46501
-5.46339
-5.46242
-5.4621
-5.46308
-5.46243
-5.46275
-5.46469
-5.46502
-5.46534
-5.46566
-5.46502
-5.46534
-5.46599
-5.46599
-5.46437
-5.46404
-5.46177
-5.46242
-5.4621
-5.46242
-5.46372
-5.4621
-5.46145
-5.46178
-5.46048
-5.46113
-5.45984
-5.46049
-5.46178
-5.46275
-5.46405
-5.46275
-5.46405
-5.46372
-5.46275
-5.46534
-5.46825
-5.46922
-5.46825
-5.46566
-5.46566
-5.46631
-5.46502
-5.46535
-5.46535
-5.46405
-5.46211
-5.4621
-5.46145
-5.46048
-5.4608
-5.46048
-5.46177
-5.46372
-5.46275
-5.46275
-5.46372
-5.46502
-5.46243
-5.46049
-5.46113
-5.46048
-5.46048
-5.46145
-5.46178
-5.46502
-5.46534
-5.46469
-5.46566
-5.46501
-5.46404
-5.46404
-5.46404
-5.46598
-5.46404
-5.46307
-5.46242
-5.46372
-5.46307
-5.46599
-5.4676
-5.46857
-5.46662
-5.46662
-5.46532
-5.46597
-5.46565
-5.46468
-5.46403
-5.46242
-5.46501
-5.46371
-5.46209
-5.45982
-5.46015
-5.46145
-5.46112
-5.4608
-5.46047
-5.46144
-5.46274
-5.46306
-5.46339
-5.46371
-5.46436
-5.46306
-5.46468
-5.46403
-5.46695
-5.46598
-5.46436
-5.46566
-5.46469
-5.46598
-5.46598
-5.46728
-5.46631
-5.46631
-5.46695
-5.46728
-5.46566
-5.46468
-5.4663
-5.46565
-5.4663
-5.46533
-5.46598
-5.46662
-5.46695
-5.46566
-5.46436
-5.46566
-5.46437
-5.46437
-5.46339
-5.46469
-5.4608
-5.46047
-5.46112
-5.46144
-5.4608
-5.46145
-5.45983
-5.46178
-5.46178
-5.46437
-5.46599
-5.46372
-5.46469
-5.46599
-5.46534
-5.46566
-5.46598
-5.46727
-5.46533
-5.46468
-5.46339
-5.46533
-5.46468
-5.46306
-5.46079
-5.46015
-5.46112
-5.45918
-5.45853
-5.45918
-5.46048
-5.46274
-5.46437
-5.46437
-5.46534
-5.46501
-5.46566
-5.46727
-5.46727
-5.46695
-5.46824
-5.4663
-5.46371
-5.46306
-5.46177
-5.46242
-5.46112
-5.46209
-5.46176
-5.46274
-5.46241
-5.46306
-5.46274
-5.46274
-5.46242
-5.46404
-5.46371
-5.46306
-5.46209
-5.46468
-5.46501
-5.46501
-5.46501
-5.46307
-5.46371
-5.46566
-5.46501
-5.46468
-5.46209
-5.46112
-5.45982
-5.4595
-5.4595
-5.45788
-5.46015
-5.46015
-5.4595
-5.4608
-5.4621
-5.46177
-5.46275
-5.4608
-5.46178
-5.46404
-5.46339
-5.46468
-5.46436
-5.46501
-5.46566
-5.4663
-5.46565
-5.46403
-5.46112
-5.46306
-5.46112
-5.46242
-5.46177
-5.46113
-5.45983
-5.45821
-5.45951
-5.46112
-5.46274
-5.46209
-5.46306
-5.46371
-5.46403
-5.46403
-5.46274
-5.46177
-5.45983
-5.46112
-5.46306
-5.46306
-5.46338
-5.46565
-5.46436
-5.46468
-5.46533
-5.46339
-5.46339
-5.46598
-5.46695
-5.46792
-5.46857
-5.46695
-5.46695
-5.46598
-5.46598
-5.46598
-5.46533
-5.4663
-5.46598
-5.46663
-5.46437
-5.46437
-5.46405
-5.46437
-5.46599
-5.46567
-5.4647
-5.46405
-5.46502
-5.46599
-5.46857
-5.46566
-5.46468
-5.46436
-5.46339
-5.46371
-5.46242
-5.4621
-5.4634
-5.4647
-5.4647
-5.4647
-5.46341
-5.46373
-5.46469
-5.46404
-5.46372
-5.46501
-5.46372
-5.46276
-5.46146
-5.46211
-5.46146
-5.46308
-5.46243
-5.46178
-5.45984
-5.46016
-5.45984
-5.45984
-5.46049
-5.4634
-5.46308
-5.46178
-5.46373
-5.46438
-5.46373
-5.46017
-5.46017
-5.46275
-5.46145
-5.46177
-5.4621
-5.46372
-5.46436
-5.46598
-5.46695
-5.4676
-5.46631
-5.46858
-5.46761
-5.46664
-5.46664
-5.46664
-5.4634
-5.46339
-5.45983
-5.45854
-5.45983
-5.46081
-5.46048
-5.46113
-5.45854
-5.45853
-5.4608
-5.4608
-5.45982
-5.46306
-5.46306
-5.46274
-5.46371
-5.46403
-5.46241
-5.46209
-5.46306
-5.46274
-5.4608
-5.46015
-5.46112
-5.45918
-5.45982
-5.46015
-5.46014
-5.46014
-5.46014
-5.46014
-5.4595
-5.45658
-5.45464
-5.45496
-5.45464
-5.45302
-5.45432
-5.45562
-5.45432
-5.45464
-5.45561
-5.45691
-5.45917
-5.46273
-5.46306
-5.46273
-5.4637
-5.46467
-5.46597
-5.46759
-5.465
-5.46565
-5.46241
-5.46177
-5.46241
-5.46435
-5.46435
-5.46402
-5.46207
-5.46304
-5.46402
-5.46531
-5.46499
-5.46629
-5.46726
-5.46726
-5.46726
-5.46565
-5.46597
-5.46629
-5.46759
-5.46694
-5.46694
-5.46499
-5.4637
-5.46467
