1.14639
1.15383
1.16466
1.17792
1.1924
1.20683
1.22017
1.2317
1.24104
1.24812
1.25315
1.25659
1.25887
1.26012
1.26006
1.25811
1.25355
1.24601
1.2358
1.22418
1.21285
1.20328
1.19626
1.19176
1.18932
1.18864
1.18978
1.19318
1.19949
1.20923
1.22232
1.2378
1.25371
1.26739
1.27585
1.27653
1.26815
1.25132
1.2284
1.2026
1.17695
1.1537
1.13425
1.11944
1.10981
1.10585
1.10782
1.11565
1.1286
1.14517
1.16315
1.17993
1.19303
1.20039
1.20074
1.19398
1.18127
1.16501
1.14834
1.13441
1.12571
1.12376
1.1292
1.14178
1.16059
1.18421
1.21078
1.23812
1.26389
1.28566
1.30146
1.3103
1.31236
1.30879
1.30131
1.29171
1.28147
1.27149
1.26215
1.25315
1.24364
1.23252
1.21893
1.20273
1.18507
1.16822
1.15498
1.14762
1.14701
1.15266
1.16325
1.17711
1.19251
1.20748
1.21986
1.22732
1.22792
1.22045
1.20497
1.18321
1.15863
1.13581
1.11923
1.11184
1.11405
1.12363
1.13694
1.15035
1.16152
1.16992
1.17639
1.18199
1.18726
1.19219
1.19641
1.19946
1.20117
1.20179
1.20219
1.20383
1.20826
1.21618
1.22702
1.23888
1.24921
1.25568
1.2571
1.25343
1.24552
1.23446
1.22143
1.20776
1.19493
1.18432
1.17713
1.17414
1.1757
1.18195
1.19265
1.20688
1.22262
1.23682
1.24627
1.24888
1.24449
1.23488
1.22311
1.21251
1.20577
1.20439
1.20834
1.21607
1.22484
1.2316
1.23397
1.23097
1.22305
1.2117
1.19886
1.1865
1.17606
1.16824
1.1628
1.15857
1.15419
1.14866
1.14221
1.13648
1.13408
1.13754
1.14849
1.16715
1.19178
1.21894
1.24423
1.26351
1.27375
1.27388
1.26487
1.24955
1.23202
1.21662
1.20678
1.20414
1.20837
1.21731
1.22753
1.2352
1.23719
1.23163
1.21855
1.1998
1.17846
1.15816
1.14202
1.13205
1.12891
1.13211
1.14034
1.15194
1.16505
1.17782
1.18874
1.19698
1.20286
1.20792
1.21445
1.22471
1.23966
1.25826
1.27767
1.29382
1.3028
1.30224
1.29202
1.27414
1.25217
1.22994
1.21067
1.1962
1.18682
1.18161
1.17936
1.1793
1.18133
1.1854
1.19052
1.19466
1.19577
1.19269
1.18542
1.175
1.16341
1.15329
1.14751
1.14844
1.15713
1.17297
1.19384
1.21665
1.23811
1.25537
1.26644
1.27023
1.26647
1.2557
1.23919
1.21902
1.19763
1.17699
1.15809
1.14123
1.12671
1.1151
1.10684
1.10182
1.09949
1.09941
1.10162
1.10619
1.11272
1.12019
1.12731
1.13345
1.13909
1.14588
1.1558
1.17009
1.18862
1.21017
1.2335
1.25765
1.28173
1.30456
1.32474
1.34082
1.35176
1.35705
1.35655
1.35047
1.33912
1.32302
1.30272
1.27908
1.25338
1.22733
1.20342
1.1847
1.17432
1.17434
1.18481
1.20346
1.2262
1.24827
1.26533
1.27447
1.27429
1.26482
1.247
1.22227
1.19259
1.16031
1.12822
1.09907
1.07532
1.05895
1.05122
1.05251
1.06235
1.07936
1.1013
1.12538
1.14879
1.16909
1.18462
1.19461
1.19912
1.19876
1.19462
1.18805
1.18058
1.17355
1.16775
1.16297
1.15823
1.15217
1.14407
1.1344
1.12499
1.11851
1.11782
1.12512
1.1414
1.16601
1.19647
1.22872
1.25804
1.28021
1.29244
1.29381
1.28518
1.26878
1.24817
1.2278
1.21198
1.20359
1.20314
1.20908
1.21893
1.23069
1.24329
1.25569
1.26643
1.27388
1.27703
1.27571
1.27059
1.26268
1.25294
1.24204
1.22995
1.21623
1.20038
1.18279
1.16557
1.15203
1.14518
1.1458
1.15212
1.16077
1.16845
1.17303
1.17378
1.17084
1.16462
1.15538
1.14323
1.12852
1.1124
1.09708
1.08591
1.08268
1.09018
1.10891
1.1368
1.16983
1.20312
1.23196
1.25233
1.26157
1.25876
1.24543
1.22572
1.20571
1.19184
1.18898
1.1989
1.21971
1.24651
1.27305
1.29403
1.30664
1.31048
1.30696
1.29825
1.28643
1.2729
1.25811
1.2419
1.22415
1.20547
1.18777
1.17415
1.16813
1.17232
1.18705
1.20968
1.23501
1.25691
1.27017
1.27194
1.26232
1.2439
1.22071
1.19692
1.17571
1.15883
1.14683
1.13955
1.13654
1.13721
1.14067
1.14575
1.15113
1.15574
1.15896
1.1606
1.16076
1.15962
1.15766
1.15549
1.1537
1.15271
1.15271
1.15388
1.15643
1.16064
1.16653
1.1737
1.18133
1.18845
1.19447
1.19918
1.20256
1.20441
1.20417
1.20112
1.19488
1.18578
1.17505
1.1646
1.15663
1.15316
1.15551
1.16408
1.17802
1.1953
1.21285
1.22741
1.23646
1.239
1.2358
1.22893
1.22097
1.21411
1.20975
1.2086
1.21064
1.21545
1.22231
1.23003
1.23718
1.24223
1.24374
1.2406
1.23239
1.21963
1.20408
1.18846
1.17587
1.16847
1.1666
1.16866
1.17174
1.17289
1.16998
1.16245
1.1512
1.13828
1.12623
1.11746
1.11402
1.11756
1.12907
1.14857
1.1743
1.20282
1.22998
1.25233
1.26772
1.27546
1.27556
1.26829
1.25395
1.23297
1.20648
1.17655
1.14614
1.11841
1.09596
1.08026
1.07209
1.07211
1.08118
1.09968
1.12652
1.15919
1.19433
1.2287
1.25968
1.28549
1.30528
1.31905
1.3273
1.33061
1.32924
1.32328
1.31268
1.29734
1.27721
1.25224
1.22276
1.18993
1.15606
1.12445
1.09852
1.08081
1.07255
1.07409
1.08554
1.10666
1.1364
1.17248
1.2115
1.24984
1.28408
1.3114
1.3299
1.33882
1.3384
1.32982
1.31478
1.29508
1.27237
1.24809
1.22349
1.20021
1.1803
1.16594
1.15857
1.15791
1.16181
1.16669
1.16899
1.16677
1.16048
1.1526
1.14619
1.1433
1.14413
1.1473
1.15101
1.15395
1.15582
1.15686
1.15742
1.15765
1.15763
1.15756
1.15815
1.16052
1.16584
1.17492
1.18793
1.20405
1.2214
1.23733
1.24907
1.25457
1.25298
1.24481
1.23172
1.21607
1.20064
1.18815
1.18088
1.18011
1.18573
1.19629
1.20929
1.22184
1.23125
1.23578
1.23511
1.23028
1.22303
1.21493
1.2067
1.19839
1.18998
1.18187
1.17498
1.1705
1.16945
1.17229
1.17886
1.18869
1.20095
1.21461
1.22843
1.2412
1.25187
1.25983
1.26461
1.26552
1.2618
1.25309
1.23979
1.22304
1.20435
1.18536
1.16774
1.15326
1.14368
1.14006
1.14213
1.14806
1.15507
1.16045
1.16234
1.16007
1.15399
1.14518
1.13505
1.1251
1.11669
1.11114
1.10962
1.11319
1.12266
1.1385
1.16075
1.18901
1.22235
1.25935
1.29788
1.33516
1.36825
1.39465
1.41271
1.42186
1.42216
1.41353
1.39543
1.36688
1.32729
1.27779
1.22231
1.16711
1.1188
1.08241
1.0606
1.05378
1.06
1.0753
1.09502
1.11495
1.13199
1.14427
1.15106
1.15286
1.15103
1.14759
1.14466
1.14384
1.14562
1.14922
1.15313
1.15623
1.15853
1.16097
1.16444
1.16916
1.17478
1.18083
1.18703
1.19337
1.1999
1.20677
1.21419
1.22254
1.23216
1.24323
1.25538
1.26724
1.27617
1.27884
1.27233
1.25521
1.22841
1.19537
1.16141
1.13206
1.11149
1.10139
1.10099
1.10786
1.1195
1.13415
1.15092
1.16943
1.18923
1.20939
1.22852
1.24522
1.25843
1.26807
1.27485
1.27996
1.28387
1.28575
1.28392
1.27722
1.26586
1.25125
1.23513
1.21887
1.20334
1.18879
1.17525
1.16241
1.15021
1.13917
1.13047
1.12589
1.12716
1.13515
1.14919
1.1672
1.18649
1.20472
1.2207
1.2344
1.24638
1.2572
1.2669
1.27496
1.28038
1.28214
1.27964
1.27297
1.26294
1.25089
1.23797
1.22463
1.21045
1.19457
1.17688
1.15907
1.14479
1.13855
1.1433
1.15884
1.18169
1.20667
1.22885
1.24473
1.2527
1.25266
1.24545
1.23218
1.21396
1.19192
1.16769
1.14336
1.12127
1.10323
1.09023
1.08266
1.08116
1.0871
1.10184
1.1251
1.15387
1.18332
1.20894
1.22852
1.2424
1.25242
1.26047
1.26762
1.27384
1.27827
1.27979
1.27756
1.2714
1.26177
1.24957
1.23605
1.22246
1.21018
1.20043
1.19384
1.19043
1.18952
1.1902
1.19137
1.19182
1.19051
1.1868
1.18069
1.17264
1.16366
1.15509
1.14853
1.14558
1.14739
1.15427
1.16557
1.17963
1.1943
1.20742
1.21743
1.22344
1.22542
1.22398
1.22041
1.21663
1.21464
1.21599
1.22123
1.22953
1.23875
1.24608
1.24898
1.24582
1.23658
1.22288
1.20761
1.19403
1.18471
1.18068
1.18142
1.18505
1.18891
1.19007
1.18622
1.17638
1.16122
1.143
1.12485
1.11012
1.1016
1.10116
1.1095
1.12582
1.14789
1.17248
1.19592
1.21509
1.22787
1.23333
1.2316
1.22358
1.21075
1.19517
1.17931
1.16594
1.1576
1.15622
1.16251
1.17571
1.19362
1.21309
1.23085
1.24406
1.25084
1.25065
1.24455
1.23484
1.22458
1.21668
1.21319
1.21497
1.22193
1.23335
1.248
1.26418
1.27988
1.29298
1.30174
1.30507
1.30224
1.29273
1.2764
1.25371
1.22624
1.19672
1.16854
1.14484
1.12766
1.11744
1.11271
1.11058
1.10783
1.10251
1.09493
1.08765
1.08425
1.08738
1.09744
1.11333
1.13368
1.15736
1.1828
1.2074
1.22812
1.24296
1.2518
1.25645
1.25963
1.26325
1.26769
1.27164
1.27316
1.27087
1.26471
1.25573
1.24597
1.23768
1.2327
1.23189
1.23484
1.24003
1.24526
1.24841
1.24783
1.24254
1.23235
1.2179
1.20088
1.18402
1.17056
1.16336
1.1644
1.1741
1.19017
1.20777
1.22165
1.22858
1.22804
1.22137
1.21063
1.19799
1.18548
1.17501
1.16806
1.16542
1.16679
1.1706
1.17466
1.1769
1.17598
1.17166
1.16483
1.15721
1.15085
1.14769
1.14894
1.15481
1.16424
1.17525
1.18539
1.19236
1.19468
1.19247
1.18787
1.18471
1.18673
1.19592
1.2118
1.23188
1.25267
1.27083
1.28407
1.29158
1.29428
1.29455
1.29504
1.29718
1.30053
1.30333
1.30319
1.29766
1.28461
1.26295
1.23301
1.19681
1.15774
1.11978
1.08665
1.06123
1.04501
1.03841
1.04106
1.05196
1.06964
1.09227
1.11829
1.14635
1.17529
1.20362
1.22975
1.25231
1.27073
1.28508
1.29581
1.30311
1.30653
1.30507
1.2976
1.2835
1.26315
1.23835
1.21218
1.18859
1.17134
1.16305
1.16467
1.17542
1.19323
1.21523
1.23824
1.25907
1.27471
1.28285
1.28245
1.27392
1.25908
1.24052
1.22069
1.20156
1.18406
1.16823
1.15334
1.1381
1.12114
1.10153
1.07941
1.05623
1.03465
1.01794
1.00912
1.01013
1.02158
1.04284
1.07231
1.10755
1.14532
1.18195
1.21404
1.23893
1.25548
1.26389
1.26518
1.26101
1.25324
1.24384
1.23471
1.22736
1.2226
1.22047
1.22016
1.22006
1.21823
1.21304
1.20365
1.19005
1.17326
1.15554
1.14028
1.13147
1.13215
1.14292
1.16155
1.18397
1.20602
1.22467
1.23805
1.24555
1.24742
1.24483
1.23971
1.23435
1.23118
1.23231
1.23888
1.25038
1.26441
1.27715
1.28456
1.28335
1.27185
1.25023
1.22037
1.1855
1.14936
1.11587
1.08845
1.06973
1.06094
1.06164
1.06994
1.08324
1.09899
1.11535
1.13154
1.14778
1.16463
1.18238
1.20047
1.21714
1.22983
1.23607
1.23444
1.22521
1.21046
1.19319
1.17573
1.159
1.1428
1.1271
1.1128
1.102
1.0973
1.10069
1.1127
1.13236
1.15756
1.18591
1.21522
1.24391
1.27088
1.29518
1.3158
1.33184
1.34264
1.34796
1.34813
1.34404
1.33694
1.32815
1.31843
1.30782
1.29565
1.28079
1.26207
1.23872
1.21048
1.17803
1.14308
1.10827
1.07654
1.05046
1.03172
1.02089
1.01752
1.0205
1.02861
1.04073
1.05606
1.07412
1.09464
1.11724
1.14119
1.1651
1.18717
1.20582
1.22042
1.23193
1.24257
1.25478
1.26964
1.28578
1.30005
1.3089
1.3098
1.30181
1.28525
1.26116
1.231
1.19698
1.16229
1.13084
1.1066
1.09247
1.08961
1.09739
1.11401
1.13731
1.16493
1.19427
1.22257
1.24705
1.26538
1.27598
1.27837
1.27338
1.26297
1.24967
1.23613
1.22459
1.21649
1.21263
1.21307
1.21704
1.22283
1.22813
1.23073
1.22912
1.22279
1.21239
1.19945
1.18621
1.17534
1.16963
1.17094
1.17966
1.19421
1.21139
1.22717
1.23797
1.24162
1.2381
1.22957
1.21912
1.20909
1.20014
1.19141
1.18175
1.17065
1.15879
1.14764
1.13903
1.13464
1.13577
1.14345
1.15814
1.17946
1.20574
1.23397
1.26017
1.27999
1.28978
1.28751
1.27336
1.24996
1.22204
1.19539
1.17533
1.16543
1.1667
1.17778
1.19558
1.21626
1.2362
1.25256
1.26368
1.26895
1.26864
1.26351
1.25425
1.24114
1.22438
1.20451
1.18309
1.16282
1.14687
1.13786
1.13696
1.14365
1.15582
1.17072
1.18561
1.19857
1.20867
1.21625
1.2225
1.22889
1.23637
1.24481
1.25299
1.25925
1.26242
1.26233
1.25983
1.25624
1.25273
1.24962
1.24642
1.24193
1.23481
1.22401
1.2091
1.19042
1.16907
1.1468
1.12607
1.10963
1.10047
1.10086
1.11141
1.13023
1.15314
1.17477
1.19025
1.19679
1.19441
1.18578
1.17476
1.16471
1.15757
1.15385
1.15332
1.15574
1.16114
1.1699
1.18233
1.19827
1.21686
1.23636
1.2546
1.26959
1.27974
1.28412
1.28244
1.27486
1.26204
1.24507
1.22528
1.20425
1.18386
1.16623
1.15355
1.1475
1.14853
1.15528
1.16488
1.17399
1.18032
1.18331
1.18455
1.18701
1.19308
1.20296
1.21446
1.22428
1.22947
1.22842
1.22098
1.20819
1.19186
1.17438
1.15862
1.14776
1.14461
1.15082
1.16588
1.18726
1.21105
1.23305
1.24982
1.25934
1.2614
1.258
1.25333
1.25234
1.25846
1.27149
1.28775
1.30249
1.31208
1.31489
1.31095
1.30111
1.28661
1.26858
1.24794
1.22512
1.20003
1.17264
1.14355
1.11432
1.08767
1.06708
1.05581
1.05525
1.06389
1.07798
1.09338
1.10725
1.11861
1.12824
1.13788
1.14936
1.16351
1.17967
1.19581
1.20935
1.21826
1.22169
1.22032
1.21561
1.20904
1.20157
1.19383
1.18669
1.18183
1.18176
1.18885
1.20403
1.22578
1.25026
1.27258
1.2883
1.29458
1.29062
1.27772
1.25894
1.23849
1.2209
1.20967
1.20632
1.21018
1.21889
1.22927
1.23855
1.24494
1.24776
1.24702
1.24299
1.23617
1.2276
1.21868
1.21082
1.20471
1.20006
1.19575
1.19046
1.1832
1.17409
1.16453
1.15686
1.15373
1.15699
1.16697
1.18214
1.19923
1.21398
1.2226
1.2231
1.21593
1.20357
1.18894
1.1743
1.16105
1.15014
1.14237
1.13832
1.1383
1.1423
1.15026
1.16228
1.17842
1.19831
1.22062
1.24314
1.26309
1.27751
1.28393
1.28086
1.26817
1.24718
1.22036
1.19073
1.16142
1.13527
1.1148
1.10221
1.09914
1.10629
1.12293
1.14669
1.17392
1.2007
1.22359
1.24053
1.25124
1.25712
1.26056
1.26369
1.26726
1.2706
1.27242
1.27207
1.26999
1.26723
1.26456
1.26236
1.26054
1.25903
1.25803
1.25789
1.25871
1.26018
1.26128
1.26072
1.25726
1.24988
1.23771
1.21993
1.19576
1.16536
1.1308
1.09614
1.06618
1.04477
1.0344
1.03641
1.05117
1.07749
1.11232
1.15119
1.18937
1.22284
1.24871
1.26535
1.27201
1.26856
1.25558
1.23438
1.20722
1.17744
1.14919
1.12712
1.11556
1.11715
1.13185
1.15679
1.18733
1.2185
1.246
1.26665
1.27844
1.2804
1.27239
1.2552
1.23067
1.20138
1.1703
1.14013
1.11301
1.09047
1.07346
1.06259
1.05832
1.06098
1.07056
1.08678
1.10912
1.13667
1.16785
1.20045
1.23181
1.25934
1.28108
1.29615
1.30491
1.30899
1.31097
1.31353
1.31791
1.32269
1.32456
1.31996
1.30709
1.2866
1.26131
1.23534
1.21256
1.19538
1.18402
1.17678
1.17118
1.16544
1.1591
1.1528
1.14737
1.1431
1.13994
1.13846
1.14024
1.14671
1.15737
1.16942
1.17955
1.18559
1.18711
1.18473
1.17987
1.17433
1.17006
1.16883
1.17172
1.17901
1.18999
1.203
1.21566
1.22546
1.23044
1.22954
1.22292
1.212
1.19902
1.18664
1.17724
1.17225
1.1717
1.17446
1.17924
1.18502
1.19142
1.19804
1.20429
1.20932
1.21235
1.21311
1.212
1.20974
1.20698
1.20417
1.20133
1.19802
1.19369
1.18798
1.18084
1.17258
1.16381
1.15536
1.14835
1.14402
1.14381
1.14863
1.15847
1.17246
1.18915
1.20718
1.22539
1.24289
1.25886
1.27247
1.28283
1.28922
1.29148
1.29015
1.28629
1.28125
1.27607
1.27113
1.26614
1.26045
1.25336
1.2446
1.23444
1.22349
1.21236
1.20165
1.19189
1.1837
1.17774
1.17412
1.17215
1.17037
1.16739
1.16285
1.15781
1.15409
1.15296
1.15418
1.15556
1.15394
1.14657
1.13226
1.1121
1.08922
1.06785
1.05226
1.04555
1.04903
1.0621
1.08274
1.10859
1.13795
1.17001
1.20439
1.24036
1.27663
1.31122
1.34194
1.36694
1.38489
1.39492
1.39653
1.38956
1.37413
1.35094
1.32119
1.28692
1.25066
1.21526
1.18331
1.15668
1.13617
1.12161
1.11252
1.10848
1.10954
1.11615
1.12876
1.14728
1.17045
1.19546
1.21835
1.23475
1.24109
1.23565
1.21966
1.19734
1.17444
1.15573
1.14324
1.13705
1.13647
1.14073
1.14873
1.15879
1.16908
1.17804
1.18455
1.18808
1.18862
1.18655
1.18259
1.17744
1.17167
1.16598
1.16133
1.15909
1.16039
1.16577
1.17509
1.18765
1.2023
1.21734
1.23076
1.24068
1.24601
1.24675
1.24361
1.23798
1.23162
1.22649
1.22457
1.22722
1.23474
1.246
1.25891
1.27121
1.28106
1.28741
1.28983
1.28823
1.28279
1.27387
1.26202
1.2479
1.23233
1.21622
1.20031
1.18495
1.17006
1.15567
1.14226
1.13052
1.12091
1.11321
1.10638
1.09928
1.09149
1.08366
1.07732
1.07457
1.07746
1.08741
1.10461
1.12784
1.15458
1.18168
1.20594
1.22447
1.23501
1.2361
1.22754
1.21082
1.18903
1.16666
1.14867
1.13962
1.14242
1.15746
1.18252
1.21368
1.24665
1.27758
1.30335
1.3219
1.33229
1.33457
1.32934
1.31753
1.30026
1.27884
1.25505
1.23104
1.20942
1.19268
1.18217
1.1777
1.17759
1.1795
1.18122
1.18149
1.18027
1.17848
1.17734
1.17773
1.17976
1.18269
1.18553
1.18783
1.19003
1.19332
1.19872
1.20668
1.21693
1.22884
1.24179
1.25523
1.26818
1.27903
1.28585
1.2869
1.28139
1.26942
1.25164
1.22881
1.20192
1.17254
1.14299
1.11636
1.09565
1.08286
1.07826
1.08061
1.0879
1.09831
1.11042
1.12316
1.13549
1.14637
1.15494
1.16093
1.16478
1.1676
1.17071
1.17515
1.18125
1.18846
1.19579
1.20239
1.20799
1.21266
1.21643
1.21886
1.21884
1.21492
1.20601
1.19202
1.17438
1.15616
1.14129
1.13357
1.13539
1.14681
1.16551
1.18743
1.20836
1.22514
1.23631
1.24229
1.24469
1.2455
1.24618
1.24759
1.25014
1.25409
1.25959
1.26671
1.27516
1.28422
1.29303
1.3006
1.30615
1.30905
1.30879
1.30486
1.29662
1.28345
1.26522
1.24288
1.21828
1.19326
1.16915
1.14666
1.12636
1.10887
1.09469
1.08423
1.07752
1.07456
1.07558
1.08132
1.09271
1.11027
1.13329
1.15913
1.18368
1.2026
1.21279
1.21305
1.20384
1.18669
1.16413
1.13966
1.11759
1.10274
1.0994
1.10968
1.13252
1.1642
1.19978
1.23458
1.26491
1.28818
1.30285
1.30833
1.30519
1.295
1.28034
1.2645
1.25057
1.24085
1.23621
1.23593
1.23825
1.2413
1.24377
1.24498
1.24441
1.24132
1.23479
1.22417
1.20973
1.1931
1.1774
1.16653
1.1641
1.17199
1.18919
1.21183
1.23479
1.25361
1.26583
1.27108
1.2702
1.26461
1.25586
1.24552
1.23507
1.22614
1.22026
1.2186
1.22154
1.22829
1.23682
1.24428
1.24779
1.24497
1.23419
1.21484
1.18735
1.15391
1.11841
1.08588
1.0612
1.04767
1.04629
1.05581
1.07353
1.09613
1.1201
1.14218
1.15965
1.17072
1.17476
1.17228
1.16508
1.15606
1.14886
1.14688
1.15227
1.16535
1.18489
1.20873
1.2347
1.2611
1.28626
1.30849
1.32598
1.33722
1.34172
1.34024
1.33439
1.32585
1.31552
1.30334
1.28898
1.27249
1.25453
1.23587
1.21686
1.19769
1.17884
1.16156
1.14763
1.13882
1.13627
1.13996
1.14847
1.15941
1.16986
1.17691
1.17822
1.17247
1.1594
1.13981
1.1154
1.08863
1.06246
1.04025
1.02513
1.01962
1.0251
1.04159
1.06783
1.1011
1.13757
1.1731
1.20409
1.22827
1.24485
1.25411
1.25679
1.25371
1.24574
1.23382
1.21921
1.20343
1.18814
1.17507
1.16561
1.16052
1.15972
1.16233
1.16705
1.17271
1.17865
1.185
1.19254
1.20237
1.2152
1.23085
1.24818
1.26585
1.28284
1.29864
1.3128
1.32449
1.33227
1.33432
1.32881
1.3145
1.29105
1.25905
1.22023
1.17772
1.13599
1.1001
1.07451
1.06188
1.06273
1.07581
1.09875
1.12843
1.16152
1.19465
1.22481
1.2494
1.26662
1.27552
1.2759
1.26846
1.25472
1.23692
1.21783
1.20012
1.18602
1.17676
1.17263
1.17335
1.17829
1.18667
1.19746
1.20962
1.22205
1.23361
1.24305
1.24909
1.25063
1.24743
1.24005
1.22957
1.21704
1.20295
1.1872
1.16962
1.15063
1.13165
1.1153
1.10496
1.10381
1.11382
1.13474
1.16375
1.19616
1.22674
1.2511
1.26683
1.27373
1.27353
1.26934
1.26462
1.26213
1.26285
1.26557
1.26737
1.26486
1.25553
1.23868
1.21546
1.18848
1.16107
1.1368
1.11912
1.11071
1.11273
1.12437
1.14322
1.16589
1.18891
1.2093
1.22479
1.23434
1.2383
1.23795
1.23481
1.22969
1.22241
1.21213
1.19795
1.17931
1.15632
1.13023
1.10352
1.07991
1.06367
1.05815
1.06471
1.08264
1.11006
1.14454
1.18319
1.22265
1.25924
1.28937
1.31025
1.32052
1.3204
1.31151
1.29628
1.27742
1.25723
1.23755
1.21967
1.20464
1.19333
1.1864
1.18363
1.18402
1.18595
1.18771
1.18802
1.18637
1.18306
1.17874
1.17395
1.16898
1.16398
1.15896
1.15382
1.14848
1.14286
1.13756
1.134
1.13424
1.14022
1.15269
1.1708
1.19239
1.21481
1.23573
1.25352
1.26714
1.27592
1.27951
1.2781
1.27264
1.26479
1.25622
1.24828
1.24186
1.23757
1.23595
1.23724
1.24108
1.24584
1.24888
1.24716
1.2384
1.22184
1.19852
1.17098
1.14281
1.11784
1.09963
1.09079
1.09267
1.10477
1.12471
1.14888
1.17361
1.19616
1.21501
1.22964
1.24029
1.24767
1.25274
1.25624
1.25813
1.25786
1.25491
1.24953
1.24242
1.23427
1.2253
1.21537
1.20482
1.1947
1.1867
1.18222
1.18172
1.1847
1.19018
1.19741
1.20624
1.21694
1.22935
1.24221
1.25289
1.25848
1.25693
1.24808
1.23373
1.21692
1.20088
1.18798
1.17971
1.17689
1.18004
1.18933
1.20394
1.22175
1.23961
1.25393
1.2616
1.26089
1.252
1.23747
1.22107
1.2062
1.19459
1.18624
1.18032
1.1763
1.17407
1.17367
1.17471
1.17627
1.17731
1.17746
1.17697
1.17657
1.17687
1.17829
1.18096
1.18486
1.18959
1.19424
1.19753
1.19825
1.19592
1.19097
1.1848
1.17921
1.17592
1.17572
1.1781
1.18147
1.18375
1.18327
1.17934
1.17253
1.16442
1.15716
1.15274
1.15252
1.15695
1.16546
1.17648
1.18797
1.19773
1.20407
1.20613
1.20408
1.19898
1.19262
1.18688
1.18337
1.18311
1.1866
1.19397
1.20495
1.21827
1.23141
1.24108
1.24432
1.23931
1.22584
1.20545
1.18097
1.15605
1.13411
1.1177
1.10805
1.10522
1.10833
1.11599
1.12647
1.1379
1.14836
1.15629
1.16068
1.16166
1.16074
1.16057
1.16406
1.17339
1.18907
1.20979
1.23275
1.25481
1.2735
1.28764
1.29725
1.30278
1.30451
1.30235
1.29591
1.2849
1.2694
1.25018
1.22878
1.20714
1.18729
1.17106
1.15988
1.15459
1.15496
1.15983
1.16702
1.17368
1.17683
1.17419
1.16484
1.14964
1.13102
1.11257
1.09833
1.09187
1.09565
1.11047
1.13527
1.16705
1.20165
1.23481
1.26297
1.28381
1.29633
1.30079
1.29895
1.29356
1.28758
1.28365
1.28371
1.28895
1.29957
1.31367
1.32704
1.33397
1.32925
1.30981
1.27526
1.22764
1.1714
1.11322
1.06106
1.0224
1.00206
1.00117
1.01748
1.04666
1.08372
1.12362
1.16149
1.19293
1.21462
1.22508
1.22527
1.21834
1.20865
1.20086
1.19845
1.20256
1.21182
1.22292
1.23194
1.23553
1.23168
1.22025
1.20295
1.18297
1.16426
1.15059
1.1448
1.14812
1.15987
1.1779
1.19919
1.22039
1.23866
1.25194
1.25925
1.26074
1.25737
1.25017
1.23968
1.22566
1.20746
1.18503
1.15962
1.13398
1.11226
1.09874
1.09646
1.10608
1.12565
1.15145
1.17936
1.20569
1.22787
1.24436
1.25446
1.25793
1.25491
1.24612
1.23303
1.21782
1.20312
1.19151
1.18492
1.18419
1.18917
1.19893
1.21221
1.22778
1.24431
1.26031
1.27398
1.28343
1.28695
1.28372
1.27433
1.26077
1.24592
1.23265
1.22295
1.21761
1.21659
1.21936
1.22489
1.23158
1.23721
1.23973
1.23795
1.23183
1.22232
1.21087
1.19872
1.18643
1.17409
1.16177
1.14989
1.13903
1.12998
1.12403
1.12293
1.12814
1.14019
1.15835
1.18097
1.20579
1.23004
1.25056
1.2641
1.26772
1.25951
1.23926
1.20866
1.17128
1.13218
1.09709
1.07116
1.05799
1.05886
1.07262
1.09629
1.12581
1.15677
1.1853
1.20876
1.22617
1.23809
1.24604
1.25168
1.25595
1.25888
1.26029
1.26055
1.2608
1.26253
1.26689
1.27408
1.28312
1.29212
1.29878
1.30093
1.29697
1.28617
1.26883
1.24676
1.22344
1.2034
1.19104
1.18922
1.19819
1.21568
1.23766
1.25941
1.27665
1.28634
1.28669
1.277
1.25733
1.22831
1.19133
1.14865
1.10361
1.06062
1.02461
1.00024
0.990448
0.995771
1.01423
1.04202
1.07465
1.10776
1.138
1.16301
1.18139
1.19239
1.19567
1.19119
1.17941
1.16179
1.14097
1.12078
1.10562
1.09939
1.10425
1.11986
1.14381
1.17295
1.20475
1.23745
1.26968
1.29973
1.32524
1.34338
1.35183
1.34992
1.33904
1.32233
1.30372
1.2866
1.27286
1.26267
1.25473
1.2469
1.23721
1.22461
1.20926
1.19283
1.17785
1.16687
1.16156
1.16193
1.16637
1.17223
1.17712
1.17979
1.18049
1.18026
1.18022
1.18089
1.18197
1.1829
1.18314
1.18253
1.18118
1.17952
1.17813
1.17745
1.17778
1.17921
1.18166
1.18519
1.19011
1.19713
1.20696
1.21993
1.2354
1.25172
1.26656
1.27766
1.28343
1.28328
1.27761
1.26758
1.2546
1.24002
1.22492
1.21007
1.19609
1.18382
1.17426
1.16807
1.16476
1.1627
1.15958
1.15336
1.14301
1.12893
1.11293
1.09789
1.08697
1.08289
1.08778
1.10275
1.12756
1.16005
1.1963
1.23142
1.26115
1.28274
1.2955
1.30027
1.29882
1.29318
1.28508
1.27595
1.267
1.25945
1.25441
1.25234
1.25267
1.25356
1.25251
1.24725
1.23648
1.22011
1.19931
1.17667
1.1559
1.14156
1.13792
1.14705
1.16743
1.19413
1.22082
1.24211
1.25466
1.25718
1.25043
1.23737
1.22243
1.20985
1.20065
1.19202
1.17993
1.1624
1.14106
1.12033
1.10523
1.09945
1.10395
1.11695
1.13473
1.153
1.16838
1.17962
1.18766
1.19464
1.20268
1.21305
1.22597
1.24078
1.25609
1.26976
1.27953
1.28389
1.28277
1.27751
1.27026
1.26285
1.25606
1.24963
1.24268
1.23411
1.223
1.2086
1.19065
1.16987
1.1481
1.12803
1.11273
1.10491
1.10616
1.11682
1.13561
1.15989
1.18594
1.2099
1.22874
1.24123
1.24783
1.25043
1.25103
1.25077
1.24949
1.2463
1.24003
1.2298
1.21526
1.1968
1.17555
1.15328
1.13229
1.11517
1.10466
1.10323
1.11223
1.1314
1.15876
1.19094
1.22414
1.25478
1.28004
1.29785
1.30703
1.30704
1.29805
1.28106
1.2578
1.23077
1.2027
1.17636
1.15412
1.13761
1.1277
1.12458
1.12778
1.13619
1.14809
1.16137
1.17438
1.18651
1.198
1.20934
1.22045
1.23074
1.23942
1.24581
1.24912
1.24815
1.24172
1.22917
1.21114
1.1899
1.16905
1.1526
1.14378
1.14389
1.15204
1.16568
1.18187
1.19844
1.21439
1.22976
1.24479
1.25901
1.27087
1.27809
1.27832
1.26993
1.25267
1.22778
1.1978
1.16622
1.13691
1.11358
1.09914
1.09555
1.10379
1.12355
1.15313
1.18935
1.22791
1.26432
1.2947
1.3163
1.32749
1.32772
1.31753
1.29843
1.27291
1.2443
1.2159
1.18997
1.16736
1.14775
1.13105
1.11808
1.11084
1.1117
1.12221
1.14214
1.16932
1.19984
1.22922
1.25329
1.26931
1.27614
1.27411
1.26468
1.25004
1.23246
1.21396
1.19577
1.17846
1.16212
1.14687
1.13303
1.12119
1.11201
1.10603
1.10331
1.10338
1.10533
1.10847
1.11283
1.11919
1.12857
1.14116
1.15565
1.16933
1.17914
1.18288
1.18001
1.17196
1.16155
1.15232
1.14797
1.15205
1.16726
1.19422
1.23033
1.27012
1.30705
1.33554
1.35195
1.35484
1.34486
1.32444
1.29739
1.26812
1.24081
1.21874
1.2038
1.19636
1.19554
1.1995
1.20595
1.21267
1.21807
1.22124
1.22201
1.22097
1.21958
1.22006
1.22413
1.23145
1.2388
1.24159
1.23633
1.22213
1.20052
1.1746
1.14784
1.12337
1.10337
1.0891
1.08122
1.08007
1.08566
1.09748
1.11437
1.1348
1.15727
1.18037
1.20298
1.22403
1.24282
1.25882
1.27192
1.28232
1.29046
1.29682
1.30137
1.30332
1.30115
1.29305
1.27756
1.25433
1.22452
1.19074
1.15658
1.12572
1.10093
1.08374
1.07432
1.07221
1.07681
1.08772
1.10457
1.12677
1.15325
1.18259
1.21308
1.24277
1.26942
1.29038
1.30313
1.30582
1.29785
1.27974
1.25289
1.2192
1.18119
1.14287
1.1103
1.09073
1.08951
1.10694
1.13783
1.17437
1.20956
1.23895
1.2607
1.27472
1.28161
1.28215
1.27725
1.26802
1.25591
1.24234
1.2284
1.21493
1.20249
1.19144
1.1819
1.17427
1.16961
1.16934
1.17403
1.18229
1.19132
1.19855
1.20291
1.20484
1.20547
1.20586
1.20652
1.20712
1.20659
1.20365
1.19761
1.18876
1.17849
1.16889
1.16261
1.16241
1.17031
1.18681
1.21021
1.23709
1.26364
1.28694
1.30537
1.31846
1.32644
1.32955
1.32773
1.32059
1.30785
1.28972
1.26724
1.24215
1.21644
1.19207
1.17066
1.15318
1.1403
1.1324
1.12931
1.13011
1.13328
1.13691
1.13889
1.13739
1.13102
1.11954
1.10416
1.08771
1.07418
1.06733
1.06954
1.08093
1.0995
1.12215
1.14574
1.16772
1.18636
1.20057
1.20992
1.21456
1.21545
1.21438
1.21347
1.21489
1.22022
1.23012
1.24392
1.2598
1.2752
1.28772
1.29561
1.29802
1.29483
1.28648
1.27422
1.26013
1.24694
1.23713
1.23199
1.23117
1.23285
1.23449
1.23391
1.23004
1.22329
1.21506
1.20707
1.20092
1.19769
1.19767
1.20003
1.20286
1.20374
1.2007
1.19295
1.18131
1.16818
1.15681
1.15027
1.14987
1.15446
1.16061
1.16427
1.16282
1.15624
1.1471
1.13923
1.13627
1.14052
1.15244
1.1705
1.19163
1.21251
1.23047
1.24353
1.24945
1.24572
1.2309
1.20616
1.17638
1.15003
1.1363
1.13997
1.15835
1.18413
1.21036
1.23275
1.24889
1.25736
1.25748
1.2498
1.23645
1.22123
1.20875
1.20283
1.20494
1.21364
1.2255
1.23673
1.24461
1.24812
1.24775
1.2449
1.2413
1.23851
1.23739
1.23806
1.23992
1.24169
1.2418
1.23871
1.23122
1.21886
1.20206
1.18219
1.16153
1.14281
1.12848
1.12034
1.1191
1.12422
1.13408
1.14662
1.15977
1.17164
1.18067
1.18607
1.18788
1.18709
1.18528
1.18407
1.18441
1.18656
1.19033
1.1952
1.20048
1.20516
1.2082
1.20886
1.20726
1.20425
1.20105
1.19851
1.19673
1.19512
1.193
1.19012
1.18693
1.18434
1.18321
1.18401
1.18682
1.19155
1.1982
1.20675
1.21699
1.22836
1.23971
1.24971
1.25719
1.26128
1.26175
1.25904
1.25406
1.24773
1.2407
1.23321
1.22533
1.2172
1.2092
1.20192
1.19599
1.19194
1.18999
1.18999
1.19135
1.1933
1.19494
1.19541
1.19384
1.18942
1.18162
1.17053
1.15706
1.14285
1.12984
1.11997
1.11467
1.11443
1.11862
1.12568
1.13364
1.14043
1.14417
1.14351
1.138
1.12855
1.11748
1.10812
1.10415
1.10864
1.12329
1.14805
1.1808
1.21785
1.25511
1.28905
1.3172
1.33827
1.3517
1.35731
1.35529
1.34609
1.33075
1.3109
1.28863
1.26613
1.24523
1.22742
1.21363
1.20437
1.19963
1.19856
1.19959
1.20132
1.2033
1.20606
1.20978
1.2129
1.21233
1.20507
1.19014
1.16916
1.1458
1.12428
1.10797
1.09872
1.09656
1.10025
1.10768
1.11651
1.12469
1.131
1.13517
1.13767
1.13933
1.14092
1.14267
1.14419
1.14464
1.14303
1.139
1.13325
1.12785
1.12576
1.12986
1.14185
1.16152
1.18661
1.21337
1.23756
1.25539
1.26457
1.26504
1.25894
1.24973
1.24072
1.23376
1.2293
1.22711
1.22707
1.22928
1.23373
1.24002
1.24727
1.25416
1.25898
1.25988
1.25508
1.24342
1.22484
1.2012
1.17639
1.15559
1.14358
1.14272
1.1521
1.16821
1.1867
1.20356
1.2157
1.22109
1.21852
1.208
1.19072
1.16902
1.14596
1.12466
1.10782
1.09718
1.09359
1.09704
1.10662
1.12068
1.13727
1.15478
1.17204
1.18837
1.20319
1.21589
1.226
1.23319
1.23726
1.23828
1.23665
1.23305
1.22822
1.22271
1.21668
1.21016
1.20336
1.19686
1.19155
1.18845
1.18829
1.19115
1.19644
1.2031
1.21005
1.21655
1.22237
1.22745
1.23182
1.23527
1.23753
1.23839
1.23787
1.23608
1.23306
1.2287
1.22293
1.21595
1.20813
1.19999
1.19176
1.18344
1.17481
1.1659
1.15767
1.15193
1.15069
1.15526
1.16544
1.17953
1.19533
1.21084
1.22475
1.23621
1.24427
1.24765
1.24469
1.23373
1.21383
1.18539
1.15099
1.116
1.08802
1.07454
1.07984
1.10311
1.13924
1.18104
1.22159
1.25581
1.28077
1.29543
1.30026
1.29685
1.28766
1.27558
1.26346
1.25357
1.24697
1.2432
1.24045
1.23619
1.22806
1.21477
1.1966
1.17524
1.15327
1.13357
1.11877
1.11055
1.10936
1.11462
1.12511
1.13961
1.15719
1.17723
1.19911
1.22181
1.24367
1.26255
1.27645
1.28412
1.28552
1.28179
1.27467
1.26563
1.25543
1.24404
1.23125
1.21717
1.20234
1.18769
1.17419
1.1628
1.1542
1.14877
1.14669
1.14781
1.15188
1.15849
1.16712
1.17702
1.18746
1.19793
1.20833
1.21905
1.23061
1.24321
1.25608
1.26732
1.27423
1.27405
1.26479
1.24589
1.21866
1.18605
1.15197
1.12054
1.09531
1.07906
1.0736
1.07958
1.09574
1.11865
1.14344
1.16521
1.1802
1.18664
1.18493
1.17741
1.16779
1.16035
1.15871
1.16464
1.17776
1.19584
1.2158
1.23488
1.25147
1.26526
1.27661
1.28595
1.29298
1.29655
1.29507
1.28719
1.27254
1.25208
1.22802
1.2034
1.18163
1.16607
1.15967
1.16425
1.17951
1.20263
1.22867
1.25174
1.26644
1.26927
1.25937
1.23875
1.21149
1.18263
1.15691
1.13777
1.12709
1.12532
1.1319
1.14543
1.16399
1.18521
1.20641
1.22492
1.23827
1.24467
1.2432
1.23407
1.21844
1.19852
1.17741
1.15903
1.14741
1.14551
1.15353
1.16816
1.18402
1.19627
1.20242
1.20249
1.19816
1.19153
1.18416
1.17679
1.16949
1.16217
1.15495
1.14834
1.14314
1.14033
1.1409
1.14557
1.15498
1.1697
1.18992
1.21498
1.24328
1.27235
1.29922
1.32099
1.33532
1.34079
1.33726
1.32602
1.30953
1.29092
1.27303
1.25755
1.24467
1.23361
1.22344
1.21367
1.20457
1.19664
1.19002
1.18425
1.1783
1.17098
1.16144
1.14939
1.13515
1.11971
1.10468
1.09197
1.08335
1.07996
1.08194
1.08854
1.09836
1.10984
1.1218
1.13361
1.14498
1.15566
1.16516
1.17269
1.17753
1.17941
1.17858
1.17576
1.17191
1.16833
1.16666
1.16867
1.17593
1.18896
1.2068
1.22722
1.24732
1.2645
1.27714
1.28487
1.28829
1.28831
1.28557
1.28021
1.27188
1.26022
1.24503
1.22641
1.20495
1.18195
1.15973
1.14132
1.12968
1.12647
1.13157
1.14318
1.15854
1.17481
1.18958
1.20119
1.20879
1.21241
1.21276
1.21116
1.20902
1.20743
1.20682
1.20694
1.20746
1.20829
1.20984
1.2125
1.21616
1.22019
1.22397
1.22771
1.23239
1.239
1.24775
1.25769
1.26729
1.27518
1.28071
1.28392
1.2851
1.28415
1.28033
1.27283
1.26115
1.2454
1.22621
1.20447
1.18141
1.15854
1.13781
1.12105
1.10918
1.10155
1.09642
1.09221
1.08849
1.08599
1.08589
1.08894
1.09472
1.10175
1.10818
1.11305
1.1169
1.12192
1.13077
1.14518
1.16486
1.1873
1.20862
1.22489
1.23313
1.23187
1.22142
1.20377
1.18254
1.16237
1.14824
1.14441
1.15342
1.17553
1.20835
1.24746
1.28725
1.32201
1.3471
1.35945
1.35774
1.34212
1.31441
1.27788
1.23699
1.19697
1.16287
1.13855
1.12588
1.12473
1.13353
1.14989
1.17111
1.19434
1.2166
1.23529
1.24861
1.25549
1.25541
1.24854
1.23568
1.2185
1.19932
1.18049
1.16376
1.15006
1.13982
1.13314
1.12991
1.12956
1.13121
1.13403
1.13751
1.14168
1.14695
1.15382
1.16267
1.17365
1.1867
1.20141
1.21657
1.23009
1.23954
1.24297
1.2401
1.23275
1.22438
1.21904
1.21985
1.22772
1.24114
1.25686
1.27155
1.28278
1.2894
1.29145
1.28981
1.28552
1.27951
1.27223
1.26341
1.25249
1.23908
1.22355
1.20708
1.19122
1.17729
1.1661
1.15809
1.15351
1.15225
1.15336
1.15483
1.15389
1.14768
1.13455
1.11553
1.09453
1.07738
1.06935
1.07345
1.09024
1.11822
1.15413
1.1934
1.23137
1.26416
1.28901
1.304
1.30821
1.30201
1.28709
1.26612
1.24264
1.22041
1.20258
1.19113
1.18643
1.18762
1.19313
1.2011
1.20974
1.21732
1.22206
1.22233
1.21659
1.20391
1.18428
1.15883
1.13026
1.1025
1.08019
1.06739
1.06636
1.07736
1.09921
1.13003
1.16747
1.20876
1.25055
1.28932
1.32197
1.34649
1.3623
1.37019
1.3715
1.36752
1.35896
1.346
1.32858
1.30648
1.27954
1.24812
1.21346
1.17784
1.14441
1.1165
1.09666
1.08595
1.08393
1.089
1.09901
1.11157
1.12428
1.13485
1.14125
1.1419
1.13588
1.12312
1.10434
1.08123
1.05642
1.03345
1.01642
1.00935
1.01522
1.03519
1.06816
1.11114
1.15986
1.20939
1.25486
1.29213
1.31851
1.33305
1.33684
1.33284
1.32514
1.31756
1.31212
1.3086
1.3051
1.29923
1.28926
1.27467
1.25625
1.23584
1.21597
1.19906
1.18678
1.17929
1.17507
1.17152
1.16584
1.15601
1.14148
1.12366
1.1058
1.09236
1.0878
1.09497
1.11392
1.14197
1.17453
1.20663
1.23412
1.25421
1.26571
1.2686
1.26385
1.253
1.23751
1.21898
1.19895
1.1793
1.16257
1.15198
1.1508
1.16132
1.18385
1.21611
1.25362
1.29063
1.32127
1.34093
1.34706
1.33943
1.31964
1.29061
1.25607
1.22048
1.18838
1.16375
1.14902
1.14411
1.14614
1.15029
1.15149
1.14628
1.13395
1.11681
1.09928
1.08585
1.0794
1.08029
1.08687
1.09663
1.10735
1.11772
1.12762
1.13815
1.15089
1.16689
1.18609
1.20702
1.22752
1.24558
1.26013
1.27164
1.28207
1.29408
1.30952
1.32814
1.34713
1.36224
1.36944
1.36627
1.35224
1.32845
1.29704
1.26045
1.22117
1.1817
1.14475
1.11388
1.09393
1.09036
1.10683
1.14225
1.18987
1.23946
1.28135
1.30934
1.32122
1.31782
1.30163
1.27602
1.24472
1.21149
1.17976
1.15207
1.12988
1.1136
1.10303
1.09784
1.09767
1.10196
1.10969
1.11946
1.12968
1.13902
1.1469
1.15386
1.16119
1.17008
1.18074
1.19186
1.20119
1.20639
1.20587
1.19915
1.18683
1.17043
1.15232
1.13542
1.12244
1.11544
1.11524
1.1214
1.13259
1.14703
1.16294
1.17864
1.19249
1.20277
1.20811
1.20785
1.20254
1.1941
1.18516
1.17833
1.17535
1.17692
1.18284
1.19221
1.20393
1.21698
1.23056
1.24431
1.25817
1.27202
1.28555
1.29781
1.30729
1.31237
1.31182
1.30534
1.29363
1.27836
1.26164
1.2452
1.22995
1.21578
1.20176
1.18695
1.17113
1.1551
1.14033
1.12866
1.12162
1.11993
1.12327
1.13017
1.13849
1.14602
1.15086
1.15174
1.14827
1.14121
1.13262
1.12542
1.12277
1.12714
1.13962
1.15965
1.18518
1.21303
1.23945
1.26054
1.27297
1.27471
1.26602
1.24976
1.23078
1.21397
1.20212
1.19525
1.19187
1.1905
1.19037
1.19138
1.19364
1.19732
1.20253
1.20915
1.21689
1.2253
1.23378
1.24153
1.24782
1.2519
1.2533
1.25183
1.24777
1.24162
1.23386
1.22506
1.21572
1.20636
1.19736
1.18903
1.18159
1.17537
1.17067
1.168
1.16788
1.17031
1.17449
1.17903
1.18243
1.1838
1.18298
1.18037
1.17654
1.17208
1.16746
1.16314
1.15964
1.15735
1.15655
1.15725
1.15932
1.1625
1.16665
1.17166
1.1775
1.18409
1.19077
1.19613
1.19832
1.19588
1.18865
1.17832
1.16822
1.16237
1.16395
1.17396
1.19105
1.21219
1.23387
1.25308
1.26779
1.27704
1.28099
1.28088
1.27863
1.27635
1.27559
1.27672
1.27892
1.28057
1.28005
1.27614
1.26849
1.25751
1.24409
1.22935
1.21451
1.2006
1.18796
1.17616
1.16416
1.15081
1.13559
1.11886
1.10206
1.08736
1.07698
1.07243
1.07408
1.08129
1.09303
1.10818
1.12583
1.14507
1.16496
1.18457
1.20299
1.21969
1.23447
1.24746
1.25877
1.26836
1.2758
1.28023
1.28036
1.27485
1.26359
1.24928
1.23762
1.23442
1.24074
1.25159
1.25931
1.25799
1.24535
1.22268
1.19407
1.16514
1.14179
1.12839
1.12643
1.13398
1.14685
1.16025
1.17052
1.17596
1.17691
1.17561
1.17508
1.17782
1.18465
1.1948
1.20657
1.21846
1.2295
1.2393
1.24786
1.25544
1.26252
1.26944
1.27575
1.28035
1.28184
1.27924
1.2725
1.26245
1.25029
1.23712
1.22376
1.21091
1.19914
1.18902
1.18107
1.17581
1.17363
1.17489
1.17995
1.18875
1.20037
1.21292
1.22372
1.23003
1.22974
1.22206
1.20759
1.18815
1.16638
1.14527
1.12751
1.11502
1.10856
1.10768
1.11091
1.11617
1.1216
1.12624
1.13064
1.13671
1.14673
1.16187
1.18088
1.20068
1.21754
1.22829
1.23115
1.22593
1.21381
1.1972
1.1793
1.16358
1.15297
1.14916
1.15234
1.16143
1.1746
1.18989
1.20533
1.21915
1.22977
1.23607
1.23806
1.23705
1.23512
1.23375
1.23298
1.2317
1.22859
1.22302
1.21555
1.20759
1.20051
1.19479
1.19026
1.18678
1.18501
1.18653
1.19302
1.2055
1.22353
1.24533
1.26811
1.28895
1.30531
1.31537
1.31804
1.31297
1.30067
1.2822
1.25894
1.23243
1.2043
1.17604
1.14923
1.1255
1.10645
1.0934
1.0868
1.08588
1.08863
1.0926
1.09584
1.09778
1.09924
1.10173
1.10664
1.11474
1.12597
1.1398
1.15543
1.1721
1.189
1.20526
1.21976
1.23115
1.23804
1.23945
1.23504
1.22518
1.211
1.19403
1.17586
1.15787
1.141
1.12613
1.11452
1.10805
1.10874
1.11775
1.13476
1.15837
1.18655
1.2173
1.24895
1.28031
1.31047
1.33834
1.36244
1.38089
1.39177
1.39353
1.3854
1.36777
1.34208
1.3106
1.27614
1.24165
1.20952
1.18114
1.15691
1.13629
1.11838
1.10311
1.09156
1.08597
1.08872
1.10115
1.12267
1.15051
1.18065
1.20873
1.23128
1.24652
1.25446
1.25666
1.25535
1.25235
1.24816
1.24193
1.23259
1.21998
1.20541
1.191
1.17876
1.16976
1.16378
1.15957
1.15554
1.15058
1.14499
1.14058
1.14027
1.14683
1.16176
1.18411
1.21077
1.23717
1.25842
1.27028
1.26981
1.25603
1.23073
1.19856
1.16641
1.14138
1.12798
1.12634
1.13292
1.1425
1.15042
1.15393
1.15267
1.14876
1.14607
1.14857
1.15842
1.17496
1.19558
1.21736
1.23888
1.26037
1.28274
1.30587
1.32781
1.34534
1.35529
1.35527
1.34397
1.32153
1.28941
1.25032
1.2076
1.16475
1.12496
1.09069
1.06407
1.04675
1.04012
1.04488
1.06051
1.08478
1.11394
1.14347
1.16904
1.18737
1.19683
1.19766
1.19196
1.18326
1.17548
1.17172
1.17346
1.18079
1.19312
1.21004
1.23137
1.25647
1.2832
1.30812
1.32738
1.33793
1.33845
1.32932
1.31216
1.2895
1.26427
1.23955
1.21787
1.20071
1.18808
1.17865
1.17027
1.16083
1.14913
1.13526
1.12055
1.1074
1.09825
1.09438
1.09498
1.09732
1.09767
1.09306
1.08271
1.06894
1.05659
1.05031
1.05179
1.05927
1.06944
1.07977
1.08961
1.10004
1.1132
1.13157
1.15695
1.18965
1.22787
1.26789
1.30489
1.33426
1.35285
1.35954
1.3555
1.34352
1.32717
1.30978
1.29385
1.28092
1.27144
1.26515
1.26107
1.25793
1.25442
1.24951
1.24257
1.23329
1.22143
1.20697
1.19007
1.17152
1.15272
1.13556
1.1221
1.11397
1.11209
1.11653
1.12666
1.14111
1.15761
1.17332
1.18561
1.193
1.19596
1.19688
1.19911
1.20523
1.21536
1.22714
1.23711
1.24249
1.24216
1.237
1.2294
1.22247
1.21903
1.22072
1.22747
1.23747
1.2478
1.25508
1.25642
1.24981
1.2344
1.21051
1.17954
1.14423
1.10867
1.07812
1.05793
1.05205
1.0612
1.08228
1.10948
1.13657
1.15882
1.1736
1.18018
1.17912
1.17191
1.16096
1.14933
1.1405
1.13763
1.14263
1.1556
1.17461
1.19613
1.21601
1.23041
1.23705
1.23597
1.22966
1.22247
1.21939
1.22428
1.23851
1.26045
1.28645
1.31229
1.33441
1.35044
1.35891
1.35891
1.35012
1.3328
1.30805
1.27777
1.2443
1.21011
1.17756
1.1485
1.1242
1.10519
1.09122
1.08156
1.07537
1.07233
1.07277
1.07766
1.08828
1.10561
1.12972
1.15923
1.19122
1.22167
1.24653
1.26275
1.26927
1.26768
1.26192
1.25679
1.25467
1.25364
1.2496
1.24028
1.22718
1.21437
1.20603
1.20426
1.20856
1.21622
1.22342
1.22601
1.22046
1.20452
1.17808
1.14387
1.10775
1.07732
1.05914
1.05636
1.06876
1.09408
1.12889
1.16914
1.21029
1.24808
1.2789
1.30021
1.31067
1.31012
1.29958
1.28112
1.25782
1.23359
1.21309
1.20061
1.19871
1.20673
1.22099
1.23654
1.24929
1.25698
1.25908
1.25605
1.24877
1.23842
1.22632
1.2138
1.20198
1.19158
1.18299
1.17637
1.17177
1.16898
1.16735
1.1658
1.16271
1.15653
1.14617
1.13143
1.11325
1.09382
1.07625
1.06422
1.06117
1.06916
1.08806
1.11529
1.14653
1.17699
1.2026
1.22064
1.22992
1.23031
1.22266
1.20861
1.1909
1.17353
1.1614
1.15929
1.17026
1.19444
1.22852
1.26675
1.30241
1.32979
1.34524
1.34754
1.33741
1.31724
1.29024
1.25984
1.22902
1.19991
1.1739
1.15185
1.13439
1.1218
1.1137
1.10948
1.10876
1.11195
1.1201
1.13397
1.15311
1.17575
1.19942
1.22157
1.24021
1.25398
1.26237
1.26568
1.26471
1.26017
1.25247
1.24184
1.22869
1.21414
1.19997
1.18823
1.18061
1.17774
1.17891
1.18219
1.18508
1.18521
1.18094
1.17157
1.15754
1.1404
1.12281
1.10863
1.10233
1.10774
1.12656
1.15772
1.19743
1.24022
1.28011
1.31157
1.33031
1.33415
1.32356
1.30155
1.27328
1.24458
1.22055
1.20418
1.19579
1.19361
1.19486
1.19679
1.19704
1.19395
1.18653
1.17482
1.16015
1.14478
1.13134
1.12198
1.11765
1.11804
1.12192
1.12776
1.13428
1.14089
1.14801
1.15687
1.16923
1.18648
1.209
1.23572
1.26401
1.29023
1.31036
1.32081
1.31896
1.30379
1.2764
1.24032
1.20115
1.16536
1.13812
1.12187
1.11621
1.11917
1.12853
1.14233
1.15885
1.17633
1.19286
1.20635
1.21502
1.21776
1.21447
1.20648
1.19635
1.18733
1.18253
1.18386
1.19167
1.20463
1.22029
1.23559
1.24746
1.25332
1.25173
1.24265
1.22743
1.20803
1.1865
1.16472
1.14465
1.12889
1.12053
1.12215
1.13449
1.15586
1.1826
1.21022
1.23455
1.25254
1.26271
1.26476
1.25954
1.24894
1.23577
1.22318
1.21345
1.20761
1.20556
1.20649
1.2094
1.21339
1.2177
1.22195
1.22601
1.23015
1.23497
1.24119
1.24909
1.25808
1.26683
1.27411
1.2792
1.28188
1.28194
1.27873
1.271
1.25755
1.23794
1.21313
1.1854
1.15819
1.13514
1.11931
1.1124
1.11442
1.12379
1.13782
1.15335
1.16723
1.177
1.18125
1.17975
1.17355
1.16464
1.15535
1.14747
1.14161
1.13732
1.13372
1.13023
1.12691
1.12452
1.12404
1.12609
1.13072
1.13712
1.14408
1.15047
1.1557
1.16014
1.16516
1.17255
1.18325
1.19642
1.20999
1.22193
1.23137
1.23851
1.24387
1.24777
1.25035
1.25193
1.25322
1.25538
1.25959
1.26645
1.27586
1.28697
1.29822
1.30802
1.315
1.31813
1.31695
1.31167
1.30319
1.29324
1.28382
1.27638
1.27102
1.26613
1.25891
1.2461
1.2253
1.19589
1.15949
1.11977
1.08158
1.04995
1.02893
1.02072
1.02507
1.03989
1.06208
1.08828
1.1151
1.13903
1.15663
1.1652
1.16355
1.15297
1.13737
1.12229
1.11318
1.11349
1.12378
1.14201
1.16482
1.18881
1.21132
1.23038
1.24464
1.25332
1.25626
1.25391
1.24701
1.23664
1.22417
1.21132
1.19984
1.1909
1.18461
1.17998
1.1754
1.16952
1.16205
1.15419
1.14873
1.14854
1.15488
1.1664
1.17971
1.19109
1.19829
1.20151
1.20334
1.20778
1.21878
1.23851
1.26624
1.29845
1.33015
1.35631
1.37302
1.37818
1.37156
1.35459
1.32978
1.30018
1.26845
1.23644
1.20502
1.17437
1.14464
1.11672
1.09255
1.07498
1.06666
1.06853
1.07908
1.09483
1.11181
1.12674
1.13748
1.14321
1.14431
1.14219
1.13907
1.13751
1.13996
1.14789
1.16119
1.1781
1.19591
1.21198
1.22441
1.23205
1.23465
1.23231
1.22522
1.21356
1.19756
1.17792
1.15619
1.13478
1.11689
1.10601
1.1051
1.11589
1.13819
1.16966
1.20635
1.24347
1.27651
1.30196
1.31779
1.32341
1.31956
1.30763
1.28924
1.26576
1.23835
1.20831
1.17752
1.14856
1.12445
1.10792
1.10066
1.10292
1.11362
1.13057
1.15094
1.17171
1.19007
1.20373
1.21145
1.21338
1.21129
1.20821
1.20761
1.21208
1.22252
1.23796
1.25574
1.27233
1.28424
1.2887
1.28438
1.27177
1.25296
1.2307
1.20781
1.18669
1.16964
1.15869
1.15544
1.16043
1.17283
1.19067
1.21125
1.23195
1.25045
1.26478
1.27321
1.27413
1.26623
1.24895
1.22299
1.19071
1.15595
1.12359
1.09856
1.08488
1.08473
1.09791
1.12189
1.15234
1.18417
1.21268
1.23462
1.24867
1.25549
1.2575
1.2583
1.26173
1.27068
1.28587
1.30517
1.32436
1.33847
1.34313
1.33544
1.31434
1.28071
1.23787
1.19168
1.1495
1.11808
1.10109
1.09799
1.10488
1.11677
1.12933
1.13975
1.14691
1.15093
1.15283
1.15399
1.15556
1.15796
1.16095
1.16361
1.16482
1.16372
1.16005
1.15428
1.14769
1.14202
1.13903
1.13962
1.14355
1.14927
1.15456
1.15749
1.15727
1.15452
1.15109
1.14926
1.15108
1.15771
1.16927
1.18513
1.20431
1.22578
1.24854
1.27124
1.29216
1.30925
1.32039
1.32397
1.31922
1.30636
1.2864
1.26117
1.23329
1.20607
1.18309
1.16711
1.159
1.15725
1.15875
1.15989
1.15784
1.15113
1.14022
1.12711
1.11471
1.10614
1.10371
1.10848
1.12011
1.13701
1.15697
1.17762
1.19703
1.21385
1.22754
1.23835
1.24742
1.2564
1.26667
1.27833
1.28959
1.29742
1.29873
1.29173
1.27646
1.25427
1.22716
1.19713
1.16594
1.13511
1.10624
1.08129
1.06263
1.05259
1.05303
1.06484
1.08753
1.11917
1.15654
1.19564
1.23229
1.26266
1.284
1.29493
1.29547
1.28688
1.27131
1.25151
1.23078
1.21264
1.2
1.19434
1.19497
1.19945
1.20445
1.20674
1.20407
1.19583
1.18326
1.16915
1.15688
1.14946
1.14857
1.15444
1.16611
1.18204
1.20038
1.21928
1.23687
1.25096
1.25933
1.26071
1.25575
1.24664
1.2358
1.22492
1.21487
1.20612
1.1988
1.19297
1.18849
1.18491
1.18186
1.17938
1.17799
1.17802
1.17889
1.17889
1.17575
1.16795
1.15541
1.13978
1.12388
1.11111
1.1049
1.10809
1.12247
1.14832
1.18376
1.22481
1.26634
1.30313
1.331
1.34716
1.35045
1.34098
1.31986
1.28911
1.25167
1.21139
1.17332
1.14338
1.12704
1.12696
1.14126
1.16447
1.19032
1.21434
1.23455
1.25095
1.26427
1.27493
1.28243
1.28556
1.28305
1.27403
1.25854
1.2372
1.21112
1.1817
1.15088
1.12111
1.09499
1.07498
1.06353
1.06303
1.0752
1.09991
1.13453
1.17434
1.21372
1.24758
1.27239
1.28661
1.29076
1.28733
1.27987
1.27179
1.26551
1.26164
1.25876
1.25434
1.24594
1.23231
1.21366
1.19147
1.16765
1.14423
1.12308
1.10601
1.09486
1.09097
1.09452
1.10424
1.11794
1.13365
1.15055
1.16897
1.18901
1.20949
1.22798
1.24184
1.24932
1.25019
1.24566
1.23815
1.23104
1.22798
1.232
1.24437
1.264
1.28769
1.31088
1.32884
1.33773
1.33534
1.32163
1.29864
1.26987
1.23925
1.21019
1.18504
1.16501
1.15043
1.14064
1.13432
1.12994
1.12601
1.12145
1.11584
1.10953
1.10339
1.0984
1.09527
1.09443
1.09603
1.09992
1.10586
1.11376
1.12372
1.13617
1.15178
1.17105
1.19389
1.21938
1.24559
1.26999
1.29002
1.30369
1.31014
1.30986
1.30434
1.29507
1.28298
1.26818
1.25057
1.23041
1.20875
1.18707
1.16697
1.14986
1.13707
1.13003
1.12992
1.13707
1.15041
1.16749
1.18531
1.2013
1.21408
1.22322
1.22887
1.23112
1.22983
1.22512
1.2178
1.20956
1.20269
1.19938
1.20071
1.20602
1.21311
1.21919
1.22196
1.2203
1.21448
1.20571
1.19573
1.18651
1.18038
1.17959
1.18561
1.19832
1.21598
1.236
1.2557
1.27286
1.28576
1.29324
1.29472
1.29021
1.28032
1.26614
1.24893
1.22974
1.20931
1.18814
1.16677
1.14627
1.12842
1.11534
1.10845
1.10769
1.1114
1.1172
1.12287
1.12729
1.1305
1.13353
1.13775
1.14417
1.15278
1.16285
1.17327
1.18279
1.19032
1.19487
1.19594
1.19372
1.18906
1.18339
1.17823
1.17488
1.17438
1.17747
1.18488
1.19706
1.21408
1.23516
1.25849
1.28141
1.30097
1.31429
1.31901
1.31371
1.29825
1.27396
1.24355
1.21043
1.17791
1.14848
1.1235
1.10331
1.08774
1.07664
1.0704
1.07013
1.07739
1.09341
1.11832
1.15073
1.18781
1.22584
1.26101
1.28994
1.31003
1.31973
1.31862
1.30763
1.28937
1.26823
1.24935
1.23687
1.23245
1.23538
1.24345
1.25378
1.26317
1.26826
1.26586
1.25336
1.22925
1.19397
1.15045
1.1046
1.06443
1.03771
1.02897
1.03791
1.0603
1.09032
1.12295
1.15477
1.18405
1.21003
1.23221
1.2498
1.26184
1.26749
1.26662
1.26032
1.25084
1.24078
1.23258
1.2274
1.22511
1.22494
1.22633
1.22981
1.23657
1.24721
1.26126
1.2772
1.29301
1.30676
1.31656
1.32065
1.31785
1.30766
1.29049
1.26745
1.24015
1.21078
1.18204
1.15713
1.13924
1.13036
1.13065
1.13835
1.15055
1.16429
1.17716
1.18746
1.1945
1.19828
1.19928
1.19818
1.1957
1.19235
1.18823
1.18313
1.17656
1.16796
1.15687
1.14334
1.1282
1.11287
1.09939
1.08998
1.08675
1.09146
1.10508
1.12728
1.15568
1.18605
1.21373
1.2353
1.24927
1.25609
1.25752
1.25584
1.25312
1.2508
1.24942
1.2486
1.24757
1.24563
1.24265
1.23917
1.23611
1.23439
1.23451
1.23627
1.23853
1.23937
1.23661
1.22846
1.21458
1.19643
1.17707
1.16031
1.14954
1.1469
1.15284
1.16596
1.18321
1.20063
1.21411
1.22051
1.21848
1.20858
1.19294
1.17436
1.15567
1.13938
1.12766
1.1224
1.12489
1.13533
1.15236
1.17302
1.19331
1.20918
1.21755
1.21688
1.20732
1.1908
1.17058
1.15081
1.13556
1.12798
1.13005
1.14226
1.16339
1.19031
1.2186
1.24394
1.26287
1.27329
1.27455
1.26726
1.25337
1.23615
1.22004
1.20988
1.20959
1.22069
1.24142
1.26715
1.29186
1.31014
1.31843
1.31548
1.30213
1.28057
1.25365
1.2243
1.19552
1.17057
1.15258
1.14366
1.14432
1.15332
1.16821
1.18594
1.20364
1.21905
1.23077
1.23829
1.24163
1.24107
1.23688
1.22931
1.21829
1.20369
1.18592
1.1663
1.1471
1.13111
1.12079
1.11805
1.12418
1.13966
1.16351
1.19282
1.22334
1.25041
1.26985
1.27871
1.27521
1.25906
1.2315
1.19528
1.15481
1.11532
1.08199
1.05851
1.04611
1.04371
1.04904
1.06013
1.07591
1.09599
1.12011
1.14749
1.17659
1.20516
1.23041
1.2495
1.26015
1.26107
1.25237
1.23581
1.21481
1.19382
1.17739
1.169
1.17023
1.18052
1.1975
1.21779
1.23781
1.25471
1.26703
1.27463
1.27806
1.27762
1.27294
1.26323
1.24806
1.22797
1.20481
1.18157
1.16185
1.14876
1.1439
1.14682
1.15515
1.16522
1.1734
1.17726
1.17599
1.17055
1.16324
1.15686
1.15394
1.15578
1.1622
1.17187
1.18296
1.19386
1.20336
1.21066
1.21526
1.21685
1.21536
1.21108
1.20467
1.19706
1.18928
1.18218
1.17651
1.17308
1.17278
1.17628
1.18349
1.19333
1.20414
1.21391
1.22104
1.22452
1.224
1.21969
1.21215
1.20222
1.19128
1.18115
1.1738
1.17045
1.17094
1.17384
1.17725
1.17965
1.18057
1.18066
1.1812
1.18334
1.18761
1.1935
1.19968
1.20447
1.20631
1.20412
1.19748
1.18686
1.17366
1.16008
1.14873
1.14196
1.14122
1.14676
1.15761
1.17191
1.18732
1.20148
1.2126
1.21985
1.22347
1.22493
1.22629
1.22933
1.23467
1.24145
1.24759
1.25102
1.25042
1.24547
1.23688
1.22589
1.21396
1.20273
1.19396
1.18927
1.18959
1.1948
1.20385
1.21493
1.22596
1.23523
1.24177
1.24571
1.24795
1.2494
1.25073
1.25192
1.2524
1.25105
1.24664
1.23815
1.22498
1.2073
1.18615
1.1633
1.14108
1.12217
1.10901
1.10311
1.10445
1.11148
1.12198
1.13408
1.14673
1.15948
1.17201
1.18368
1.19368
1.20129
1.20625
1.20884
1.21007
1.21109
1.21285
1.21568
1.21907
1.22193
1.22316
1.22209
1.21894
1.21446
1.20954
1.20471
1.19983
1.19444
1.18797
1.18037
1.1722
1.16499
1.1609
1.16215
1.17009
1.1843
1.20226
1.2201
1.23413
1.24192
1.24287
1.23791
1.22905
1.21845
1.20789
1.19856
1.19119
1.18654
1.18572
1.18987
1.19947
1.2135
1.22955
1.24471
1.25645
1.26336
1.26516
1.2622
1.25501
1.24404
1.22965
1.2124
1.1933
1.17391
1.15606
1.14145
1.13155
1.12771
1.13096
1.14181
1.15995
1.18375
1.21037
1.23631
1.25816
1.27329
1.28042
1.27958
1.27164
1.25777
1.23899
1.216
1.18912
1.15879
1.12624
1.09405
1.06615
1.04709
1.0409
1.04958
1.07245
1.10623
1.14614
1.1871
1.22455
1.2547
1.27498
1.28407
1.28208
1.2704
1.25138
1.22783
1.20278
1.17927
1.15974
1.14574
1.13774
1.13519
1.13717
1.14281
1.15141
1.16227
1.17434
1.18603
1.19543
1.20092
1.2015
1.19729
1.18964
1.18119
1.17494
1.17347
1.17797
1.18776
1.20058
1.21379
1.22538
1.23428
1.24007
1.24253
1.24139
1.23672
1.22911
1.21978
1.21039
1.20252
1.19729
1.19506
1.19524
1.19668
1.19806
1.19856
1.19806
1.19686
1.19546
1.19423
1.1933
1.19274
1.19267
1.19319
1.19424
1.19537
1.19574
1.19405
1.18891
1.1795
1.16606
1.14988
1.13305
1.11791
1.1069
1.10244
1.10668
1.12091
1.14463
1.17539
1.20897
1.24037
1.26488
1.27942
1.28333
1.27821
1.26707
1.25327
1.2396
1.22784
1.21889
1.21331
1.2112
1.21245
1.21621
1.22105
1.22531
1.22795
1.22927
1.23068
1.23349
1.238
1.24346
1.24843
1.25154
1.25185
1.24887
1.24228
1.23174
1.21712
1.19909
1.17954
1.16157
1.14853
1.1428
1.14479
1.15296
1.16473
1.17771
1.19038
1.20224
1.21347
1.22433
1.23512
1.24592
1.25644
1.26609
1.27379
1.27802
1.27685
1.26868
1.25247
1.22861
1.19933
1.16856
1.14105
1.12092
1.11064
1.11062
1.11965
1.13564
1.15622
1.17879
1.20089
1.22028
1.23514
1.24421
1.24689
1.24315
1.23363
1.21935
1.20176
1.1829
1.16502
1.15033
1.14045
1.13611
1.13699
1.14196
1.14959
1.15883
1.16948
1.182
1.19671
1.21303
1.2294
1.24393
1.25519
1.26247
1.26553
1.26433
1.25884
1.24922
1.23617
1.2209
1.20515
1.19072
1.17913
1.17137
1.16775
1.16794
1.17099
1.17558
1.18035
1.18431
1.18693
1.18844
1.18974
1.19224
1.19729
1.2054
1.21609
1.22791
1.23897
1.24717
1.25068
1.2485
1.24102
1.23011
1.21897
1.21115
1.20918
1.21352
1.22238
1.23271
1.24145
1.24654
1.24717
1.24377
1.2376
1.2301
1.22241
1.21505
1.20793
1.20072
1.19291
1.18393
1.17341
1.16165
1.14976
1.13977
1.13405
1.13417
1.14012
1.1501
1.16123
1.17062
1.17603
1.17623
1.17098
1.16102
1.14795
1.13383
1.12029
1.10834
1.09888
1.09304
1.09209
1.09668
1.1065
1.12041
1.13699
1.15491
1.17302
1.19047
1.20648
1.22034
1.23122
1.23822
1.24063
1.23835
1.23245
1.22547
1.22069
1.22109
1.22797
1.24064
1.25676
1.27288
1.28509
1.29017
1.2864
1.27389
1.25437
1.23077
1.20646
1.18439
1.16647
1.15338
1.14465
1.13921
1.13588
1.13387
1.13272
1.13219
1.13213
1.13236
1.13276
1.13365
1.13591
1.14126
1.15183
1.16942
1.1945
1.2255
1.2591
1.29146
1.31923
1.33998
1.35217
1.35479
1.34734
1.32966
1.30226
1.26648
1.22459
1.17986
1.13625
1.09807
1.06901
1.05134
1.04517
1.04887
1.06033
1.07786
1.10044
1.12726
1.15712
1.18808
1.21768
1.24313
1.26189
1.27221
1.27343
1.26621
1.25253
1.23509
1.21671
1.19972
1.1854
1.17422
1.1663
1.16227
1.1635
1.17144
1.18681
1.20853
1.23349
1.25732
1.2756
1.28522
1.28534
1.27744
1.26424
1.24825
1.23057
1.21108
1.18945
1.16624
1.14353
1.12508
1.11552
1.11843
1.13404
1.1587
1.18628
1.21089
1.22854
1.23764
1.23845
1.2322
1.22049
1.20485
1.18694
1.16881
1.15283
1.14122
1.1354
1.13509
1.13851
1.14303
1.14639
1.14761
1.14715
1.14659
1.14785
1.15231
1.16051
1.17217
1.18649
1.20227
1.21813
1.23282
1.24537
1.25556
1.26366
1.27009
1.27491
1.2774
1.27617
1.26961
1.25666
1.23735
1.21324
1.18735
1.16355
1.14555
1.13578
1.13494
1.14203
1.15479
1.17057
1.18685
1.20143
1.21257
1.21923
1.22117
1.21891
1.21361
1.20679
1.2
1.19477
1.19255
1.19476
1.20229
1.2147
1.22991
1.24479
1.25619
1.26191
1.26097
1.25372
1.24182
1.22795
1.21506
1.20555
1.20075
1.20065
1.20397
1.20868
1.21249
1.21351
1.21059
1.2035
1.19299
1.18076
1.16902
1.16013
1.156
1.15775
1.16528
1.17718
1.19097
1.20365
1.21278
1.21726
1.21752
1.21522
1.21243
1.21087
1.21132
1.21362
1.21697
1.22026
1.22261
1.22358
1.22291
1.22021
1.21473
1.20559
1.19223
1.17515
1.15628
1.13865
1.12555
1.11953
1.12189
1.13258
1.15003
1.17133
1.1928
1.21093
1.2231
1.22793
1.22509
1.21496
1.1986
1.17776
1.15497
1.13357
1.11707
1.10832
1.10874
1.11806
1.13493
1.15722
1.18242
1.20792
1.23119
1.25031
1.26439
1.27372
1.27956
1.28342
1.28631
1.28857
1.29008
1.29048
1.28932
1.2862
1.28135
1.27587
1.27139
1.26881
1.26729
1.26442
1.25753
1.24533
1.22898
1.21189
1.19823
1.19124
1.19212
1.19973
1.2112
1.22273
1.23066
1.2322
1.22608
1.21289
1.19479
1.17482
1.15609
1.14105
1.13105
1.12642
1.12651
1.12991
1.13495
1.14039
1.1462
1.15388
1.16527
1.18049
1.19677
1.20946
1.21443
1.20983
1.19614
1.17545
1.15078
1.12546
1.10285
1.086
1.07741
1.07856
1.08939
1.10822
1.13207
1.15762
1.18212
1.20383
1.22218
1.23743
1.25024
1.26091
1.26922
1.27442
1.27589
1.27388
1.26979
1.26579
1.26407
1.26568
1.27035
1.27705
1.28473
1.29272
1.30051
1.30734
1.31158
1.31109
1.30417
1.29022
1.2697
1.2437
1.21313
1.17897
1.14304
1.1091
1.08251
1.06881
1.07174
1.09207
1.12699
1.17079
1.21653
1.2577
1.28939
1.30884
1.31543
1.3101
1.29484
1.27204
1.24415
1.2137
1.18338
1.15628
1.13583
1.1253
1.12655
1.13875
1.15806
1.17883
1.19559
1.20467
1.20458
1.19566
1.17951
1.15849
1.13537
1.1133
1.09563
1.08579
1.0866
1.09947
1.12369
1.15623
1.19216
1.22582
1.2523
1.26848
1.27344
1.26833
1.25567
1.23851
1.2199
1.20254
1.18908
1.18202
1.18369
1.19573
1.21839
1.24974
1.28555
1.3203
1.34889
1.36815
1.37733
1.37736
1.36949
1.3542
1.33127
1.30083
1.26411
1.22347
1.18153
1.14037
1.10122
1.06483
1.03263
1.00722
0.992201
0.99051
1.0024
1.02489
1.05277
1.08089
1.10564
1.12539
1.14041
1.15259
1.16464
1.17905
1.19693
1.21798
1.24124
1.26564
1.29019
1.31374
1.3346
1.35069
1.35979
1.35993
1.35
1.33016
1.30221
1.26925
1.23506
1.20321
1.17632
1.15556
1.14064
1.13016
1.12214
1.11464
1.1062
1.09628
1.08546
1.07527
1.06814
1.06684
1.07381
1.09038
1.11599
1.148
1.18214
1.21369
1.23855
1.25425
1.26019
1.25768
1.24969
1.23998
1.23232
1.22948
1.23205
1.23839
1.24544
1.24999
1.24988
1.24456
1.23475
1.22212
1.2085
1.19583
1.18577
1.17964
1.17803
1.18061
1.18635
1.19392
1.20191
1.20888
1.21336
1.21388
1.20965
1.20144
1.19221
1.18622
1.18602
1.19007
1.19396
1.19432
1.1913
1.18796
1.18778
1.19287
1.20345
1.21852
1.23677
1.2567
1.27654
1.294
1.30669
1.31249
1.31018
1.2996
1.28131
1.25636
1.22602
1.19202
1.15713
1.12524
1.10082
1.08727
1.0857
1.09437
1.10947
1.127
1.14424
1.15971
1.17247
1.18185
1.18758
1.18993
1.18953
1.18688
1.1823
1.17599
1.16862
1.16146
1.15628
1.15475
1.1577
1.16483
1.17452
1.18443
1.19211
1.19596
1.19571
1.19242
1.18784
1.18359
1.18064
1.17956
1.18077
1.18467
1.1913
1.20021
1.21062
1.2215
1.23192
1.24094
1.24788
1.25222
1.25354
1.25133
1.24533
1.23573
1.22372
1.21151
1.20174
1.19634
1.19568
1.19866
1.20345
1.20856
1.21308
1.21665
1.2191
1.22015
1.21938
1.21634
1.21067
1.20242
1.19209
1.18048
1.1687
1.15809
1.15012
1.14631
1.1477
1.15421
1.16448
1.17678
1.19003
1.20426
1.22006
1.23736
1.25463
1.26897
1.27696
1.276
1.26518
1.24588
1.22143
1.19629
1.17494
1.16083
1.15547
1.15852
1.16789
1.18037
1.19233
1.20044
1.20263
1.19849
1.18929
1.17751
1.16586
1.15632
1.15001
1.14731
1.14805
1.15177
1.15804
1.16665
1.17776
1.19168
1.20815
1.22582
1.24236
1.25523
1.26256
1.26367
1.25909
1.25023
1.23878
1.22669
1.21624
1.20977
1.20934
1.21598
1.22897
1.24557
1.26184
1.27397
1.27945
1.27751
1.26847
1.25304
1.23241
1.20845
1.18382
1.1611
1.14204
1.1274
1.11718
1.11098
1.10841
1.10895
1.112
1.11718
1.12417
1.1327
1.14232
1.1528
1.16457
1.1785
1.19508
1.2139
1.2338
1.25322
1.27054
1.28396
1.29182
1.29271
1.28612
1.27268
1.25445
1.23439
1.21589
1.20159
1.19288
1.18981
1.19134
1.19619
1.20298
1.21038
1.21708
1.22163
1.22277
1.21966
1.21234
1.20181
1.18984
1.17859
1.16992
1.16497
1.16393
1.16617
1.17076
1.17657
1.18245
1.18741
1.19095
1.19328
1.1951
1.19726
1.20039
1.20461
1.2096
1.21475
1.21945
1.22306
1.225
1.22485
1.22228
1.21704
1.20915
1.19886
1.18664
1.17313
1.15884
1.14423
1.12974
1.11607
1.10438
1.09626
1.09349
1.0978
1.11054
1.13204
1.16086
1.19346
1.22479
1.24964
1.26425
1.26744
1.26086
1.24827
1.23435
1.22336
1.21791
1.21833
1.2229
1.22894
1.23385
1.23608
1.23542
1.23295
1.23061
1.23081
1.2358
1.24683
1.26325
1.28234
1.29993
1.31165
1.31433
1.30661
1.28873
1.26269
1.23232
1.20298
1.17982
1.165
1.15679
1.15134
1.14556
1.13828
1.13029
1.12388
1.12163
1.12535
1.13513
1.14967
1.16698
1.18499
1.2018
1.2158
1.22573
1.23088
1.23146
1.22868
1.22487
1.22285
1.22482
1.23124
1.24063
1.25017
1.2567
1.25757
1.25117
1.23713
1.2162
1.1903
1.16221
1.13535
1.11338
1.0993
1.09472
1.09915
1.11018
1.12441
1.139
1.1523
1.164
1.17455
1.1845
1.19437
1.20472
1.21602
1.22859
1.24219
1.25572
1.26738
1.27497
1.27683
1.27241
1.26228
1.24799
1.23151
1.21485
1.19955
1.18637
1.17508
1.16466
1.15384
1.14174
1.12851
1.11565
1.1055
1.10032
1.10146
1.10927
1.12331
1.14282
1.16696
1.19447
1.22333
1.25057
1.27255
1.2858
1.28795
1.27844
1.25872
1.23205
1.20288
1.1762
1.15647
1.14681
1.14818
1.15928
1.17707
1.19791
1.21878
1.23802
1.25531
1.2706
1.28332
1.2923
1.29644
1.29504
1.28818
1.27659
1.26164
1.24519
1.22904
1.21418
1.20068
1.18783
1.17504
1.16252
1.15158
1.14424
1.14189
1.14428
1.14935
1.15432
1.15714
1.15744
1.15616
1.15471
1.15403
1.15424
1.15496
1.15583
1.15677
1.15799
1.15971
1.16217
1.16557
1.17011
1.17575
1.18178
1.18694
1.18998
1.19039
1.18881
1.187
1.18696
1.19035
1.19769
1.20814
1.21976
1.2304
1.23847
1.24343
1.24575
1.24661
1.2473
1.24854
1.2503
1.25182
1.25196
1.2497
1.24453
1.2364
1.22586
1.21405
1.20241
1.19265
1.18638
1.18506
1.18965
1.20037
1.21626
1.2352
1.25426
1.27049
1.28143
1.28539
1.28161
1.27047
1.25369
1.23426
1.2157
1.20099
1.19161
1.18737
1.18698
1.18891
1.1919
1.19518
1.19796
1.19892
1.19629
1.18812
1.17309
1.15137
1.12531
1.09961
1.08028
1.07289
1.0805
1.10223
1.13342
1.16772
1.19934
1.22439
1.24103
1.24891
1.24847
1.24083
1.22793
1.21262
1.19862
1.18949
1.18742
1.19243
1.20223
1.21318
1.22165
1.22514
1.22319
1.21722
1.20991
1.20418
1.20224
1.20492
1.21179
1.2215
1.23233
1.24292
1.25232
1.25988
1.26491
1.26659
1.26383
1.25553
1.24088
1.21969
1.19285
1.1626
1.13262
1.1079
1.09347
1.09209
1.10212
1.11854
1.1357
1.14984
1.15979
1.16643
1.17185
1.17823
1.18688
1.1975
1.20816
1.2164
1.22043
1.21986
1.2156
1.20904
1.20157
1.1946
1.18963
1.18854
1.1935
1.20632
1.22757
1.25574
1.28727
1.31747
1.34198
1.35759
1.3626
1.35639
1.33906
1.31111
1.27368
1.22895
1.18046
1.13305
1.09171
1.06016
1.03983
1.03009
1.0295
1.03667
1.05044
1.06923
1.09055
1.11128
1.12873
1.14155
1.15005
1.15554
1.1596
1.16359
1.16861
1.17561
1.18508
1.19672
1.20911
1.22007
1.22735
1.22929
1.2254
1.21686
1.20672
1.19924
1.1982
1.20505
1.2186
1.23588
1.2535
1.26849
1.27893
1.28419
1.28477
1.28185
1.27648
1.26923
1.25993
1.24818
1.23378
1.21741
1.20124
1.18883
1.18398
1.18871
1.20155
1.21794
1.23247
1.24108
1.24223
1.23688
1.22763
1.21735
1.20839
1.20195
1.19816
1.19658
1.19662
1.19749
1.19814
1.19699
1.19229
1.18269
1.1681
1.15026
1.13237
1.11803
1.11007
1.10931
1.11449
1.12284
1.1311
1.13673
1.1388
1.13815
1.13689
1.13734
1.14092
1.14782
1.15729
1.1684
1.18073
1.19433
1.20963
1.22701
1.24666
1.2684
1.29161
1.31519
1.33742
1.35604
1.36842
1.37227
1.36643
1.35145
1.32934
1.30289
1.2748
1.24714
1.22148
1.19905
1.18091
1.16788
1.15981
1.15516
1.15106
1.14427
1.13246
1.11544
1.09545
1.07644
1.06279
1.0575
1.06084
1.07043
1.0825
1.09363
1.10203
1.10766
1.11164
1.11546
1.12045
1.12774
1.13818
1.15233
1.16995
1.18959
1.20866
1.2244
1.23481
1.23971
1.24073
1.24042
1.24133
1.24521
1.25288
1.26418
1.27782
1.29143
1.30202
1.30672
1.30391
1.29388
1.27889
1.26218
1.24621
1.23155
1.21732
1.20246
1.18685
1.17162
1.15868
1.15011
1.14758
1.15222
1.16401
1.18162
1.20247
1.22362
1.24262
1.25815
1.26993
1.27808
1.28221
1.28086
1.2721
1.25469
1.2291
1.19775
1.16447
1.13364
1.10972
1.09648
1.09615
1.10851
1.13064
1.15767
1.18409
1.20502
1.21736
1.22004
1.21389
1.20123
1.18545
1.17028
1.15954
1.15648
1.16291
1.17851
1.20078
1.22576
1.24909
1.26705
1.27699
1.27758
1.26867
1.25128
1.2277
1.20131
1.17624
1.1568
1.14647
1.14693
1.15762
1.17602
1.1985
1.22125
1.24108
1.25557
1.26312
1.26305
1.25584
1.24313
1.22751
1.21181
1.19825
1.18795
1.18095
1.17659
1.1743
1.17395
1.17588
1.18051
1.18779
1.19679
1.20591
1.21368
1.21904
1.22129
1.2203
1.21633
1.21011
1.2029
1.19613
1.19111
1.18859
1.18853
1.18996
1.19128
1.19091
1.18811
1.18394
1.18111
1.18205
1.18696
1.19328
1.19748
1.19721
1.19224
1.184
1.175
1.16797
1.16517
1.16779
1.17548
1.18672
1.19953
1.21216
1.22347
1.23322
1.24217
1.25176
1.26332
1.27741
1.29335
1.30944
1.32347
1.3332
1.33683
1.33323
1.32203
1.30366
1.27929
1.25088
1.22072
1.19095
1.16322
1.1386
1.11767
1.10096
1.08919
1.08333
1.08454
1.09354
1.11016
1.13284
1.15866
1.18395
1.20534
1.22071
1.22943
1.23238
1.23132
1.2283
1.2249
1.22183
1.21892
1.21542
1.2104
1.20353
1.19536
1.18746
1.18211
1.18136
1.18608
1.19545
1.20723
1.21835
1.22596
1.22842
1.22587
1.22005
1.21347
1.20811
1.2043
1.20071
1.19483
1.18435
1.1685
1.14847
1.12752
1.11008
1.10013
1.09985
1.10902
1.12576
1.14731
1.17106
1.19473
1.21645
1.23468
1.24814
1.25589
1.25703
1.25081
1.23693
1.21643
1.19242
1.16931
1.15149
1.14202
1.14189
1.15023
1.16493
1.18339
1.20296
1.22118
1.23612
1.24662
1.25262
1.25483
1.25413
1.25131
1.24704
1.24213
1.2377
1.23485
1.23419
1.23546
1.2375
1.23877
1.23774
1.23342
1.22569
1.21551
1.20504
1.19694
1.19332
1.19479
1.20017
1.20715
1.21335
1.21743
1.21913
1.21924
1.21884
1.21861
1.21808
1.21573
1.20988
1.19967
1.18572
1.17014
1.15579
1.14507
1.13907
1.13722
1.13776
1.13878
1.13916
1.13901
1.13956
1.14267
1.14991
1.16196
1.17852
1.19865
1.22098
1.24387
1.26522
1.28256
1.29345
1.29586
1.28882
1.27247
1.24841
1.21936
1.18922
1.16253
1.14374
1.13614
1.14108
1.15747
1.18215
1.21075
1.23883
1.26249
1.27862
1.28523
1.28144
1.26766
1.24548
1.21751
1.18668
1.15584
1.12737
1.10308
1.08438
1.07265
1.06926
1.07531
1.09086
1.11418
1.142
1.17036
1.19568
1.21537
1.22775
1.23197
1.22809
1.21701
1.2008
1.18306
1.16839
1.16101
1.16337
1.17511
1.19373
1.21595
1.2387
1.2595
1.27658
1.28901
1.29653
1.2991
1.29646
1.28796
1.27319
1.25251
1.22738
1.20019
1.17371
1.1502
1.13099
1.11641
1.10628
1.10066
1.10015
1.10587
1.1186
1.13742
1.15957
1.1815
1.20056
1.21566
1.22702
1.23523
1.24074
1.24345
1.24301
1.23967
1.23435
1.22863
1.22402
1.22159
1.22161
1.22374
1.22734
1.23147
1.23509
1.2371
1.23656
1.2331
1.22705
1.21946
1.21166
1.20495
1.20018
1.19754
1.19663
1.19675
1.19739
1.19843
1.19998
1.20197
1.20389
1.20514
1.20532
1.20455
1.20309
1.20061
1.19572
1.18677
1.17324
1.15688
1.14171
1.13272
1.13369
1.14515
1.16423
1.18606
1.20594
1.22063
1.22858
1.22969
1.22484
1.21546
1.20333
1.18999
1.17659
1.16369
1.15128
1.13909
1.12682
1.11437
1.10176
1.08924
1.0778
1.06931
1.06658
1.07211
1.0868
1.10914
1.13559
1.16157
1.18294
1.19707
1.20355
1.20394
1.20138
1.19917
1.19985
1.2048
1.21487
1.23072
1.25253
1.27916
1.30794
1.33547
1.35864
1.37503
1.38303
1.38167
1.37086
1.35159
1.32571
1.29588
1.26507
1.23631
1.21187
1.19263
1.17787
1.16555
1.15347
1.14055
1.1277
1.11752
1.11252
1.11373
1.12037
1.13052
1.14198
1.15296
1.16258
1.17085
1.17824
1.18507
1.19134
1.19676
1.20089
1.20363
1.20528
1.20633
1.20739
1.20888
1.21124
1.21495
1.22038
1.22753
1.23567
1.24345
1.24918
1.25157
1.24996
1.24457
1.23647
1.22761
1.22051
1.21759
1.22001
1.22685
1.23532
1.24162
1.24251
1.23604
1.22196
1.20146
1.17684
1.15088
1.12676
1.10772
1.09655
1.09498
1.10341
1.12089
1.14539
1.17414
1.20419
1.23276
1.25753
1.27679
1.28962
1.29596
1.29678
1.29398
1.28986
1.28627
1.28365
1.28086
1.27536
1.26462
1.24726
1.22399
1.19779
1.1734
1.15562
1.14748
1.14895
1.15701
1.16701
1.17457
1.17679
1.17271
1.1635
1.15191
1.14171
1.13661
1.13905
1.14893
1.16343
1.17813
1.18911
1.19466
1.19578
1.19533
1.19606
1.19955
1.20577
1.21375
1.22239
1.23104
1.23927
1.24672
1.25278
1.25686
1.25875
1.25909
1.25907
1.25985
1.26147
1.26262
1.26089
1.25414
1.24158
1.22406
1.20381
1.18337
1.16472
1.1488
1.13571
1.1252
1.11697
1.11098
1.1072
1.10549
1.10572
1.10798
1.11234
1.11831
1.12456
1.12971
1.13362
1.13766
1.14392
1.15407
1.16842
1.18568
1.20335
1.21866
1.22955
1.23518
1.23594
1.23301
1.22802
1.22303
1.21995
1.22002
1.22324
1.22846
1.23397
1.23827
1.24078
1.24191
1.24268
1.244
1.24606
1.24808
1.24873
1.24689
1.24209
1.23486
1.2265
1.21846
1.21175
1.2068
1.20368
1.20251
1.2035
1.20719
1.21429
1.22515
1.23931
1.25532
1.27116
1.28473
1.29412
1.29786
1.29502
1.28556
1.27036
1.251
1.22955
1.20821
1.18882
1.17261
1.1596
1.14884
1.13887
1.12854
1.11732
1.10539
1.09334
1.08213
1.07308
1.06774
1.06769
1.07432
1.08843
1.10966
1.13625
1.1653
1.19341
1.21745
1.23546
1.24716
1.25431
1.25987
1.26616
1.27333
1.27959
1.2828
1.28185
1.27701
1.26952
1.26094
1.25243
1.2447
1.23795
1.23198
1.22619
1.21979
1.2123
1.20402
1.19617
1.19053
1.1885
1.19055
1.19595
1.2032
1.21049
1.21596
1.21814
1.21609
1.20949
1.19867
1.18428
1.16703
1.14811
1.12949
1.11407
1.10519
1.10522
1.11435
1.13047
1.14992
1.16885
1.18434
1.19498
1.20109
1.20451
1.20775
1.21308
1.22189
1.23442
1.24962
1.26545
1.27966
1.29044
1.2966
1.29787
1.29443
1.28671
1.27523
1.2607
1.24408
1.2266
1.20941
1.1932
1.17795
1.16282
1.14663
1.12877
1.10962
1.09059
1.0735
1.0602
1.05262
1.05287
1.06268
1.08217
1.10911
1.1397
1.1706
1.20035
1.22933
1.25864
1.28862
1.3181
1.34434
1.36373
1.37277
1.36907
1.3522
1.32372
1.28698
1.24655
1.20742
1.1742
1.15057
1.13872
1.13916
1.15063
1.17032
1.19431
1.21823
1.23784
1.24939
1.25024
1.23932
1.21756
1.18819
1.15639
1.12832
1.1094
1.10264
1.10748
1.12017
1.13533
1.14816
1.15589
1.15812
1.15668
1.15461
1.15508
1.16045
1.17161
1.18817
1.20887
1.23205
1.25608
1.27953
1.3009
1.31853
1.33065
1.33546
1.33173
1.31932
1.29947
1.27463
1.24816
1.22347
1.2034
1.18946
1.18189
1.17946
1.17983
1.18035
1.17912
1.17551
1.17028
1.16492
1.16067
1.15795
1.1562
1.15435
1.15177
1.14854
1.14506
1.14136
1.13685
1.13087
1.124
1.11877
1.11868
1.12597
1.14036
1.15998
1.18281
1.20736
1.23227
1.25585
1.27587
1.28994
1.29607
1.29318
1.28131
1.26166
1.2362
1.20735
1.17748
1.14868
1.12303
1.10286
1.09079
1.08918
1.09942
1.12093
1.15053
1.18303
1.21271
1.23481
1.24644
1.24659
1.23587
1.21628
1.191
1.16453
1.14217
1.12915
1.1291
1.14229
1.16546
1.19324
1.22068
1.24453
1.26314
1.27534
1.28004
1.27676
1.26637
1.2511
1.23369
1.21649
1.20076
1.18662
1.17395
1.16392
1.15977
1.16486
1.17898
1.19707
1.21251
1.22096
1.22134
1.2147
1.20284
1.18753
1.17027
1.15244
1.13533
1.12012
1.10789
1.09976
1.09692
1.10042
1.11078
1.1274
1.14835
1.17071
1.19167
1.20919
1.22251
1.23189
1.23812
1.2419
1.24344
1.24241
1.23834
1.23101
1.22082
1.20874
1.1963
1.18555
1.17862
1.17745
1.18321
1.19598
1.21455
1.23657
1.25915
1.27935
1.29474
1.30341
1.30413
1.29662
1.28172
1.26181
1.24025
1.2205
1.20509
1.19456
1.18766
1.18205
1.17532
1.1659
1.1533
1.13789
1.12073
1.10317
1.08671
1.073
1.06389
1.06106
1.06555
1.07727
1.0951
1.11719
1.14138
1.16564
1.18842
1.2089
1.2269
1.24291
1.25759
1.2712
1.28296
1.29085
1.29231
1.28516
1.26833
1.24247
1.21013
1.17585
1.1458
1.12651
1.12302
1.13677
1.16483
1.20059
1.23608
1.26432
1.28101
1.28495
1.27746
1.26162
1.24098
1.21917
1.19926
1.18356
1.17335
1.16883
1.16929
1.17332
1.17923
1.18554
1.19119
1.19565
1.19871
1.20026
1.2004
1.19973
1.19952
1.20135
1.20647
1.21508
1.22638
1.23897
1.25116
1.26112
1.26695
1.26722
1.26121
1.24927
1.23301
1.2152
1.19899
1.18716
1.18155
1.18268
1.19009
1.20261
1.21856
1.23576
1.25179
1.26435
1.27151
1.27205
1.26558
1.25276
1.2353
1.21551
1.19563
1.17715
1.1607
1.14631
1.13463
1.1273
1.12659
1.13412
1.14935
1.16933
1.18981
1.20708
1.21926
1.22662
1.23084
1.23394
1.23726
1.24116
1.24505
1.24787
1.24844
1.24563
1.23879
1.22795
1.21382
1.19757
1.18047
1.16371
1.1483
1.13512
1.12493
1.11831
1.11557
1.11709
1.12339
1.13505
1.1521
1.17323
1.19597
1.21756
1.23585
1.24937
1.25723
1.25905
1.25484
1.245
1.23023
1.2113
1.18918
1.16555
1.14309
1.12508
1.11447
1.11301
1.12088
1.13658
1.15752
1.18075
1.20345
1.22324
1.23842
1.24798
1.25196
1.25139
1.24799
1.24369
1.23986
1.2372
1.2359
1.2361
1.23782
1.2405
1.24298
1.24373
1.24125
1.23451
1.22304
1.20715
1.18816
1.16845
1.15121
1.13965
1.13612
1.14116
1.1534
1.17014
1.18831
1.20528
1.2192
1.22893
1.23388
1.23402
1.22971
1.22191
1.21238
1.20347
1.19752
1.19593
1.19867
1.20437
1.21099
1.21654
1.21944
1.21889
1.21463
1.20702
1.19662
1.184
1.16979
1.15498
1.14135
1.1314
1.1277
1.13174
1.14329
1.1602
1.17947
1.19838
1.21536
1.23022
1.24342
1.25554
1.26681
1.27672
1.28405
1.28721
1.28462
1.27529
1.25913
1.2372
1.21163
1.18535
1.16157
1.14334
1.13297
1.13153
1.1386
1.15232
1.16991
1.18818
1.20425
1.21596
1.22223
1.22329
1.22041
1.21548
1.21032
1.20626
1.2038
1.20302
1.20379
1.20603
1.20972
1.21496
1.22172
1.22942
1.23681
1.24166
1.24148
1.2339
1.21768
1.19338
1.16373
1.13357
1.10871
1.09419
1.09264
1.10343
1.12313
1.14662
1.16857
1.18457
1.19207
1.19088
1.18334
1.17393
1.16814
1.17036
1.18205
1.20143
1.225
1.24909
1.27137
1.29107
1.30867
1.32511
1.34084
1.35508
1.36586
1.37066
1.36724
1.3541
1.33088
1.29837
1.25834
1.21338
1.1666
1.12115
1.07998
1.04533
1.01877
1.00124
0.993202
0.994715
1.00529
1.02375
1.04856
1.07822
1.11137
1.14657
1.18196
1.21517
1.24365
1.26506
1.27767
1.28049
1.27374
1.25926
1.24047
1.22207
1.20826
1.20099
1.19963
1.20208
1.20662
1.21271
1.22079
1.23145
1.24478
1.26001
1.27559
1.28951
1.29978
1.30509
1.30546
1.30205
1.296
1.28732
1.27444
1.2557
1.23105
1.20258
1.17394
1.14939
1.13244
1.12491
1.12673
1.13663
1.15296
1.17407
1.19813
1.2227
1.24471
1.26064
1.2677
1.26466
1.25223
1.23287
1.21021
1.1883
1.17079
1.16019
1.15747
1.16189
1.17162
1.18474
1.19962
1.21487
1.22899
1.24017
1.24652
1.24669
1.24009
1.22712
1.20897
1.18742
1.1646
1.14302
1.12559
1.11519
1.11419
1.12388
1.14418
1.17339
1.20832
1.24461
1.27738
1.30209
1.3156
1.31669
1.30599
1.28545
1.25794
1.22676
1.19534
1.16699
1.14464
1.13059
1.12614
1.13124
1.14442
1.16289
1.1831
1.20139
1.21486
1.22194
1.22246
1.2176
1.20935
1.19994
1.19168
1.18676
1.18703
1.19352
1.20586
1.22208
1.23916
1.25409
1.26479
1.27058
1.27192
1.26966
1.26428
1.25568
1.24356
1.22778
1.20911
1.18919
1.17049
1.15589
1.14756
1.14611
1.1502
1.15676
1.16187
1.16219
1.15611
1.14458
1.13111
1.12055
1.11669
1.12058
1.13081
1.14524
1.16207
1.17997
1.1979
1.21504
1.23068
1.24403
1.25432
1.26077
1.26275
1.26008
1.253
1.24227
1.22879
1.21352
1.19738
1.18141
1.1668
1.1547
1.14567
1.13941
1.13491
1.13117
1.128
1.12628
1.12783
1.13462
1.14804
1.16834
1.1944
1.22378
1.25303
1.27826
1.29577
1.30286
1.29864
1.28431
1.26309
1.23915
1.2165
1.19776
1.18363
1.17311
1.16442
1.15608
1.14764
1.14019
1.13591
1.13709
1.14495
1.15893
1.17648
1.19403
1.2083
1.21742
1.22158
1.22253
1.2228
1.22494
1.231
1.24214
1.258
1.27638
1.29379
1.30675
1.31284
1.31153
1.304
1.29246
1.27956
1.26752
1.25758
1.24965
1.24257
1.23475
1.22475
1.2116
1.19486
1.17488
1.15265
1.12959
1.10727
1.08783
1.07448
1.07176
1.08408
1.11305
1.15552
1.2045
1.25169
1.29005
1.31494
1.32402
1.3171
1.29573
1.26313
1.2241
1.18438
1.14997
1.12576
1.11411
1.11435
1.12328
1.13654
1.15012
1.16148
1.16961
1.17468
1.17747
1.179
1.18043
1.18271
1.18616
1.19034
1.194
1.19574
1.19431
1.18918
1.1811
1.17248
1.16675
1.16721
1.1755
1.19075
1.20994
1.22889
1.24364
1.25159
1.25199
1.24614
1.23702
1.22861
1.22471
1.22786
1.23865
1.25587
1.27678
1.29785
1.31533
1.32612
1.32852
1.32236
1.30845
1.28786
1.2612
1.22917
1.19346
1.15725
1.12467
1.09966
1.08478
1.08051
1.08547
1.09704
1.11233
1.12883
1.14478
1.15912
1.17148
1.18193
1.19059
1.19721
1.20108
1.20143
1.19807
1.19198
1.1855
1.18174
1.18342
1.19199
1.2069
1.22585
1.2455
1.26206
1.27209
1.27317
1.26453
1.24737
1.22453
1.19982
1.17711
1.15938
1.14827
1.14365
1.14394
1.14709
1.15181
1.15829
1.16776
1.18128
1.19822
1.21607
1.23165
1.24262
1.2484
1.2501
1.24971
1.24884
1.24833
1.24834
1.2487
1.24888
1.24789
1.24467
1.23831
1.22847
1.21567
1.20123
1.18701
1.17513
1.16721
1.16362
1.16344
1.16489
1.16607
1.16543
1.16221
1.15679
1.15072
1.14608
1.14508
1.14929
1.15916
1.17391
1.19204
1.2121
1.23331
1.25568
1.27952
1.30428
1.32795
1.34718
1.35837
1.35905
1.34842
1.32741
1.2981
1.26314
1.22546
1.18798
1.1532
1.12285
1.0975
1.07683
1.06015
1.04721
1.03813
1.03323
1.03277
1.03703
1.04635
1.06107
1.08114
1.10577
1.13342
1.16217
1.19013
1.21555
1.23688
1.25276
1.26207
1.26418
1.25923
1.2484
1.23385
1.21853
1.20545
1.19705
1.19453
1.19761
1.20485
1.21436
1.22465
1.23526
1.2465
1.25889
1.27223
1.28501
1.29498
1.29975
1.29789
1.28894
1.27336
1.25203
1.22619
1.1976
1.16885
1.14325
1.12427
1.11432
1.11384
1.12122
1.13366
1.14848
1.16398
1.17981
1.19655
1.215
1.23521
1.25605
1.2754
1.29086
1.30027
1.30244
1.29716
1.28531
1.26847
1.24838
1.2265
1.20371
1.18036
1.15683
1.13397
1.11364
1.0983
1.08999
1.08944
1.09565
1.10636
1.11906
1.13194
1.14424
1.15583
1.16646
1.17523
1.18091
1.18265
1.18027
1.17444
1.16642
1.15809
1.15185
1.15021
1.15509
1.16722
1.18593
1.20943
1.23548
1.26153
1.28495
1.30305
1.31314
1.31293
1.30113
1.27804
1.24589
1.20867
1.17145
1.13928
1.11627
1.10484
1.10548
1.11684
1.13602
1.15906
1.18168
1.19983
1.21065
1.21303
1.20771
1.19675
1.1828
1.1682
1.15467
1.14329
1.13498
1.13056
1.13061
1.13528
1.14395
1.15532
1.16776
1.18
1.19121
1.20108
1.20977
1.21785
1.22612
1.23549
1.24642
1.2588
1.27178
1.28417
1.29467
1.30188
1.30421
1.30003
1.28819
1.26858
1.24248
1.21244
1.18193
1.15488
1.13486
1.12393
1.12225
1.12819
1.13909
1.1525
1.16687
1.18196
1.19806
1.21533
1.23287
1.24868
1.26049
1.26685
1.26789
1.26546
1.26253
1.26194
1.26529
1.27231
1.28085
1.28761
1.28923
1.28326
1.26877
1.24652
1.21865
1.1881
1.15797
1.13122
1.11037
1.09723
1.09246
1.09522
1.10338
1.11409
1.12455
1.13258
1.13698
1.13735
1.13423
1.12901
1.12372
1.12062
1.12165
1.12777
1.13866
1.15305
1.16927
1.18561
1.20071
1.21349
1.22342
1.23045
1.23492
1.237
1.23623
1.23178
1.22317
1.21113
1.19774
1.18568
1.17687
1.17168
1.16939
1.16934
1.1716
1.17697
1.18627
1.19958
1.21592
1.23322
1.2488
1.2599
1.26441
1.26144
1.25164
1.23705
1.22048
1.2048
1.19213
1.18336
1.17798
1.17443
1.17118
1.16788
1.16529
1.16446
1.16572
1.16863
1.1723
1.17603
1.17952
1.18262
1.18496
1.18594
1.18488
1.1815
1.17625
1.17012
1.16437
1.16012
1.15813
1.15862
1.16126
1.16526
1.16949
1.17278
1.17439
1.17433
1.17369
1.17442
1.17841
1.18666
1.19849
1.21204
1.22512
1.23577
1.24259
1.24474
1.24225
1.23609
1.22803
1.22018
1.21439
1.2118
1.21258
1.21606
1.22102
1.22598
1.22954
1.2306
1.22843
1.22283
1.21403
1.20274
1.19064
1.1804
1.17509
1.17641
1.1834
1.19269
1.20022
1.20311
1.2011
1.19674
1.19412
1.1966
1.20494
1.21726
1.23022
1.24073
1.24679
1.2476
1.24315
1.23388
1.22066
1.20502
1.18918
1.17598
1.16789
1.16594
1.16895
1.1741
1.17815
1.17884
1.1757
1.16989
1.16384
1.16022
1.16112
1.16733
1.17809
1.19141
1.20464
1.21506
1.22045
1.21971
1.21321
1.20281
1.19131
1.18142
1.17483
1.1715
1.16973
1.1669
1.16076
1.15046
1.13703
1.12333
1.11291
1.10879
1.11228
1.12272
1.13802
1.1554
1.17225
1.18653
1.19736
1.20503
1.21078
1.21617
1.22243
1.23001
1.23847
1.24692
1.25438
1.26
1.26337
1.26421
1.26238
1.25768
1.24988
1.23913
1.22624
1.21293
1.2016
1.19457
1.19318
1.19714
1.20476
1.2136
1.22144
1.22698
1.22994
1.23063
1.22931
1.22599
1.22039
1.21216
1.20108
1.18728
1.17143
1.15477
1.13904
1.12618
1.11783
1.11502
1.11818
1.12724
1.14163
1.16034
1.18182
1.20414
1.22528
1.24354
1.25758
1.26623
1.26849
1.26394
1.25316
1.23783
1.22045
1.2038
1.1902
1.18072
1.17471
1.17074
1.1679
1.16623
1.1663
1.16831
1.17188
1.17627
1.18089
1.18549
1.19011
1.19478
1.19957
1.20457
1.20999
1.21616
1.2234
1.23153
1.23964
1.24608
1.24914
1.24747
1.24069
1.22963
1.21623
1.20308
1.19239
1.18549
1.18266
1.18333
1.18642
1.19055
1.19391
1.19486
1.19214
1.18506
1.17381
1.15913
1.14225
1.1248
1.10871
1.09599
1.08871
1.08869
1.09698
1.11344
1.13649
1.1635
1.19132
1.21702
1.23854
1.25508
1.26681
1.27454
1.279
1.28071
1.27981
1.27629
1.27026
1.26246
1.25467
1.24968
1.24981
1.25516
1.2634
1.27143
1.27696
1.27875
1.27642
1.27016
1.26096
1.25041
1.24012
1.23104
1.22327
1.21639
1.20987
1.2036
1.19753
1.19109
1.18346
1.17388
1.16249
1.15044
1.13966
1.13217
1.12969
1.13312
1.14226
1.15561
1.17067
1.18452
1.19454
1.19906
1.19766
1.19121
1.18154
1.1712
1.16332
1.16116
1.16718
1.18197
1.20381
1.22886
1.25213
1.26846
1.27371
1.26542
1.24363
1.21118
1.1734
1.13695
1.10793
1.09032
1.08491
1.08966
1.1012
1.11621
1.13224
1.14787
1.16237
1.17555
1.18785
1.20034
1.21465
1.23233
1.25385
1.27803
1.30213
1.32285
1.33731
1.3437
1.34162
1.33197
1.31621
1.29584
1.27195
1.2453
1.21655
1.18652
1.15623
1.12711
1.10077
1.0791
1.06399
1.05671
1.05768
1.06651
1.08232
1.1038
1.1291
1.15574
1.18099
1.20206
1.2167
1.22335
1.22145
1.21199
1.19775
1.18285
1.17096
1.16404
1.16261
1.16688
1.17746
1.19478
1.21807
1.24473
1.27054
1.29075
1.30126
1.29966
1.28602
1.26299
1.23538
1.20872
1.18777
1.17532
1.17195
1.17627
1.1854
1.19597
1.20502
1.21058
1.21194
1.20965
1.20501
1.19983
1.19591
1.19453
1.19606
1.19989
1.20504
1.21087
1.2173
1.22464
1.23321
1.24272
1.25238
1.261
1.26715
1.26936
1.26618
1.25602
1.23761
1.21043
1.17553
1.13627
1.09807
1.06717
1.04827
1.04298
1.04955
1.06437
1.08339
1.10338
1.12241
1.13977
1.1557
1.17082
1.18565
1.2001
1.21339
1.22409
1.23075
1.2326
1.22991
1.22404
1.21671
1.20935
1.20276
1.1975
1.19441
1.19483
1.20031
1.21175
1.22882
1.24977
1.27186
1.29199
1.3075
1.31658
1.31849
1.31328
1.3017
1.28483
1.26399
1.24078
1.21693
1.1941
1.17395
1.15836
1.14902
1.1466
1.14975
1.15531
1.15952
1.15955
1.15452
1.14549
1.13475
1.12522
1.1198
1.12084
1.12961
1.14609
1.16927
1.19746
1.22861
1.26003
1.28845
1.31063
1.32401
1.32701
1.31924
1.30133
1.27515
1.24388
1.2116
1.18216
1.1579
1.13915
1.12504
1.11437
1.10641
1.10126
1.10009
1.10452
1.11601
1.13501
1.1604
1.18962
1.21928
1.24585
1.26615
1.27788
1.27996
1.27292
1.25899
1.24155
1.2239
1.20814
1.19477
1.18329
1.17296
1.16308
1.15347
1.14482
1.13888
1.138
1.14386
1.15655
1.1743
1.19419
1.21309
1.22847
1.23893
1.24439
1.24607
1.24602
1.24614
1.24762
1.25002
1.25157
1.24994
1.24316
1.2306
1.2132
1.19314
1.173
1.15505
1.14097
1.1319
1.12844
1.1305
1.13755
1.14858
1.16245
1.17805
1.19445
1.21078
1.22608
1.23921
1.24895
1.25411
1.25427
1.24988
1.24222
1.23301
1.2237
1.21534
1.20857
1.20381
1.20163
1.20277
1.20779
1.21673
1.22864
1.24132
1.25178
1.25679
1.2538
1.24181
1.22182
1.1967
1.17052
1.14722
1.12936
1.11752
1.11063
1.10685
1.10448
1.10259
1.10124
1.10138
1.10477
1.11294
1.12657
1.14484
1.16571
1.18677
1.20596
1.22199
1.23415
1.24222
1.24598
1.24538
1.24088
1.23385
1.22671
1.22238
1.22354
1.23173
1.24686
1.26747
1.29142
1.31649
1.34053
1.3613
1.37612
1.38217
1.37705
1.35949
1.3299
1.29052
1.24524
1.19888
1.15648
1.12261
1.10062
1.09205
1.0961
1.10988
1.12883
1.14779
1.16218
1.16882
1.16606
1.15375
1.13358
1.11015
1.09132
1.0852
1.09461
1.11489
1.13785
1.1571
1.16981
1.17605
1.17744
1.17641
1.17573
1.17777
1.18385
1.19387
1.20667
1.22095
1.23589
1.25089
1.26469
1.27472
1.27776
1.27141
1.25531
1.23088
1.20107
1.16942
1.13953
1.11449
1.09668
1.08766
1.0882
1.0983
1.11702
1.14225
1.17086
1.19924
1.2242
1.24389
1.25784
1.26669
1.27154
1.27322
1.27199
1.26756
1.25955
1.24785
1.23308
1.21665
1.20075
1.18807
1.18082
1.18009
1.18519
1.19399
1.20412
1.21424
1.22436
1.23523
1.24712
1.25894
1.26875
1.27455
1.27481
1.26869
1.25603
1.2374
1.21421
1.18844
1.1623
1.13779
1.11643
1.09934
1.08772
1.08294
1.0862
1.09759
1.11574
1.13804
1.1619
1.18538
1.20756
1.22806
1.24671
1.26317
1.27714
1.28841
1.29718
1.30393
1.30913
1.3126
1.31332
1.30931
1.298
1.2771
1.24554
1.20417
1.15601
1.10623
1.06138
1.02803
1.01068
1.01022
1.02392
1.04711
1.07511
1.10449
1.13309
1.15966
1.18339
1.20379
1.22052
1.23375
1.24414
1.25269
1.26024
1.2671
1.27289
