1 80.95
2 96.16
3 87.51
4 88.8
5 119.84
6 118.99
7 83.56
8 109.79
9 85.07
10 131.74
11 98.13
12 91.65
13 83.96
14 97.97
15 111.55
16 120.77
17 100.93
18 104.17
19 95.33
20 105.03
21 92.45
22 76.53
23 70.37
24 93.61
25 92.36
26 120.1
27 102.21
28 98.16
29 105.89
30 82.45
31 100.93
32 96
33 106.55
34 89.82
35 100.49
36 106.78
37 89.51
38 111.44
39 111.89
40 121.81
41 115.7
42 90.58
43 111.88
44 123.45
45 90.2
46 109.96
47 91.81
48 120.06
49 77.12
50 78.27
51 109.74
52 102.27
53 100.89
54 97.15
55 112.54
56 94.3
57 96.68
58 68.97
59 95.93
60 79.84
61 102.01
62 88.49
63 100.88
64 104.13
65 106.73
66 116.95
67 117.21
68 106.71
69 107.8
70 120.43
71 124.87
72 93.86
73 98.58
74 119.85
75 84.7
76 86.61
77 107.43
78 90.16
79 83.36
80 87.38
81 74.95
82 91.31
83 126.14
84 117.02
85 100.05
86 104.66
87 95.87
88 105.07
89 104.42
90 109.07
91 91.58
92 103.97
93 105.72
94 104.95
95 81.6
96 86.27
97 138.44
98 86.69
99 123.56
100 102.28
