0 3.13954 0
1000000 3.14495 0.00541597
2000000 3.14658 0.00352272
3000000 3.14612 0.00253328
4000000 3.14598 0.00196714
5000000 3.1461 0.00161117
6000000 3.14512 0.00167815
7000000 3.14368 0.00204483
8000000 3.1437 0.00180341
9000000 3.14337 0.00164616
10000000 3.14302 0.00152843
11000000 3.14339 0.00144317
12000000 3.14335 0.00132826
13000000 3.14276 0.00136118
14000000 3.14262 0.0012755
15000000 3.14297 0.00124311
16000000 3.14281 0.00117761
17000000 3.14302 0.00112865
18000000 3.14328 0.00109994
19000000 3.14316 0.00105103
20000000 3.14313 0.00100012
21000000 3.14302 0.000959571
22000000 3.14311 0.00092128
23000000 3.1431 0.000882157
24000000 3.14269 0.000939484
25000000 3.14277 0.000906593
26000000 3.14275 0.000872782
27000000 3.14286 0.000847828
28000000 3.14279 0.00082066
29000000 3.14275 0.000793825
30000000 3.14315 0.000865488
31000000 3.14309 0.000840301
32000000 3.14316 0.000817643
33000000 3.14332 0.000809136
34000000 3.14328 0.000786617
35000000 3.14333 0.000766141
36000000 3.14327 0.000747562
37000000 3.14333 0.000730148
38000000 3.14328 0.000712904
39000000 3.14326 0.000695212
40000000 3.14323 0.000678877
41000000 3.14306 0.000682781
42000000 3.14289 0.000688566
43000000 3.1428 0.00067846
44000000 3.14273 0.00066684
45000000 3.14274 0.000652195
46000000 3.14283 0.000645381
47000000 3.14271 0.000644441
48000000 3.14285 0.000647725
49000000 3.14283 0.000634966
50000000 3.14285 0.000622794
51000000 3.14303 0.000636609
52000000 3.14288 0.000641879
53000000 3.14294 0.000632343
54000000 3.14296 0.000621117
55000000 3.14281 0.000628068
56000000 3.1428 0.000617008
57000000 3.14268 0.000617849
58000000 3.14267 0.000607409
59000000 3.14262 0.000599469
60000000 3.14245 0.000612739
61000000 3.14239 0.000606123
62000000 3.14255 0.000617296
63000000 3.14248 0.000611799
64000000 3.1425 0.000602584
65000000 3.14249 0.000593454
66000000 3.14251 0.000584979
67000000 3.14243 0.000581968
68000000 3.14241 0.00057385
69000000 3.14258 0.000590442
70000000 3.14257 0.000582096
71000000 3.14245 0.000586648
72000000 3.14242 0.000579226
73000000 3.14237 0.000573348
74000000 3.14237 0.000565653
75000000 3.14233 0.000559496
76000000 3.14224 0.000559828
77000000 3.14224 0.000552605
78000000 3.1423 0.000548452
79000000 3.14238 0.000547117
80000000 3.14233 0.000542355
81000000 3.14241 0.000541298
82000000 3.14241 0.000534779
83000000 3.14259 0.00055618
84000000 3.14253 0.000552738
85000000 3.14252 0.000546344
86000000 3.14265 0.000555064
87000000 3.14257 0.000553458
88000000 3.14264 0.000551258
89000000 3.14248 0.000568985
90000000 3.1424 0.000568313
91000000 3.14247 0.000567122
92000000 3.14245 0.000561348
93000000 3.14241 0.000557226
94000000 3.14245 0.000552812
95000000 3.1425 0.000549301
96000000 3.14249 0.000543625
97000000 3.14248 0.000538349
98000000 3.14246 0.000533237
99000000 3.14247 0.000527946
