32.4914
30.7854
30.0412
27.5852
26.8477
26.8477
25.0263
24.3292
21.3741
19.9803
19.9803
19.9803
19.9803
19.6114
18.8
18.8
18.5815
18.0512
17.5816
17.5816
17.5556
17.5256
17.5256
17.5256
17.116
17.116
16.4248
15.5071
15.5071
15.5071
15.5071
15.4322
15.3646
15.3646
15.207
15.2054
13.9454
13.806
13.806
13.806
13.806
13.6111
13.1709
12.972
12.9298
12.5559
12.5559
12.5559
12.3603
12.159
12.3527
12.3603
12.2992
12.2992
12.1484
12.1484
12.1484
12.1484
12.0072
12.0072
11.0619
10.5669
10.5669
10.5669
10.5669
10.5669
10.5669
10.5669
10.5669
10.5669
10.5659
10.5659
10.5659
10.5433
10.518
10.1224
10.0745
10.0743
10.0735
10.0618
10.0735
10.0618
10.0618
10.0094
10.0084
10.0084
10.0084
9.99648
9.99648
9.99648
9.99648
9.99648
9.99648
9.99567
9.99567
9.74925
9.73178
9.73178
9.73076
9.73076
9.73076
8.42861
8.42861
8.42861
7.7257
7.94764
7.9474
7.93475
7.93475
7.7257
7.7257
7.7257
7.7257
7.7257
7.7257
7.71281
7.71281
7.71281
7.71281
7.71281
7.71281
7.71281
7.71281
7.71281
7.71281
7.71281
7.71281
7.68479
7.37584
7.37584
7.37584
6.74057
6.74057
6.74057
6.74057
6.74057
6.74057
6.74057
6.74057
6.74057
6.74057
6.74057
6.74057
6.74057
6.74057
6.74057
6.74057
6.74057
6.74057
6.74057
6.74057
6.74057
6.74057
6.74057
6.74057
6.74057
6.74057
6.74057
6.74057
6.74057
6.74057
6.74057
6.74057
6.74057
6.74057
6.74057
6.74057
6.74031
6.74031
6.74031
6.74031
6.74031
6.74031
6.74031
6.74031
6.74031
6.74031
6.74031
6.74031
6.74031
6.74031
6.74031
6.74031
6.74031
6.24564
6.24564
6.24564
6.24564
6.24564
6.24564
6.24564
6.24564
6.24564
6.24564
6.24564
6.24564
6.24564
6.24564
6.24564
6.24564
6.24564
6.24564
6.24564
6.24564
6.24564
6.24564
6.24564
6.24564
6.24564
6.24564
6.24564
6.24564
6.24564
6.24564
6.24564
6.24564
6.24564
6.24564
6.24564
6.24564
6.24564
6.24564
6.24564
6.24564
6.24564
6.24564
6.24564
6.24564
6.24564
6.24564
6.24564
6.24564
6.24564
6.24564
6.24564
6.24564
6.24564
6.24564
6.24564
6.24564
6.24564
6.24564
6.24564
6.24564
6.24564
6.24564
6.24564
6.24564
6.24564
6.24564
6.24564
6.24564
6.24564
6.24564
6.24564
6.24564
6.24564
6.24564
6.24564
6.24564
6.24564
6.24564
6.24564
6.24564
6.24564
6.24564
6.24564
6.24564
6.24564
6.24564
6.24564
6.24564
6.24564
6.24564
6.24564
6.24564
6.24564
6.24564
6.24564
6.24564
6.24564
6.24564
6.24564
6.24564
6.24564
6.24564
6.24564
6.24564
6.24564
6.24564
6.24564
6.24564
6.24564
6.24564
6.24564
6.24564
6.24564
6.24564
6.24564
6.24564
6.24564
6.24564
6.24564
6.24564
6.24564
6.24564
6.24564
6.24564
6.24564
6.24564
6.24564
6.24564
6.24564
6.24564
6.24564
6.24564
6.24564
6.24564
6.24564
6.24564
6.24564
6.24564
6.24564
6.24564
6.24564
6.24564
6.24564
6.24564
6.24564
6.24564
6.24564
6.24564
6.24564
6.24564
6.24564
6.24564
6.24564
6.24564
6.24564
6.24564
6.24564
6.24564
6.24564
6.24564
6.24564
6.24564
6.24564
6.24564
6.24564
6.24564
6.24564
6.24564
6.24564
6.24564
6.24564
6.24564
6.24564
6.24564
6.24564
6.24564
6.24564
6.24564
6.24564
6.24564
6.24564
6.24564
6.24564
6.24564
6.24564
6.24564
6.24564
6.24564
6.24564
6.24564
6.24564
6.24564
6.24564
6.24564
6.24564
6.24564
6.24564
6.24564
6.24564
6.24564
6.24564
6.24564
6.24564
6.24564
6.24564
6.24564
6.24564
6.24564
6.24564
6.24564
6.24564
6.24564
6.24564
6.24564
6.24564
6.24564
6.24564
6.24564
6.24564
6.24564
6.24564
6.24564
6.24564
6.24564
6.24564
6.24564
6.24564
6.24564
6.24564
6.24564
6.24564
6.24564
6.24564
6.24564
6.24564
6.24564
6.24564
6.24564
6.24564
6.24564
6.24564
6.24564
6.24564
6.24564
6.24564
6.24564
6.24564
6.24564
6.24564
6.24564
6.24564
6.24564
6.24564
6.24564
6.24564
6.24564
6.24564
6.24564
6.24564
6.24564
6.24564
6.24564
6.24564
6.24564
6.24564
6.24564
6.24564
6.24564
6.24564
6.24564
6.24564
6.24564
6.24564
6.24564
6.24564
6.24564
6.24564
6.24564
6.24564
6.24564
6.24564
6.24564
6.24564
6.24564
6.24564
6.24564
6.24564
6.24564
6.24564
6.24564
6.24564
6.24564
6.24564
6.24564
6.24564
6.24564
6.24564
6.24564
6.24564
6.24564
6.24564
6.24564
6.24564
6.24564
6.24564
6.24564
6.24564
6.24564
6.24564
6.24564
6.24564
6.24564
6.24564
6.24564
6.24564
6.24564
