14.4156
13.8213
13.1695
12.7922
11.7501
11.7501
11.5702
11.4287
11.0308
10.8704
10.7472
10.1467
10.052
10.052
10.052
10.0247
10.0247
9.84884
9.84884
9.83851
9.80913
9.27671
9.27671
9.04892
9.04892
9.04892
9.04892
9.04892
8.85752
8.21929
8.21929
7.9739
7.87595
7.85206
7.85206
7.69552
7.4223
7.4223
7.4223
7.4223
7.4223
7.29007
7.06684
7.06684
7.03451
7.03451
6.84976
6.81744
6.81744
6.73239
6.81744
6.70188
6.70188
6.70188
6.70188
6.55325
6.55325
6.55325
6.39643
6.39643
6.21737
6.21737
6.17726
6.17726
6.17726
6.17726
6.17726
6.17726
6.11583
6.11583
6.02142
6.02142
6.02142
6.02142
6.02142
6.02142
6.02142
6.02142
6.02142
6.02142
5.79927
5.79927
5.78839
5.78839
5.78839
5.78839
5.78839
5.78839
5.78839
5.78839
5.78839
5.78839
5.78839
5.78839
5.76063
5.74423
5.74423
5.73712
5.73712
5.73712
5.63368
5.61898
5.61898
5.61898
5.61898
5.61898
5.61898
5.61898
5.61898
5.61898
5.60374
5.60374
5.60374
5.60374
5.60374
5.60374
5.60374
5.60374
5.60374
5.60374
5.60374
5.60374
5.60374
5.60374
5.60374
5.60374
5.60374
5.33695
5.33695
5.31484
5.31484
5.31484
5.31484
5.28054
5.28054
5.28054
5.28054
5.28054
5.28054
5.28054
5.28054
5.28054
5.28054
5.28054
5.28054
5.28054
5.28054
5.28054
5.28054
5.28054
5.28054
5.01974
5.01974
5.01974
5.01974
5.01974
5.01974
5.01974
5.01974
5.01974
5.01974
5.01974
5.01974
5.01974
5.01974
4.97962
4.97962
4.97962
4.97962
4.97962
4.97962
4.97962
4.97962
4.97962
4.97962
4.97962
4.97962
4.97962
4.97962
4.97962
4.97962
4.97962
4.97962
4.97962
4.97962
4.97962
4.97962
4.97962
4.97962
4.97962
4.97962
4.97962
4.97962
4.97962
4.97962
4.97962
4.97962
4.97962
4.97962
4.97962
4.97962
4.8565
4.8565
4.8565
4.8565
4.8565
4.8565
4.8565
4.8565
4.8565
4.8565
4.8565
4.8565
4.8565
4.8565
4.8565
4.8565
4.8565
4.8565
4.8565
4.8565
4.8565
4.8565
4.8565
4.8565
4.8565
4.8565
4.8565
4.8565
4.8565
4.8565
4.8565
4.8565
4.8565
4.8565
4.8565
4.8565
4.8565
4.8565
4.8565
4.8565
4.8565
4.8565
4.8565
4.8565
4.8565
4.8565
4.8565
4.8565
4.8565
4.8565
4.78289
4.78289
4.78289
4.78289
4.78289
4.78289
4.78289
4.78289
4.78289
4.78289
4.78289
4.78289
4.78289
4.78289
4.78289
4.78289
4.78289
4.78289
4.78289
4.78289
4.78289
4.78289
4.78289
4.78289
4.78289
4.78289
4.78289
4.78289
4.78289
4.78289
4.78289
4.78289
4.78289
4.78289
4.78289
4.78289
4.78289
4.78289
4.78289
4.78289
4.78289
4.69884
4.69884
4.69884
4.69884
4.69884
4.69884
4.69884
4.69884
4.69884
4.69884
4.69884
4.69884
4.69884
4.69884
4.69884
4.69884
4.69884
4.69884
4.69884
4.69884
4.69884
4.69884
4.69884
4.69884
4.69884
4.69884
4.69884
4.69884
4.69884
4.69884
4.69884
4.69884
4.69884
4.69884
4.69884
4.69884
4.69884
4.69884
4.69884
4.69884
4.69884
4.69884
4.69884
4.69884
4.69884
4.69884
4.69884
4.69884
4.69884
4.69884
4.69884
4.69884
4.69884
4.69884
4.69884
4.69884
4.69884
4.69884
4.69884
4.69884
4.69884
4.69884
4.69884
4.69884
4.69884
4.69884
4.69884
4.69884
4.69884
4.69884
4.69884
4.69884
4.69884
4.69884
4.69884
4.69884
4.69884
4.69884
4.69884
4.69884
4.69884
4.69884
4.69884
4.69884
4.69884
4.69884
4.69884
4.69884
4.69884
4.69884
4.69884
4.69884
4.69884
4.69884
4.69884
4.69884
4.69884
4.69884
4.69884
4.69884
4.69884
4.69884
4.69884
4.69884
4.69884
4.69884
4.69884
4.69884
4.69884
4.69884
4.69884
4.69884
4.69884
4.69884
4.69884
4.69884
4.69884
4.69884
4.69884
4.69884
4.69884
4.69884
4.69884
4.69884
4.69884
4.69884
4.69884
4.69884
4.69884
4.69884
4.69884
4.69884
4.69884
4.69884
4.69884
4.69884
4.69884
4.69884
4.69884
4.69884
4.69884
4.69884
4.69884
4.69884
4.69884
4.69884
4.69884
4.69884
4.69884
4.69884
4.69884
4.69884
4.69884
4.69884
4.69884
4.69884
4.69884
4.69884
4.69884
4.69884
4.69884
4.69884
4.69884
4.69884
4.69884
4.69884
4.69884
4.69884
4.69884
4.69884
4.69884
4.69884
4.69884
4.69884
4.69884
4.69884
4.69884
4.69884
4.69884
4.69884
4.69884
4.69884
4.69884
4.69884
4.69884
4.69884
4.69884
4.69884
4.69884
4.69884
4.69884
4.69884
4.69884
4.69884
4.69884
4.69884
4.69884
4.69884
4.69884
4.69884
4.69884
4.69884
4.69884
4.69884
4.69884
4.69884
4.69884
4.69884
4.69884
4.69884
4.69884
4.69884
4.69884
4.69884
4.69884
4.69884
4.69884
4.69884
4.69884
4.69884
4.69884
4.69884
4.69884
4.69884
4.69884
4.69884
4.69884
4.69884
4.69884
4.69884
4.69884
4.69884
4.69884
4.69884
4.69884
4.69884
4.69884
4.69884
4.69884
4.69884
4.69884
4.69884
4.69884
4.69884
4.69884
4.69884
4.69884
4.69884
4.69884
4.69884
4.69884
4.69884
4.69884
4.69884
4.69884
4.69884
4.69884
4.69884
4.69884
4.69884
4.69884
4.69884
4.69884
4.69884
4.69884
4.69884
4.69884
4.69884
4.69884
4.69884
4.69884
4.69884
4.69884
4.69884
4.69884
4.69884
4.69884
4.69884
4.69884
4.69884
4.69884
4.69884
4.69884
4.69884
4.69884
4.69884
4.69884
4.69884
4.69884
4.69884
4.69884
4.69884
4.69884
4.69884
4.69884
4.69884
4.69884
4.69884
4.69884
4.69884
4.69884
4.69884
4.69884
4.69884
4.69884
4.69884
4.69884
4.69884
4.69884
4.69884
4.69884
4.69884
4.69884
4.69884
4.69884
4.69884
4.69884
4.69884
4.69884
4.69884
4.69884
4.69884
4.69884
4.69884
4.69884
4.69884
4.69884
4.69884
4.69884
4.69884
4.69884
4.69884
4.69884
4.69884
4.69884
4.69884
4.69884
4.69884
4.69884
4.69884
4.69884
4.69884
4.69884
4.69884
4.69884
4.69884
4.69884
4.69884
4.69884
4.69884
4.69884
4.69884
4.69884
4.69884
4.69884
4.69884
4.69884
4.69884
4.69884
4.69884
4.69884
4.69884
4.69884
4.69884
4.69884
4.69884
4.69884
4.69884
4.69884
4.69884
4.69884
4.69884
4.69884
4.69884
4.69884
4.69884
4.69884
4.69884
4.69884
4.69884
4.69884
4.69884
4.69884
4.69884
4.69884
4.69884
4.69884
4.69884
4.69884
4.69884
4.69884
4.69884
4.69884
4.69884
4.69884
4.69884
4.69884
4.69884
4.69884
4.69884
4.69884
4.69884
4.69884
4.69884
4.69884
4.69884
4.69884
4.69884
4.69884
4.69884
4.69884
4.69884
4.69884
4.69884
4.69884
4.69884
4.69884
4.69884
4.69884
4.69884
4.69884
4.69884
4.69884
4.69884
4.69884
4.69884
4.69884
4.69884
4.69884
4.69884
4.69884
4.69884
4.69884
4.69884
4.69884
4.69884
4.69884
4.69884
4.69884
4.69884
4.69884
4.69884
4.69884
4.69884
4.69884
4.69884
4.69884
4.69884
4.69884
4.69884
4.69884
4.69884
4.69884
4.69884
4.69884
4.69884
4.69884
4.69884
4.69884
4.63666
4.63666
4.63666
4.63666
4.63666
4.63666
4.63666
4.63666
4.63666
4.63666
4.63666
4.63666
4.63666
4.63666
4.63666
4.63666
4.63666
4.63666
4.63666
4.63666
4.63666
4.63666
4.63666
4.63666
4.63666
4.63666
4.63666
4.63666
4.63666
4.63666
4.63666
4.63666
4.63666
4.63666
4.63666
4.63666
4.63666
4.63666
4.63666
4.63666
4.63666
4.63666
4.63666
4.63666
4.63666
4.63666
4.63666
4.63666
4.63666
4.63666
4.63666
4.63666
4.63666
4.63666
4.63666
4.63666
4.63666
4.63666
4.63666
4.63666
4.63666
4.63666
4.63666
4.63666
4.63666
4.63666
4.63666
4.63666
4.63666
4.63666
4.63666
4.63666
4.63666
4.63666
4.63666
4.63666
4.63666
4.63666
4.63666
4.63666
4.63666
4.63666
4.63666
4.63666
4.63666
4.63666
4.63666
4.63666
4.63666
4.63666
4.63666
4.63666
4.63666
4.63666
4.63666
4.63666
4.63666
4.63666
4.63666
4.63666
4.63666
4.63666
4.63666
4.63666
4.63666
4.63666
4.63666
4.63666
4.63666
4.63666
4.63666
4.63666
4.63666
4.63666
4.63666
4.63666
4.63666
4.63666
4.63666
4.63666
4.63666
4.63666
4.63666
4.63666
4.63666
4.63666
4.63666
4.63666
4.63666
4.63666
4.63666
4.63666
4.63666
4.63666
4.63666
4.63666
4.63666
4.63666
4.63666
4.63666
4.63666
4.63666
4.63666
4.63666
4.63666
4.63666
4.63666
4.63666
4.63666
4.63666
4.63666
4.63666
4.63666
4.63666
4.63666
4.63666
4.63666
4.63666
4.63666
4.63666
4.63666
4.63666
4.63666
4.63666
4.63666
4.63666
4.63666
4.63666
4.63666
4.63666
4.63666
4.63666
4.63666
4.63666
4.63666
4.63666
4.63666
4.63666
4.63666
4.63666
4.63666
4.63666
4.63666
4.63666
4.63666
4.63666
4.63666
4.63666
4.63666
4.63666
4.63666
4.63666
4.63666
4.63666
4.63666
4.63666
4.63666
4.63666
4.63666
4.63666
4.63666
4.63666
4.63666
4.63666
4.63666
4.63666
4.63666
4.63666
4.63666
4.63666
4.63666
4.63666
4.63666
4.63666
4.63666
4.63666
4.63666
4.63666
4.63666
4.63666
4.63666
4.63666
4.63666
4.63666
4.63666
4.63666
4.63666
4.63666
4.63666
4.63666
4.63666
4.63666
4.63666
4.63666
4.63666
4.63666
4.63666
4.63666
4.63666
4.63666
4.63666
4.63666
4.63666
4.63666
4.63666
4.63666
4.63666
4.63666
4.63666
