13.8863
13.1649
12.2242
11.9456
11.7868
11.7868
11.5929
11.4751
10.9125
10.3918
10.3696
9.9452
9.70879
9.70879
9.67533
9.56488
9.41585
9.26669
9.26669
8.75418
8.58846
8.51503
8.51503
8.51503
8.51503
8.12648
7.95106
7.70349
7.70205
7.66248
7.66094
7.47216
7.47216
7.44407
7.44407
6.8665
6.8614
6.8614
6.8614
6.8614
6.8614
6.7476
6.7476
6.80305
6.80305
6.80305
6.80305
6.75388
6.52557
6.47639
6.12363
6.41804
6.37158
6.31323
6.29549
6.29549
6.18987
6.18987
6.13152
6.13152
6.13152
6.10009
6.07607
6.07607
6.07607
6.07607
6.07607
6.07607
6.07607
6.07607
6.07607
6.07607
6.07607
6.04715
6.04464
6.0312
6.0312
6.0312
5.82444
5.82444
5.82444
5.82444
5.7969
5.66126
5.66126
5.66126
5.63372
5.63372
5.63372
5.63372
5.55798
5.55798
5.55798
5.55798
5.12702
5.12702
5.12702
5.12702
5.12702
5.12702
5.12702
5.12702
5.12702
5.12702
5.0869
5.0869
5.0869
5.0869
5.0869
5.0869
5.0869
5.0869
5.0869
5.0869
5.0869
5.0869
5.0869
5.0869
5.0869
5.0869
5.0869
5.0869
5.0869
5.0869
5.0869
5.0869
4.92646
4.8565
4.8565
4.8565
4.8565
4.8565
4.8565
4.8565
4.8565
4.8565
4.8565
4.8565
4.8565
4.8565
4.8565
4.8565
4.8565
4.8565
4.8565
4.8565
4.8565
4.8565
4.8565
4.8565
4.8565
4.8565
4.8565
4.8565
4.8565
4.8565
4.8565
4.8565
4.8565
4.8565
4.8565
4.8565
4.8565
4.8565
4.8565
4.8565
4.8565
4.8565
4.8565
4.8565
4.8565
4.8565
4.8565
4.8565
4.8565
4.8565
4.8565
4.8565
4.8565
4.8565
4.8565
4.8565
4.8565
4.8565
4.8565
4.8565
4.8565
4.8565
4.8565
4.8565
4.8565
4.8565
4.8565
4.8565
4.8565
4.8565
4.8565
4.8565
4.8565
4.8565
4.8565
4.8565
4.8565
4.8565
4.8565
4.8565
4.8565
4.8565
4.8565
4.8565
4.8565
4.8565
4.8565
4.8565
4.8565
4.8565
4.8565
4.8565
4.8565
4.8565
4.8565
4.8565
4.8565
4.8565
4.8565
4.8565
4.8565
4.8565
4.8565
4.8565
4.8565
4.8565
4.8565
4.8565
4.8565
4.8565
4.8565
4.8565
4.8565
4.8565
4.8565
4.8565
4.84504
4.84504
4.84504
4.84504
4.84504
4.84504
4.78289
4.78289
4.78289
4.78289
4.78289
4.78289
4.78289
4.78289
4.78289
4.78289
4.78289
4.78289
4.78289
4.78289
4.78289
4.78289
4.78289
4.78289
4.78289
4.78289
4.78289
4.78289
4.78289
4.78289
4.78289
4.78289
4.78289
4.78289
4.78289
4.78289
4.78289
4.7777
4.7777
4.7777
4.7777
4.7777
4.7777
4.7777
4.7777
4.7777
4.7777
4.7777
4.7777
4.7777
4.7777
4.7777
4.7777
4.7777
4.7777
4.7777
4.7777
4.7777
4.7777
4.69884
4.69884
4.69884
4.69884
4.69884
4.69884
4.69884
4.69884
4.69884
4.69884
4.69884
4.69884
4.69884
4.69884
4.69884
4.69884
4.69884
4.69884
4.69884
4.69884
4.69884
4.69884
4.69884
4.69884
4.69884
4.69884
4.69884
4.69884
4.69884
4.69884
4.69884
4.69884
4.69884
4.69884
4.69884
4.69884
4.69884
4.69884
4.69884
4.69884
4.69884
4.69884
4.69884
4.69884
4.69884
4.69884
4.69884
4.69884
4.69884
4.69884
4.69884
4.69884
4.69884
4.69884
4.69884
4.69884
4.69884
4.69884
4.69884
4.69884
4.69884
4.69884
4.69884
4.69884
4.69884
4.69884
4.69884
4.69884
4.69884
4.69884
4.69884
4.69884
4.69884
4.69884
4.69884
4.69884
4.69884
4.69884
4.69884
4.69884
4.69884
4.69884
4.69884
4.69884
4.69884
4.69884
4.69884
4.69884
4.69884
4.69884
4.69884
4.69884
4.69884
4.69884
4.69884
4.69884
4.69884
4.69884
4.69884
4.69884
4.69884
4.69884
4.69884
4.69884
4.69884
4.69884
4.69884
4.69884
4.69884
4.69884
4.69884
4.69884
4.69884
4.69884
4.69884
4.69884
4.69884
4.69884
4.69884
4.69884
4.69884
4.69884
4.69884
4.69884
4.69884
4.69884
4.69884
4.69884
4.69884
4.69884
4.69884
4.69884
4.69884
4.69884
4.69884
4.69884
4.69884
4.69884
4.69884
4.69884
4.69884
4.69884
4.69884
4.69884
4.69884
4.69884
4.69884
4.69884
4.69884
4.69884
4.69884
4.69884
4.69884
4.69884
4.69884
4.69884
4.69884
4.69884
4.69884
4.69884
4.69884
4.69884
4.69884
4.69884
4.69884
4.69884
4.69884
4.69884
4.69884
4.69884
4.69884
4.69884
4.69884
4.69884
4.69884
4.69884
4.69884
4.69884
4.69884
4.69884
4.69884
4.69884
4.69884
4.69884
4.69884
4.69884
4.69884
4.69884
4.69884
4.69884
4.69884
4.69884
4.69884
4.69884
4.69884
4.69884
4.69884
4.69884
4.69884
4.69884
4.69884
4.69884
4.69884
4.69884
4.69884
4.69884
4.69884
4.69884
4.69884
4.69884
4.69884
4.69884
4.69884
4.69884
4.69884
4.69884
4.69884
4.69884
4.69884
4.69884
4.69884
4.69884
4.69884
4.69884
4.69884
4.69884
4.69884
4.69884
4.69884
4.69884
4.69884
4.69884
4.69884
4.69884
4.69884
4.69884
4.69884
4.69884
4.69884
4.69884
4.69884
4.69884
4.69884
4.69884
4.69884
4.69884
4.69884
4.69884
4.69884
4.69884
4.69884
4.69884
4.69884
4.69884
4.69884
4.69884
4.69884
4.69884
4.69884
4.69884
4.69884
4.69884
4.69884
4.69884
4.69884
4.69884
4.69884
4.69884
4.69884
4.69884
4.69884
4.69884
4.69884
4.69884
4.69884
4.69884
4.69884
4.69884
4.69884
4.69884
4.69884
4.69884
4.69884
4.69884
4.69884
4.69884
4.69884
4.69884
4.69884
4.69884
4.69884
4.69884
4.69884
4.69884
4.69884
4.69884
4.69884
4.69884
4.69884
4.69884
4.69884
4.69884
4.69884
4.69884
4.69884
4.69884
4.69884
4.69884
4.69884
4.69884
4.69884
4.69884
4.69884
4.69884
4.69884
4.69884
4.69884
4.69884
4.69884
4.69884
4.69884
4.69884
4.69884
4.69884
4.69884
4.69884
4.69884
4.69884
4.69884
4.69884
4.69884
4.69884
4.69884
4.69884
4.69884
4.69884
4.69884
4.69884
4.69884
4.69884
4.69884
4.69884
4.69884
4.69884
4.69884
4.69884
4.69884
4.69884
4.69884
4.69884
4.69884
4.69884
4.69884
4.69884
4.69884
4.69884
4.69884
4.69884
4.69884
4.69884
4.69884
4.69884
4.69884
4.69884
4.69884
4.69884
4.69884
4.69884
4.69884
4.69884
4.69884
4.69884
4.69884
4.69884
4.69884
4.69884
4.69884
4.69884
4.69884
4.69884
4.69884
4.69884
4.69884
4.69884
4.69884
4.69884
4.69884
4.69884
4.69884
4.69884
4.69884
4.69884
4.69884
4.69884
4.69884
4.69884
4.69884
4.69884
4.69884
4.69884
4.69884
4.69884
4.69884
4.69884
4.69884
4.69884
4.69884
4.69884
4.69884
4.69884
4.69884
4.69884
4.69884
4.69884
4.69884
4.69884
4.69884
4.69884
4.69884
4.69884
4.69884
4.69884
4.69884
4.69884
4.69884
4.69884
4.69884
4.69884
4.69884
4.69884
4.69884
4.69884
4.69884
4.69884
4.69884
4.69884
4.69884
4.69884
4.69884
4.69884
4.69884
4.69884
4.69884
4.69884
4.69884
4.69884
4.69884
4.69884
4.69884
4.69884
4.69884
4.69884
4.69884
4.69884
4.69884
4.69884
4.69884
4.69884
4.69884
4.69884
4.69884
4.69884
4.69884
4.69884
4.69884
4.69884
4.69884
4.69884
4.69884
4.69884
4.69884
4.69884
4.69884
4.69884
4.69884
4.69884
4.69884
4.69884
4.69884
4.69884
4.69884
4.69884
4.69884
4.69884
4.69884
4.69884
4.69884
4.69884
4.69884
4.69884
4.69884
4.69884
4.69884
4.69884
4.69884
4.69884
4.69884
4.69884
4.69884
4.69884
4.63666
4.63666
4.63666
4.63666
4.63666
4.63666
4.63666
4.63666
4.63666
4.63666
4.63666
4.63666
4.63666
4.63666
4.63666
4.63666
4.63666
4.63666
4.63666
4.63666
4.63666
4.63666
4.63666
4.63666
4.63666
4.63666
4.63666
4.63666
4.63666
4.63666
4.63666
4.63666
4.63666
4.63666
4.63666
4.63666
4.63666
4.63666
4.63666
4.63666
4.63666
4.63666
4.63666
4.63666
4.63666
4.63666
4.63666
4.63666
4.63666
4.63666
4.63666
4.63666
4.63666
4.63666
4.63666
4.63666
4.63666
4.63666
4.63666
4.63666
4.63666
4.63666
4.63666
4.63666
4.63666
4.63666
4.63666
4.63666
4.63666
4.63666
4.63666
4.63666
4.63666
4.63666
4.63666
4.63666
4.63666
4.63666
4.63666
4.63666
4.63666
4.63666
4.63666
4.63666
4.63666
4.63666
4.63666
4.63666
4.63666
4.63666
4.63666
4.63666
4.63666
4.63666
4.63666
4.63666
4.63666
4.63666
4.63666
4.63666
4.63666
4.63666
4.63666
4.63666
4.63666
4.63666
4.63666
4.63666
4.63666
4.63666
4.63666
4.63666
4.63666
4.63666
4.63666
4.63666
4.63666
4.63666
4.63666
4.63666
4.63666
4.63666
4.63666
4.63666
4.63666
4.63666
4.63666
4.63666
4.63666
4.63666
4.63666
4.63666
4.63666
4.63666
4.63666
4.63666
4.63666
4.63666
4.63666
4.63666
4.63666
4.63666
4.63666
4.63666
4.63666
4.63666
4.63666
4.63666
4.63666
4.63666
4.63666
4.63666
4.63666
4.63666
4.63666
4.63666
4.63666
4.63666
4.63666
4.63666
4.63666
4.63666
4.63666
4.63666
4.63666
4.63666
4.63666
4.63666
4.63666
4.63666
4.63666
4.63666
4.63666
4.63666
4.63666
4.63666
4.63666
4.63666
4.63666
4.63666
4.63666
4.63666
4.63666
4.63666
4.63666
4.63666
4.63666
4.63666
4.63666
4.63666
4.63666
4.63666
4.63666
4.63666
4.63666
4.63666
4.63666
4.63666
4.63666
