31.4729
28.365
28.1219
26.9636
25.6214
25.6214
25.0998
24.2754
23.104
23.104
22.9857
22.9682
22.4248
22.4248
21.3411
21.0164
21.0164
20.0915
20.0915
18.3968
18.0988
18.0575
16.6875
16.4372
14.6274
14.6274
14.6274
14.4029
14.4029
14.3027
14.244
14.244
13.9586
13.8999
13.8561
13.8561
13.319
13.319
13.2533
13.2533
13.2095
12.7763
12.7763
12.7763
12.1678
12.7763
12.7763
12.5947
11.818
11.818
11.818
9.42474
9.42474
9.41201
9.41201
9.41201
9.41201
9.3356
9.32288
9.28769
9.09119
8.95414
8.95414
8.75034
8.82155
8.82155
8.82155
8.77982
8.77982
8.76693
8.76693
8.76693
8.50233
8.50233
8.50233
8.50233
8.50233
8.50233
8.50233
8.50233
8.50233
8.50233
8.50233
8.49475
8.49475
8.49475
8.49475
8.49475
8.49475
8.49475
8.49475
8.49475
8.49475
8.49475
8.49475
8.49475
8.49475
8.49475
8.49475
8.49475
8.49475
8.49475
8.49475
8.29121
8.29121
8.29121
8.11896
8.11896
8.11896
8.11896
8.11896
8.11896
8.11896
8.11896
8.11896
8.11896
8.11896
7.11416
7.11416
7.11416
7.11416
7.11416
6.83042
6.83042
6.83042
6.83042
6.83042
6.83042
6.83042
6.83042
6.83042
6.83042
6.83042
6.83042
6.83042
6.83042
6.83042
6.83042
6.83042
6.83042
6.83042
6.83042
6.83042
6.83042
6.83042
6.83042
6.83042
6.83042
6.83042
6.83042
6.83042
6.6425
6.6425
6.6425
6.6425
6.6425
6.6425
6.6425
6.6425
6.6425
6.6425
6.6425
6.6425
6.6425
6.6425
6.6425
6.6425
6.6425
6.6425
6.6425
6.6425
6.6425
6.6425
6.6425
6.38601
6.38601
6.6425
6.6425
6.6425
6.6425
6.6425
6.6425
6.6425
6.50971
6.50971
6.50971
6.50971
6.50971
6.50971
6.50971
6.50971
6.50971
6.50971
6.50971
6.50971
6.50971
6.50971
6.50971
6.50971
6.50971
6.50971
6.24564
6.24564
6.24564
6.24564
6.24564
6.24564
6.24564
6.24564
6.24564
6.24564
6.24564
6.24564
6.24564
6.24564
6.24564
6.24564
6.24564
6.24564
6.24564
6.24564
6.24564
6.24564
6.24564
6.24564
6.24564
6.24564
6.24564
6.24564
6.24564
6.24564
6.24564
6.24564
6.24564
6.24564
6.24564
6.24564
6.24564
6.24564
6.24564
6.24564
6.24564
6.24564
6.24564
6.24564
6.24564
6.24564
6.24564
6.24564
6.24564
6.24564
6.24564
6.24564
6.24564
6.24564
6.24564
6.24564
6.24564
6.24564
6.24564
6.24564
6.24564
6.24564
6.24564
6.24564
6.24564
6.24564
6.24564
6.24564
6.24564
6.24564
6.24564
6.24564
6.24564
6.24564
6.24564
6.24564
6.24564
6.24564
6.24564
6.24564
6.24564
6.24564
6.24564
6.24564
6.24564
6.24564
6.24564
6.24564
6.24564
6.24564
6.24564
6.24564
6.24564
6.24564
6.24564
6.24564
6.24564
6.24564
6.24564
6.24564
6.24564
6.24564
6.24564
6.24564
6.24564
6.24564
6.24564
6.24564
6.24564
6.24564
6.24564
6.24564
6.24564
6.24564
6.24564
6.24564
6.24564
6.24564
6.24564
6.24564
6.24564
6.24564
6.24564
6.24564
6.24564
6.24564
6.24564
6.24564
6.24564
6.24564
6.24564
6.24564
6.24564
6.24564
6.24564
6.24564
6.24564
6.24564
6.24564
6.24564
6.24564
6.24564
6.24564
6.24564
6.24564
6.24564
6.24564
6.24564
6.24564
6.24564
6.24564
6.24564
6.24564
6.24564
6.24564
6.24564
6.24564
6.24564
6.24564
6.24564
6.24564
6.24564
6.24564
6.24564
6.24564
6.24564
6.24564
6.24564
6.24564
6.24564
6.24564
6.24564
6.24564
6.24564
6.24564
6.24564
6.24564
6.24564
6.24564
6.24564
6.24564
6.24564
6.24564
6.24564
6.24564
6.24564
6.24564
6.24564
6.24564
6.24564
6.24564
6.24564
6.24564
6.24564
6.24564
6.24564
6.24564
6.24564
6.24564
6.24564
6.24564
6.24564
6.24564
6.24564
6.24564
6.24564
6.24564
6.24564
6.24564
6.24564
6.24564
6.24564
6.24564
6.24564
6.24564
6.24564
6.24564
6.24564
6.24564
6.24564
6.24564
6.24564
6.24564
6.24564
6.24564
6.24564
6.24564
6.24564
6.24564
6.24564
6.24564
6.24564
6.24564
6.24564
6.24564
6.24564
6.24564
6.24564
6.24564
6.24564
6.24564
6.24564
6.24564
6.24564
6.24564
6.24564
6.24564
6.24564
6.24564
6.24564
6.24564
6.24564
6.24564
6.24564
6.24564
6.24564
6.24564
6.24564
6.24564
6.24564
6.24564
6.24564
6.24564
6.24564
6.24564
6.24564
6.24564
6.24564
6.24564
6.24564
6.24564
6.24564
6.24564
6.24564
6.24564
6.24564
6.24564
6.24564
6.24564
6.24564
6.24564
6.24564
6.24564
6.24564
6.24564
6.24564
6.24564
6.24564
6.24564
6.24564
6.24564
6.24564
6.24564
6.24564
6.24564
6.24564
6.24564
6.24564
6.24564
