13.2612
13.1411
13.0883
12.1432
12.1432
11.857
11.5448
11.32
10.8738
10.5432
10.8738
10.587
10.5486
10.5324
10.5324
10.3642
10.3642
9.83716
9.83716
9.65917
9.64105
8.64076
8.64076
8.64076
8.61992
8.43546
8.43546
8.0231
7.74863
7.74863
7.74863
7.5619
7.5619
7.41743
6.99827
6.99827
6.8895
6.8895
6.75209
6.75209
6.75209
6.56688
6.56688
6.56688
6.56688
6.49631
6.44806
6.44806
6.44806
6.44806
6.44806
6.12363
6.12363
6.09587
6.09587
6.09587
6.09587
6.09587
6.09587
6.09587
6.09587
6.09587
6.07167
6.07167
6.07167
6.07167
6.07167
6.07167
6.07167
6.07167
5.76688
5.76688
5.76688
5.76688
5.76688
5.76688
5.76688
5.76688
5.76688
5.76688
5.76688
5.76688
5.76599
5.67131
5.73812
5.73812
5.41689
5.41689
5.41689
5.41689
5.41689
5.34086
5.34086
5.34086
5.34086
5.34086
5.31704
5.31704
5.26159
5.26159
5.26159
5.30383
5.30383
5.30383
5.30383
5.30383
5.30383
5.14403
5.14403
5.14403
5.14403
5.14403
5.14403
5.10585
5.10585
5.10585
5.10585
5.10585
5.10585
5.10585
5.10585
5.0504
5.0504
5.0504
5.0504
5.0504
5.0504
5.0504
5.0504
5.0504
5.0504
5.0504
5.0504
5.0504
5.0504
5.0504
5.0504
5.0504
5.0504
5.0504
5.0504
5.0504
5.0504
5.0504
5.0504
5.0504
5.01974
5.01974
5.01974
5.01974
5.01974
4.8565
4.8565
4.8565
4.8565
4.8565
4.8565
4.8565
4.8565
4.8565
4.8565
4.8565
4.8565
4.8565
4.8565
4.8565
4.8565
4.8565
4.8565
4.8565
4.8565
4.8565
4.8565
4.8565
4.8565
4.8565
4.8565
4.8565
4.8565
4.8565
4.8565
4.8565
4.8565
4.8565
4.8565
4.8565
4.8565
4.8565
4.8565
4.8565
4.8565
4.8565
4.8565
4.8565
4.8565
4.8565
4.8565
4.8565
4.8565
4.8565
4.8565
4.8565
4.8565
4.8565
4.8565
4.8565
4.8565
4.8565
4.8565
4.8565
4.8565
4.8565
4.8565
4.8565
4.8565
4.8565
4.8565
4.8565
4.8565
4.8565
4.8565
4.78289
4.78289
4.78289
4.78289
4.7777
4.7777
4.7777
4.7777
4.7777
4.7777
4.7777
4.7777
4.7777
4.7777
4.7777
4.7777
4.7777
4.7777
4.7777
4.7777
4.7777
4.7777
4.7777
4.7777
4.7777
4.7777
4.7777
4.69884
4.69884
4.69884
4.69884
4.69884
4.69884
4.69884
4.69884
4.69884
4.69884
4.69884
4.69884
4.69884
4.69884
4.69884
4.69884
4.69884
4.69884
4.69884
4.69884
4.69884
4.69884
4.69884
4.69884
4.69884
4.69884
4.69884
4.69884
4.69884
4.69884
4.69884
4.69884
4.69884
4.69884
4.69884
4.69884
4.69884
4.69884
4.69884
4.69884
4.69884
4.69884
4.69884
4.69884
4.69884
4.69884
4.69884
4.69884
4.69884
4.69884
4.69884
4.69884
4.69884
4.69884
4.69884
4.69884
4.69884
4.69884
4.69884
4.69884
4.69884
4.69884
4.69884
4.69884
4.69884
4.69884
4.69884
4.69884
4.69884
4.69884
4.69884
4.69884
4.69884
4.69884
4.69884
4.69884
4.69884
4.69884
4.69884
4.69884
4.69884
4.69884
4.69884
4.69884
4.69884
4.69884
4.69884
4.69884
4.69884
4.69884
4.69884
4.69884
4.69884
4.69884
4.69884
4.69884
4.69884
4.69884
4.69884
4.69884
4.69884
4.69884
4.69884
4.69884
4.69884
4.69884
4.69884
4.69884
4.69884
4.69884
4.69884
4.69884
4.69884
4.69884
4.69884
4.69884
4.69884
4.69884
4.69884
4.69884
4.69884
4.69884
4.69884
4.69884
4.69884
4.69884
4.69884
4.69884
4.69884
4.69884
4.69884
4.69884
4.69884
4.69884
4.69884
4.69884
4.69884
4.69884
4.69884
4.69884
4.69884
4.69884
4.69884
4.69884
4.69884
4.69884
4.69884
4.69884
4.69884
4.69884
4.69884
4.69884
4.69884
4.69884
4.69884
4.69884
4.69884
4.69884
4.69884
4.69884
4.69884
4.69884
4.69884
4.69884
4.69884
4.69884
4.69884
4.69884
4.69884
4.69884
4.69884
4.69884
4.69884
4.69884
4.69884
4.69884
4.69884
4.69884
4.69884
4.69884
4.69884
4.69884
4.69884
4.69884
4.69884
4.69884
4.69884
4.69884
4.69884
4.69884
4.69884
4.69884
4.69884
4.69884
4.69884
4.69884
4.69884
4.69884
4.69884
4.69884
4.69884
4.69884
4.69884
4.69884
4.69884
4.69884
4.69884
4.69884
4.69884
4.69884
4.69884
4.69884
4.69884
4.69884
4.69884
4.69884
4.69884
4.69884
4.69884
4.69884
4.69884
4.69884
4.69884
4.69884
4.69884
4.69884
4.69884
4.69884
4.69884
4.69884
4.69884
4.69884
4.69884
4.69884
4.69884
4.69884
4.69884
4.69884
4.69884
4.69884
4.69884
4.69884
4.69884
4.69884
4.69884
4.69884
4.69884
4.69884
4.69884
4.69884
4.69884
4.69884
4.69884
4.69884
4.69884
4.69884
4.69884
4.69884
4.69884
4.69884
4.69884
4.69884
4.69884
4.69884
4.69884
4.69884
4.69884
4.69884
4.69884
4.69884
4.69884
4.69884
4.69884
4.69884
4.69884
4.69884
4.69884
4.69884
4.69884
4.69884
4.69884
4.69884
4.69884
4.69884
4.69884
4.69884
4.69884
4.69884
4.69884
4.69884
4.69884
4.69884
4.69884
4.69884
4.69884
4.69884
4.69884
4.69884
4.69884
4.69884
4.69884
4.69884
4.69884
4.69884
4.69884
4.69884
4.69884
4.69884
4.69884
4.69884
4.69884
4.69884
4.69884
4.69884
4.69884
4.69884
4.69884
4.69884
4.69884
4.69884
4.69884
4.69884
4.69884
4.69884
4.69884
4.69884
4.69884
4.69884
4.69884
4.69884
4.69884
4.69884
4.69884
4.69884
4.69884
4.69884
4.69884
4.69884
4.69884
4.69884
4.69884
4.69884
4.69884
4.69884
4.69884
4.69884
4.69884
4.69884
4.69884
4.69884
4.69884
4.69884
4.69884
4.69884
4.69884
4.69884
4.69884
4.69884
4.69884
4.69884
4.69884
4.69884
4.69884
4.69884
4.69884
4.69884
4.69884
4.69884
4.69884
4.69884
4.69884
4.69884
4.69884
4.69884
4.69884
4.69884
4.69884
4.69884
4.69884
4.69884
4.69884
4.69884
4.69884
4.69884
4.69884
4.69884
4.69884
4.69884
4.69884
4.69884
4.69884
4.69884
4.69884
4.69884
4.69884
4.69884
4.69884
4.69884
4.69884
4.69884
4.69884
4.69884
4.69884
4.69884
4.69884
4.69884
4.69884
4.69884
4.69884
4.69884
4.69884
4.69884
4.69884
4.69884
4.69884
4.69884
4.69884
4.69884
4.69884
4.69884
4.69884
4.69884
4.69884
4.69884
4.69884
4.69884
4.69884
4.69884
4.69884
4.69884
4.69884
4.69884
4.69884
4.69884
4.69884
4.69884
4.69884
4.69884
4.69884
4.69884
4.69884
4.69884
4.69884
4.69884
4.69884
4.69884
4.69884
4.69884
4.69884
4.69884
4.69884
4.63666
4.63666
4.63666
4.63666
4.63666
4.63666
4.63666
4.63666
4.63666
4.63666
4.63666
4.63666
4.63666
4.63666
4.63666
4.63666
4.63666
4.63666
4.63666
4.63666
4.63666
4.63666
4.63666
4.63666
4.63666
4.63666
4.63666
4.63666
4.63666
4.63666
4.63666
4.63666
4.63666
4.63666
4.63666
4.63666
4.63666
4.63666
4.63666
4.63666
4.63666
4.63666
4.63666
4.63666
4.63666
4.63666
4.63666
4.63666
4.63666
4.63666
4.63666
4.63666
4.63666
4.63666
4.63666
4.63666
4.63666
4.63666
4.63666
4.63666
4.63666
4.63666
4.63666
4.63666
4.63666
4.63666
4.63666
4.63666
4.63666
4.63666
4.63666
4.63666
4.63666
4.63666
4.63666
4.63666
4.63666
4.63666
4.63666
4.63666
4.63666
4.63666
4.63666
4.63666
4.63666
4.63666
4.63666
4.63666
4.63666
4.63666
4.63666
4.63666
4.63666
4.63666
4.63666
4.63666
4.63666
4.63666
4.63666
4.63666
4.63666
4.63666
4.63666
4.63666
4.63666
4.63666
4.63666
4.63666
4.63666
4.63666
4.63666
4.63666
4.63666
4.63666
4.63666
4.63666
4.63666
4.63666
4.63666
4.63666
4.63666
4.63666
4.63666
4.63666
4.63666
4.63666
4.63666
4.63666
4.63666
4.63666
4.63666
4.63666
4.63666
4.63666
4.63666
4.63666
4.63666
4.63666
4.63666
4.63666
4.63666
4.63666
4.63666
4.63666
4.63666
4.63666
4.63666
4.63666
4.63666
4.63666
4.63666
4.63666
4.63666
4.63666
4.63666
4.63666
4.63666
4.63666
4.63666
4.63666
4.63666
4.63666
4.63666
4.63666
4.63666
4.63666
4.63666
4.63666
4.63666
4.63666
4.63666
4.63666
4.63666
4.63666
4.63666
4.63666
4.63666
4.63666
4.63666
4.63666
4.63666
4.63666
4.63666
4.63666
4.63666
4.63666
4.63666
4.63666
4.63666
4.63666
4.63666
4.63666
4.63666
4.63666
4.63666
4.63666
4.63666
4.63666
4.63666
4.63666
4.63666
4.63666
4.63666
4.63666
4.63666
4.63666
4.63666
4.63666
4.63666
4.63666
4.63666
4.63666
4.63666
4.63666
4.63666
4.63666
4.63666
4.63666
4.63666
4.63666
4.63666
4.63666
4.63666
4.63666
4.63666
4.63666
4.63666
4.63666
4.63666
4.63666
4.63666
4.63666
4.63666
4.63666
4.63666
4.63666
4.63666
4.63666
4.63666
4.63666
4.63666
4.63666
4.63666
4.63666
4.63666
4.63666
4.63666
4.63666
4.63666
4.63666
4.63666
4.63666
4.63666
4.63666
4.63666
4.63666
4.63666
4.63666
4.63666
4.63666
4.63666
4.63666
4.63666
4.63666
4.63666
4.63666
4.63666
4.63666
4.63666
4.63666
4.63666
4.63666
4.63666
4.63666
4.63666
4.63666
4.63666
4.63666
4.63666
4.63666
4.63666
4.63666
4.63666
4.63666
4.63666
4.63666
4.63666
4.63666
4.63666
4.63666
4.63666
4.63666
4.63666
4.63666
4.63666
4.63666
4.63666
4.63666
4.63666
4.63666
4.63666
