30.8843
26.7408
26.2784
24.8402
24.4631
24.1054
21.1979
21.1979
21.1979
20.9607
20.9607
20.5553
20.0025
19.9209
19.63
18.5963
18.5963
18.3206
17.9234
17.6016
17.6016
17.5725
17.5725
16.6695
14.3145
14.0946
14.0946
14.0946
13.5792
13.5792
13.0379
13.0379
13.0379
13.0379
13.0379
13.0379
13.0379
13.0379
13.0379
13.0379
12.297
12.297
11.2593
10.8463
10.8463
10.8463
10.8463
10.4367
10.4367
9.48978
9.42474
9.48978
9.48978
9.48978
9.48978
9.48978
9.43167
9.43167
9.36737
9.10202
9.10202
9.10202
9.10202
9.10202
9.10202
9.09445
9.09445
9.09445
9.09445
9.09445
9.09445
9.09445
9.09445
8.78137
8.78137
8.78137
8.78124
8.78124
8.78124
8.78124
8.78124
8.72512
8.72512
8.72512
8.59265
8.72512
8.72512
8.72512
8.72512
8.72512
8.61656
8.61656
8.61656
8.61656
8.61656
8.61656
8.61656
8.61656
8.61656
8.47652
8.47652
7.49367
7.49367
7.49367
7.49367
7.49367
7.49367
7.49367
7.49367
7.49367
7.49367
7.49367
7.49367
7.30534
7.30534
7.30534
7.30534
7.30534
7.08818
7.08818
7.08818
6.82498
6.82498
6.82498
6.82498
6.82498
6.82498
6.82498
6.82498
6.82498
6.82498
6.82498
6.82498
6.82498
6.82498
6.82498
6.82498
6.82498
6.82498
6.82498
6.82498
6.82498
6.82498
6.82498
6.82498
6.82498
6.6425
6.6425
6.6425
6.6425
6.6425
6.30113
6.30113
6.30113
6.30113
6.30113
6.30113
6.30113
6.30113
6.30113
6.30113
6.30113
6.30113
6.30113
6.30113
6.30113
6.30113
6.25322
6.25322
6.25322
6.25322
6.25322
6.24564
6.24564
6.24564
6.24564
6.24564
6.24564
6.24564
6.24564
6.24564
6.24564
6.24564
6.24564
6.24564
6.24564
6.24564
6.24564
6.24564
6.24564
6.24564
6.24564
6.24564
6.24564
6.24564
6.24564
6.24564
6.24564
6.24564
6.24564
6.24564
6.24564
6.24564
6.24564
6.24564
6.24564
6.24564
6.24564
6.24564
6.24564
6.24564
6.24564
6.24564
6.24564
6.24564
6.24564
6.24564
6.24564
6.24564
6.24564
6.24564
6.24564
6.24564
6.24564
6.24564
6.24564
6.24564
6.24564
6.24564
6.24564
6.24564
6.24564
6.24564
6.24564
6.24564
6.24564
6.24564
6.24564
6.24564
6.24564
6.24564
6.24564
6.24564
6.24564
6.24564
6.24564
6.24564
6.24564
6.24564
6.24564
6.24564
6.24564
6.24564
6.24564
6.24564
6.24564
6.24564
6.24564
6.24564
6.24564
6.24564
6.24564
6.24564
6.24564
6.24564
6.24564
6.24564
6.24564
6.24564
6.24564
6.24564
6.24564
6.24564
6.24564
6.24564
6.24564
6.24564
6.24564
6.24564
6.24564
6.24564
6.24564
6.24564
6.24564
6.24564
6.24564
6.24564
6.24564
6.24564
6.24564
6.24564
6.24564
6.24564
6.24564
6.24564
6.24564
6.24564
6.24564
6.24564
6.24564
6.24564
6.24564
6.24564
6.24564
6.24564
6.24564
6.24564
6.24564
6.24564
6.24564
6.24564
6.24564
6.24564
6.24564
6.24564
6.24564
6.24564
6.24564
6.24564
6.24564
6.24564
6.24564
6.24564
6.24564
6.24564
6.24564
6.24564
6.24564
6.24564
6.24564
6.24564
6.24564
6.24564
6.24564
6.24564
6.24564
6.24564
6.24564
6.24564
6.24564
6.24564
6.24564
6.24564
6.24564
6.24564
6.24564
6.24564
6.24564
6.24564
6.24564
6.24564
6.24564
6.24564
6.24564
6.24564
6.24564
6.24564
6.24564
6.24564
6.24564
6.24564
6.24564
6.24564
6.24564
6.24564
6.24564
6.24564
6.24564
6.24564
6.24564
6.24564
6.24564
6.24564
6.24564
6.24564
6.24564
6.24564
6.24564
6.24564
6.24564
6.24564
6.24564
6.24564
6.24564
6.24564
6.24564
6.24564
6.24564
6.24564
6.24564
6.24564
6.24564
6.24564
6.24564
6.24564
6.24564
6.24564
6.24564
6.24564
6.24564
6.24564
6.24564
6.24564
6.24564
6.24564
6.24564
6.24564
6.24564
6.24564
6.24564
6.24564
6.24564
6.24564
6.24564
6.24564
6.24564
6.24564
6.24564
6.24564
6.24564
6.24564
6.24564
6.24564
6.24564
6.24564
6.24564
6.24564
6.24564
6.24564
6.24564
6.24564
6.24564
6.24564
6.24564
6.24564
6.24564
6.24564
6.24564
6.24564
6.24564
6.24564
6.24564
6.24564
6.24564
6.24564
6.24564
6.24564
6.24564
6.24564
6.24564
6.24564
6.24564
6.24564
6.24564
6.24564
6.24564
6.24564
6.24564
6.24564
6.24564
6.24564
6.24564
6.24564
6.24564
6.24564
6.24564
6.24564
6.24564
6.24564
6.24564
6.24564
6.24564
6.24564
6.24564
6.24564
6.24564
6.24564
6.24564
6.24564
6.24564
6.24564
6.24564
6.24564
6.24564
6.24564
6.24564
6.24564
6.24564
6.24564
6.24564
6.24564
6.24564
6.24564
6.24564
6.24564
6.24564
6.24564
6.24564
6.24564
6.24564
