32.2487
30.5929
29.0954
28.268
27.319
24.5385
23.9827
23.9827
22.0986
20.8787
20.8787
20.8787
20.8787
20.8787
20.828
20.3814
19.0828
19.0753
18.6982
17.5157
17.5157
17.5083
16.9155
16.9155
16.914
16.914
16.914
16.914
16.914
16.4529
16.0163
15.933
15.933
15.933
15.933
15.93
15.3882
15.3882
15.0873
15.0873
15.0873
15.0873
14.3304
14.3304
14.3304
14.3304
14.3304
14.3164
14.3164
13.5655
13.5655
11.8175
11.8175
11.4981
11.4981
11.3025
10.7438
10.1932
9.93315
9.93315
9.92757
8.91019
8.91019
8.91019
8.73302
8.73302
8.73302
8.73302
8.5163
8.49786
8.01901
8.01901
8.01901
8.01901
8.01901
8.01901
8.01901
8.0004
8.0004
8.0004
7.99956
7.99956
7.99956
7.53508
7.99956
7.99956
7.99956
7.99956
7.57708
7.57708
7.57708
7.57708
7.57708
7.57708
7.49367
7.49367
7.49367
7.49367
7.49367
7.49367
7.49367
7.45278
7.45278
7.45278
7.45278
7.45278
7.45278
7.45278
7.45278
7.45278
7.45278
7.45278
7.45278
7.45278
6.69804
6.69804
6.44155
6.44155
6.44155
6.44155
7.03048
6.69804
6.44155
6.44155
6.44155
6.44155
6.48946
6.48946
6.48946
6.48946
6.44155
6.30113
6.30113
6.30113
6.30113
6.30113
6.30113
6.30113
6.30113
6.30113
6.30113
6.30113
6.30113
6.30113
6.30113
6.30113
6.30113
6.30113
6.30113
6.30113
6.30113
6.30113
6.30113
6.30113
6.30113
6.30113
6.30113
6.30113
6.30113
6.30113
6.30113
6.30113
6.30113
6.30113
6.30113
6.30113
6.30113
6.30113
6.30113
6.25322
6.25322
6.25322
6.25322
6.25322
6.25322
6.25322
6.25322
6.25322
6.25322
6.25322
6.25322
6.25322
6.25322
6.25322
6.25322
6.25322
6.25322
6.25322
6.25322
6.25322
6.25322
6.25322
6.25322
6.25322
6.25322
6.25322
6.25322
6.25322
6.25322
6.25322
6.25322
6.24564
6.24564
6.24564
6.24564
6.24564
6.24564
6.24564
6.24564
6.24564
6.24564
6.24564
6.24564
6.24564
6.24564
6.24564
6.24564
6.24564
6.24564
6.24564
6.24564
6.24564
6.24564
6.24564
6.24564
6.24564
6.24564
6.24564
6.24564
6.24564
6.24564
6.24564
6.24564
6.24564
6.24564
6.24564
6.24564
6.24564
6.24564
6.24564
6.24564
6.24564
6.24564
6.24564
6.24564
6.24564
6.24564
6.24564
6.24564
6.24564
6.24564
6.24564
6.24564
6.24564
6.24564
6.24564
6.24564
6.24564
6.24564
6.24564
6.24564
6.24564
6.24564
6.24564
6.24564
6.24564
6.24564
6.24564
6.24564
6.24564
6.24564
6.24564
6.24564
6.24564
6.24564
6.24564
6.24564
6.24564
6.24564
6.24564
6.24564
6.24564
6.24564
6.24564
6.24564
6.24564
6.24564
6.24564
6.24564
6.24564
6.24564
6.24564
6.24564
6.24564
6.24564
6.24564
6.24564
6.24564
6.24564
6.24564
6.24564
6.24564
6.24564
6.24564
6.24564
6.24564
6.24564
6.24564
6.24564
6.24564
6.24564
6.24564
6.24564
6.24564
6.24564
6.24564
6.24564
6.24564
6.24564
6.24564
6.24564
6.24564
6.24564
6.24564
6.24564
6.24564
6.24564
6.24564
6.24564
6.24564
6.24564
6.24564
6.24564
6.24564
6.24564
6.24564
6.24564
6.24564
6.24564
6.24564
6.24564
6.24564
6.24564
6.24564
6.24564
6.24564
6.24564
6.24564
6.24564
6.24564
6.24564
6.24564
6.24564
6.24564
6.24564
6.24564
6.24564
6.24564
6.24564
6.24564
6.24564
6.24564
6.24564
6.24564
6.24564
6.24564
6.24564
6.24564
6.24564
6.24564
6.24564
6.24564
6.24564
6.24564
6.24564
6.24564
6.24564
6.24564
6.24564
6.24564
6.24564
6.24564
6.24564
6.24564
6.24564
6.24564
6.24564
6.24564
6.24564
6.24564
6.24564
6.24564
6.24564
6.24564
6.24564
6.24564
6.24564
6.24564
6.24564
6.24564
6.24564
6.24564
6.24564
6.24564
6.24564
6.24564
6.24564
6.24564
6.24564
6.24564
6.24564
6.24564
6.24564
6.24564
6.24564
6.24564
6.24564
6.24564
6.24564
6.24564
6.24564
6.24564
6.24564
6.24564
6.24564
6.24564
6.24564
6.24564
6.24564
6.24564
6.24564
6.24564
6.24564
6.24564
6.24564
6.24564
6.24564
6.24564
6.24564
6.24564
6.24564
6.24564
6.24564
6.24564
6.24564
6.24564
6.24564
6.24564
6.24564
6.24564
6.24564
6.24564
6.24564
6.24564
6.24564
6.24564
6.24564
6.24564
6.24564
6.24564
6.24564
6.24564
6.24564
6.24564
6.24564
6.24564
6.24564
6.24564
6.24564
6.24564
6.24564
6.24564
6.24564
6.24564
6.24564
6.24564
6.24564
6.24564
6.24564
6.24564
6.24564
6.24564
6.24564
6.24564
6.24564
6.24564
6.24564
6.24564
6.24564
6.24564
6.24564
6.24564
6.24564
6.24564
6.24564
6.24564
6.24564
6.24564
6.24564
6.24564
